2.217164477643842702e+02 1.959996287567287965e+01 3.984155449682474170e+01
2.217470089604625798e+02 1.963041157379022650e+01 3.987207069371867618e+01
2.217662157373397633e+02 1.965221480360668593e+01 3.989302343895016634e+01
2.218852498298468277e+02 1.978004398670274000e+01 4.001649670099729406e+01
2.221716831382431110e+02 1.986204037551819468e+01 4.015444620066261194e+01
2.223527789808809700e+02 1.994956041421749404e+01 4.021226902762387567e+01
2.224425568536570381e+02 2.000235570730280443e+01 4.010309650637582024e+01
2.225460066036303033e+02 1.996476001372475295e+01 4.004563592284889495e+01
2.226508907026060058e+02 1.981691181847329020e+01 3.995104538730235788e+01
2.227053003414313253e+02 1.972317626743015140e+01 3.994130981375962364e+01
2.227295627766746691e+02 1.971687863157480436e+01 3.996422789836934442e+01
2.227135171925008876e+02 1.971608214601110376e+01 4.002352669857858558e+01
2.227198857020716503e+02 1.971830060580152022e+01 4.006409458828558456e+01
2.227128973287359202e+02 1.974476462614115135e+01 4.002469780235233543e+01
2.227436835207361980e+02 1.973043801081105286e+01 4.002623902441768422e+01
2.227560447966880588e+02 1.972126380209358842e+01 4.001577221412861718e+01
2.228046135413795525e+02 1.978662174248091787e+01 4.006240374393214410e+01
2.228455301747655710e+02 1.978987743347151707e+01 4.011974620460004104e+01
2.228356708534657855e+02 1.971882147136083319e+01 4.008197501420286812e+01
2.228218437290824170e+02 1.970970013668502219e+01 4.003627946743465316e+01
2.227979480371918157e+02 1.969018174045595515e+01 4.004820087635911818e+01
2.228532194103981965e+02 1.975308385035521397e+01 4.004695777389034816e+01
2.228261299013955465e+02 1.974238079434810089e+01 4.002950934014320694e+01
2.228186712865829406e+02 1.968678992693257612e+01 4.012050669081622800e+01
2.228352377363160315e+02 1.967828845602173615e+01 4.013570516534387878e+01
2.228304903223629196e+02 1.970395261585883873e+01 4.012804630416074048e+01
2.228328302799511675e+02 1.973681102030025869e+01 4.014796406815126772e+01
2.228048621618733023e+02 1.969279506808939217e+01 4.018901457411084266e+01
2.228158835871099939e+02 1.973555104313734176e+01 4.016526287961031016e+01
2.228032028169489536e+02 1.975823513198823278e+01 4.015436857706954044e+01
2.228478757572518987e+02 1.980846434658371891e+01 4.013692689320006224e+01
2.228484787463227121e+02 1.978717973236735261e+01 4.014150106029327958e+01
2.228277903712995283e+02 1.977388359835978093e+01 4.013949409666949464e+01
2.228043829205595614e+02 1.986204262547741450e+01 4.005499800316119519e+01
2.228169163183917192e+02 1.990681006406758868e+01 4.003428825352540343e+01
2.228546380096860844e+02 1.994917117127252126e+01 4.002327582812561246e+01
2.228741114067307478e+02 1.995495469144621836e+01 3.998618750035155500e+01
2.228808624093688309e+02 1.992620133760075518e+01 3.998787834470500258e+01
2.228282054887755237e+02 1.990958201382600024e+01 4.005736946017853484e+01
2.228228944600379009e+02 1.995124113375445063e+01 4.009787210106816957e+01
2.228252490423610936e+02 1.996498950956513951e+01 4.015865587436227457e+01
2.228568677192726000e+02 1.996004859911914053e+01 4.017655879987174927e+01
2.228498928456921817e+02 1.994217042316108035e+01 4.016432127167695398e+01
2.228614508862026753e+02 1.992147417328060754e+01 4.012532722844398592e+01
2.228745141494310360e+02 1.987736934768057395e+01 4.010505959579482749e+01
2.228345357490395600e+02 1.986481570021543419e+01 4.007969468053391182e+01
2.228443984452781876e+02 1.987672923428262806e+01 4.008269612613271704e+01
2.228678261456511223e+02 1.991988120215320990e+01 4.010838953543967023e+01
2.228640237145701803e+02 1.987503276503113270e+01 4.008213813624627875e+01
2.228426828513733255e+02 1.982548078816071424e+01 4.008573807099746489e+01
2.228441441998863866e+02 1.984980284732339229e+01 4.008999611882034486e+01
2.228579173252484793e+02 1.985856643848330094e+01 4.014374876955355376e+01
2.228872939177977344e+02 1.986244199323887116e+01 4.014247191769648992e+01
2.228718299480821941e+02 1.988341723806255956e+01 4.012387937968624385e+01
2.229179226126526316e+02 1.982497792227515987e+01 4.016442026988260494e+01
2.229401465848431485e+02 1.985103694995528301e+01 4.021555284310471734e+01
2.229413368132702544e+02 1.986216187331604743e+01 4.019022167723210259e+01
2.229368458946681528e+02 1.986928524420494924e+01 4.016566787226981461e+01
2.229532537222762869e+02 1.988227875869749894e+01 4.016813045263554471e+01
2.229794533724076189e+02 1.986839651031325005e+01 4.018155483431862507e+01
2.230046506657066914e+02 1.990755255061002060e+01 4.006514644422070148e+01
2.229860592526760570e+02 1.994833418644287093e+01 4.008557044903561462e+01
2.229925492600446546e+02 1.991734999803128403e+01 4.018089672124692413e+01
2.230162492054831489e+02 1.990614632609783996e+01 4.017151776624048409e+01
2.230421991101411265e+02 1.991137748128315010e+01 4.017816302079524604e+01
2.230181054218392376e+02 1.989262857110714933e+01 4.016433252147304955e+01
2.230136190031555543e+02 1.991076774233467006e+01 4.016546312598084256e+01
2.230328910288501163e+02 1.995976397927787716e+01 4.011409543202029226e+01
2.230279388686080040e+02 1.999180452354300996e+01 4.014915204661915737e+01
2.230200662612990072e+02 2.000725724346246182e+01 4.018021498360342036e+01
2.230397174051220190e+02 2.002189435316484989e+01 4.014742407793858803e+01
2.230437482070637429e+02 2.002891872584809363e+01 4.013911947845945605e+01
2.230582863185604765e+02 2.003338264493956089e+01 4.014736445401926801e+01
2.230510009506077722e+02 2.005963741907178033e+01 4.017888750766392292e+01
2.230586429370967778e+02 2.007851007700485368e+01 4.024492493573553986e+01
2.230645873293546515e+02 2.007010985425889160e+01 4.027504063988840244e+01
2.230537886500807190e+02 2.005994566348485009e+01 4.030303238253806342e+01
2.230563018545288969e+02 2.009709474015783570e+01 4.028067678773322058e+01
2.231073219297900323e+02 2.009980819097653892e+01 4.026791501904028081e+01
2.231331627114258538e+02 2.013962459430422669e+01 4.024018314668046514e+01
2.231516573762100677e+02 2.012118955343934346e+01 4.024743251528565935e+01
2.231571405268279591e+02 2.014386351747374704e+01 4.019668693504929990e+01
2.231495064151962140e+02 2.013852548922550767e+01 4.013102412518772866e+01
2.231029918832721251e+02 2.018274393776612641e+01 4.014662196747683964e+01
2.230976459801666181e+02 2.021876128495171088e+01 4.012581434461500152e+01
2.230689533752200759e+02 2.017698516714384382e+01 4.012434624622428458e+01
2.230915643403963315e+02 2.017813827124383508e+01 4.011297720228820651e+01
2.230598984143412338e+02 2.015176874919142236e+01 4.011803848555244656e+01
2.230592155517181254e+02 2.012304351983620165e+01 4.008427897244362725e+01
2.230728548045066759e+02 2.014894505037096195e+01 4.007021222740338118e+01
2.230932630596070396e+02 2.016482526254211649e+01 4.009548039441784795e+01
2.231070643094593891e+02 2.015889549501915212e+01 4.010361962189435303e+01
2.230922247034272630e+02 2.013755463182229732e+01 4.008845489675499607e+01
2.230566978473515292e+02 2.010362637177201250e+01 4.010632632283540033e+01
2.230660070536221440e+02 2.011361956564537223e+01 4.013611803286065793e+01
2.230617512557584803e+02 2.012238315680528444e+01 4.018121284051726860e+01
2.230610638932169252e+02 2.009506190200302456e+01 4.017214325490350291e+01
2.230726646829526203e+02 2.006668429134721876e+01 4.022296758371254555e+01
2.230118190357799790e+02 2.012071143710520360e+01 4.013964934385564476e+01
2.229659367423965364e+02 2.012924890736355366e+01 4.007466039678030967e+01
2.229474252029181969e+02 2.012954702696013598e+01 4.004788925700721336e+01
2.229523672383438111e+02 2.011196359565983016e+01 4.006259161552696924e+01
2.229920846434658301e+02 2.019141640557764816e+01 4.006013353507967878e+01
2.229891236971329818e+02 2.024314071807448556e+01 3.998562276058746789e+01
2.229673654665009224e+02 2.022397556544287767e+01 3.998814158993368295e+01
2.229550413148761550e+02 2.027158245256804747e+01 3.991340694449912974e+01
2.229446060040161797e+02 2.028468059016430303e+01 3.988847289642875182e+01
2.229936123657758742e+02 2.025288529145409200e+01 3.993839386661116464e+01
2.230285576073933669e+02 2.023699382948684189e+01 3.994816768946062524e+01
2.230742824036314289e+02 2.027626461770380573e+01 3.994668609131459647e+01
2.230939110478622638e+02 2.027188957200150909e+01 3.999368773940972233e+01
2.231153621590608793e+02 2.028811290295363534e+01 4.003472249565476915e+01
2.230983817168313692e+02 2.034287916031522059e+01 3.998309943132280608e+01
2.230715790776292238e+02 2.022626264898948634e+01 4.008937962999420535e+01
2.230258002823698860e+02 2.018492977314786074e+01 4.014235829475590833e+01
2.230117560369218381e+02 2.013674802144211284e+01 4.014115906649192311e+01
2.229981122842148409e+02 2.014744770251039085e+01 4.013265759558107959e+01
2.229903150505397207e+02 2.013783137680629665e+01 4.014877630342949999e+01
2.229665329815897223e+02 2.021434798994268078e+01 4.009659974912954539e+01
2.230015580967595099e+02 2.021434461500385282e+01 4.007926268836377659e+01
2.230117987861470112e+02 2.020054449013111508e+01 3.999354261704006319e+01
2.230550227527126026e+02 2.030515409408204519e+01 4.004110675494006699e+01
2.230570870902964771e+02 2.032659170552533823e+01 4.001969164308896865e+01
2.230358339755092061e+02 2.027934031195684739e+01 4.006826151276008119e+01
2.230475731377368902e+02 2.026380321856666455e+01 4.011837260449654252e+01
2.230541902678014026e+02 2.028280187421603031e+01 4.015846575280823316e+01
2.231018196545187493e+02 2.029875183512298875e+01 4.017140301832029081e+01
2.231113212323026573e+02 2.027263880842159693e+01 4.013192298389591883e+01
2.231262182122949014e+02 2.034254391639151649e+01 4.011963370663906403e+01
2.231482644377070699e+02 2.032667832895528903e+01 4.009875296010260115e+01
2.231833975509193806e+02 2.034406713878311024e+01 4.012348226188399991e+01
2.231968163077044096e+02 2.035504693977421553e+01 4.012024007064871967e+01
2.231999291262845873e+02 2.032593359245363729e+01 4.012641958364504546e+01
2.231938384866774356e+02 2.029865283691733069e+01 4.014831168685067553e+01
2.231472733306708847e+02 2.027438702673514115e+01 4.015406258261568695e+01
2.231528656043109322e+02 2.023136555649928781e+01 4.017052440924508261e+01
2.231630556696159999e+02 2.024703877242225047e+01 4.019469459616044560e+01
2.231730139891214435e+02 2.033108712404587592e+01 4.022945871606076906e+01
2.231342426918511990e+02 2.034861318138608866e+01 4.020332881466523389e+01
2.231281048031004559e+02 2.037270911964720810e+01 4.015846125288979351e+01
2.231455397370922640e+02 2.036245718046360409e+01 4.019412198153908378e+01
2.231316653635652756e+02 2.040916408390097914e+01 4.016808207851232737e+01
2.231795658703686058e+02 2.041465960929458134e+01 4.017426496644748113e+01
2.231896805620398254e+02 2.035660391155410309e+01 4.028717466995910712e+01
2.231750468272762475e+02 2.034796069321243550e+01 4.028638043435462635e+01
2.231715425157919128e+02 2.029249694849280772e+01 4.030477047603512375e+01
2.231650997575669066e+02 2.036812707769671604e+01 4.028064078838571049e+01
2.231812207153745362e+02 2.036265067695648057e+01 4.033893723176267088e+01
2.232432700907295953e+02 2.039931376243805516e+01 4.028526895450019651e+01
2.232472536435276993e+02 2.040866346797464459e+01 4.023991090161490547e+01
2.232333803949803439e+02 2.039697155489056613e+01 4.018271918821471189e+01
2.232274393776612840e+02 2.035941186066002473e+01 4.017278786821989200e+01
2.232127190194677837e+02 2.041700181684207038e+01 4.018625387414853378e+01
2.232075519881202013e+02 2.037228500233433337e+01 4.022490029868208694e+01
2.231032551285007912e+02 2.037400959607607120e+01 4.015796851182072658e+01
2.230548427559750451e+02 2.030525871718575104e+01 4.012829942457292987e+01
2.230127358941619207e+02 2.028343411275670505e+01 4.009876420989869672e+01
2.230336076408615043e+02 2.032719356961655066e+01 4.009587751222009189e+01
2.230239350661769322e+02 2.040919220839122161e+01 4.005970154290953644e+01
2.230123399013392884e+02 2.035921948914675994e+01 4.005671922196410151e+01
2.229813737126014530e+02 2.035241448748741533e+01 4.003987602724700423e+01
2.230248969237432561e+02 2.037842401606470943e+01 4.002490029868208410e+01
2.230440204521293026e+02 2.036939830465572854e+01 4.009675049639725586e+01
2.230627659873664754e+02 2.036354166080739958e+01 4.011418880532790610e+01
2.230329495277898104e+02 2.037906187950343551e+01 4.001534472187691449e+01
2.230388309211895432e+02 2.038220732249228107e+01 4.000791535653416275e+01
2.230484956210168832e+02 2.036341678807071531e+01 4.001062768237325429e+01
2.230727558063010179e+02 2.042275833750513314e+01 4.001414324365370589e+01
2.230350442398231507e+02 2.037611555790551421e+01 4.001211378043772982e+01
2.230325524099875736e+02 2.038933519329962252e+01 3.995355859175052160e+01
2.230280378668136620e+02 2.042227459627294195e+01 3.989259932163729871e+01
2.230303260753398717e+02 2.038506364572142004e+01 3.991183984790275474e+01
2.230478150083529840e+02 2.039023630196702541e+01 3.992178466765290068e+01
2.230360285969816800e+02 2.041053880898408579e+01 3.997135014427863808e+01
2.230154538448990706e+02 2.035049077235474968e+01 3.997887963280665247e+01
2.229924255122875820e+02 2.029564576642048479e+01 4.001827866869913208e+01
2.230286532306601828e+02 2.034171255645991394e+01 4.000516478138833776e+01
2.230218212294902287e+02 2.034333252709794593e+01 4.000824385058020738e+01
2.230076374865705588e+02 2.040466641542122161e+01 3.998285418576788430e+01
2.230112272965052398e+02 2.043486986798364313e+01 3.992480073798662232e+01
2.230291785961379389e+02 2.039677918337730134e+01 3.989189845934042467e+01
2.230375529443528819e+02 2.043453462405993903e+01 3.989876533487830557e+01
2.230146292348451311e+02 2.037703916616511179e+01 3.997937799877377074e+01
2.230045314178680371e+02 2.036771083524111248e+01 3.997655879987175354e+01
2.230088018404666457e+02 2.041359875352259223e+01 4.004372683245116349e+01
2.230455324247247972e+02 2.040721899415573048e+01 4.007132933215585524e+01
2.229638757797515041e+02 2.037915075289260258e+01 3.997148176689297827e+01
2.229323358514126880e+02 2.036169781922702526e+01 3.995606054640259686e+01
2.229493095437645138e+02 2.035445070058105088e+01 3.999483634359127393e+01
2.229449738723485552e+02 2.035743414650609395e+01 3.996509525764845705e+01
2.227316664885449029e+02 2.020678475202636903e+01 3.986175913061575926e+01
2.224987698347967466e+02 2.005607573362732765e+01 3.969656487476164841e+01
2.224616488826140142e+02 2.007392241015631740e+01 3.966122589028073975e+01
2.224431868422384753e+02 2.006552218741035176e+01 3.972049769097935012e+01
2.224395959073241897e+02 2.007866307423178043e+01 3.971543303277628212e+01
2.224536345278741862e+02 2.007943256028484313e+01 3.975696840494766349e+01
2.225078180457979329e+02 2.009512490086117253e+01 3.977365072758055931e+01
2.225384006164888149e+02 2.013214347989942610e+01 3.979921026431395603e+01
2.225962763174917427e+02 2.009041348625556012e+01 3.983148592931753029e+01
2.225902891760086959e+02 2.007521051180947325e+01 3.985980841597245927e+01
2.226436570837153681e+02 2.007489439253913588e+01 3.988655480619414107e+01
2.226611550165653171e+02 2.007961255702240422e+01 3.987569200308244177e+01
2.227012234153255861e+02 2.010974963578784980e+01 3.993490530484135093e+01
2.227452573672102289e+02 2.019073916785258405e+01 3.987644236448214485e+01
2.227114404801413059e+02 2.025536699647318883e+01 3.978645524549867218e+01
2.227118488477396454e+02 2.028846727153070262e+01 3.973867623649321246e+01
2.227060889521377476e+02 2.030146528594169197e+01 3.974348214938603974e+01
2.227180283607359570e+02 2.031520241195628174e+01 3.975229636462839267e+01
2.227317362372806997e+02 2.033610903302377793e+01 3.981639995275085653e+01
2.227834200505115803e+02 2.032612483898729394e+01 3.985609935819913119e+01
2.227930442510729563e+02 2.029640400267745193e+01 3.988490221114741985e+01
2.227724829987456587e+02 2.027730072392438032e+01 3.991239558782996966e+01
2.227720172571872013e+02 2.028913100950045134e+01 3.991883497111614787e+01
2.228139294975278517e+02 2.033791012537897913e+01 3.987313154949066529e+01
2.228374741957802030e+02 2.031746024603303979e+01 3.989383004933035437e+01
2.228251736687272455e+02 2.036420989869558440e+01 3.985192680882659033e+01
2.228245774295340880e+02 2.031974395464082050e+01 3.982062762612427775e+01
2.228364527142945519e+02 2.032668507883294495e+01 3.985858331317744785e+01
2.228475360134097514e+02 2.039737092265202634e+01 3.974029283219241648e+01
2.228681017656554957e+02 2.043588797453046269e+01 3.966296735871662094e+01
2.228181402962071331e+02 2.043121255927236390e+01 3.966176925543224741e+01
2.227790900039936730e+02 2.043903791743774789e+01 3.958270568845939863e+01
2.227457658579938311e+02 2.043347376828794992e+01 3.954585135644416738e+01
2.227586952486486211e+02 2.049141809304706285e+01 3.957972336751396369e+01
2.227308823777568989e+02 2.049142821786355029e+01 3.959537970874277590e+01
2.227246274911267108e+02 2.048836939830465553e+01 3.960036336841394444e+01
2.227355296685247481e+02 2.046113251697313018e+01 3.966243861830004391e+01
2.227256545975104132e+02 2.047749984531530387e+01 3.961162778924632022e+01
2.227411388168589497e+02 2.042163560785460774e+01 3.968569307181307693e+01
2.226116919130840870e+02 2.026053290284113473e+01 3.970252164179524357e+01
2.221257850951451474e+02 1.988128877664092187e+01 3.942994695721139919e+01
2.217730004893661260e+02 1.959408598219157227e+01 3.923720195071464190e+01
2.216951485254329839e+02 1.958570150916014541e+01 3.917629217970424094e+01
2.217170575033327395e+02 1.959338061997626212e+01 3.911556015547218124e+01
2.217552584359408456e+02 1.966529044161074680e+01 3.910830741192815907e+01
2.217552438112059292e+02 1.971036612461399073e+01 3.914109156771533549e+01
2.218110326750327772e+02 1.976499963438162766e+01 3.913262047125395782e+01
2.218376159432110342e+02 1.977631805423526856e+01 3.915475669503490508e+01
2.218535389046073476e+02 1.985952267115158421e+01 3.914369927045072473e+01
2.218833036151219744e+02 1.986856525725471201e+01 3.919197889538251900e+01
2.219178798634274870e+02 1.987493601678469446e+01 3.911921408924462895e+01
2.219075334259566432e+02 1.995578830133703718e+01 3.917468120890308825e+01
2.219290261614008273e+02 2.002330057767703053e+01 3.920935645541424464e+01
2.219665341065693269e+02 2.004213161136454247e+01 3.925485850568958313e+01
2.220271750074529962e+02 2.008983637171576220e+01 3.924572592121767656e+01
2.220190222802211792e+02 2.010709018399041526e+01 3.929930307513176047e+01
2.220706925936967480e+02 2.015485681822017128e+01 3.932049769097935155e+01
2.221030436323341632e+02 2.017772652870666761e+01 3.932180154234704617e+01
2.221742885910192911e+02 2.012397162801424244e+01 3.945377065040695896e+01
2.222362265933929848e+02 2.011936483651233942e+01 3.942408806340385041e+01
2.222477475095763850e+02 2.010975638566550927e+01 3.942880060298907097e+01
2.222665605435901455e+02 2.011037512445086861e+01 3.941696019259651251e+01
2.222843160967707377e+02 2.012906441070755648e+01 3.944675190262176301e+01
2.222800974232341957e+02 2.019024755176312524e+01 3.945203818180795707e+01
2.222346313723063815e+02 2.026423971065524299e+01 3.937593218622912161e+01
2.222509030773817358e+02 2.029133709451516054e+01 3.938009461078517859e+01
2.222706138451240463e+02 2.030243276840607436e+01 3.937025441413874205e+01
2.222696789870683460e+02 2.027197057053340856e+01 3.937505695209274137e+01
2.222539630219202138e+02 2.025521512422587378e+01 3.938042760474966286e+01
2.222766279861177452e+02 2.029933569954044614e+01 3.937969974294215803e+01
2.222778272143817446e+02 2.030701593533617100e+01 3.938800096748246204e+01
2.223115934773682341e+02 2.033898898082472328e+01 3.943218116671635443e+01
2.223187033485017992e+02 2.034024108313036905e+01 3.941664519830577973e+01
2.223291634089132174e+02 2.035981910327875255e+01 3.943460774773457445e+01
2.223263565847869074e+02 2.033390407298867686e+01 3.953357895388145948e+01
2.223861807504738977e+02 2.035089351505503785e+01 3.957429421591733387e+01
2.223915142788036974e+02 2.031324157249649787e+01 3.961343788143840072e+01
2.223989582688813869e+02 2.034161805817269553e+01 3.962179310499997342e+01
2.224533397832164212e+02 2.035726989948307164e+01 3.958076509863258963e+01
2.224587149357917895e+02 2.041305313841186475e+01 3.952272065068820694e+01
2.224772534747807811e+02 2.041983789043823450e+01 3.948713192073393685e+01
2.222004679915176553e+02 2.021504322734150350e+01 3.937531119748454245e+01
2.215580315106788589e+02 1.965406764502393244e+01 3.902127673935910224e+01
2.213130705755958161e+02 1.943206304385732963e+01 3.883957340773198297e+01
2.213460077286099192e+02 1.944663040482391381e+01 3.887469077122977268e+01
2.214240835634854250e+02 1.951083524111125556e+01 3.890042355482307102e+01
2.214252490423611164e+02 1.958454840506015771e+01 3.891997570044043186e+01
2.214785595761076706e+02 1.959702217897300613e+01 3.896503563372913703e+01
2.215149976656673232e+02 1.970734442938221775e+01 3.897889988243962733e+01
2.216176329304031469e+02 1.979070879340311961e+01 3.901737306011328599e+01
2.216350386149250937e+02 1.992839054792131748e+01 3.905064770701031307e+01
2.216590513046951116e+02 1.992362288433522011e+01 3.907286267936393642e+01
2.216702999758129522e+02 1.996318616725071848e+01 3.908233163273915522e+01
2.217313683689483241e+02 1.990933001839341543e+01 3.917013854123894134e+01
2.218357383522423731e+02 1.987683273240672577e+01 3.926767764834262664e+01
2.218341521309926350e+02 1.987124383370551328e+01 3.927006260511528524e+01
2.218367868332386479e+02 1.994231104561229984e+01 3.919895039402410930e+01
2.218930391886647158e+02 1.995081476648235608e+01 3.930708905901080641e+01
2.218702696013634750e+02 2.003563935403670726e+01 3.921578346392471559e+01
2.218440800760486127e+02 2.008619481271901819e+01 3.919533583453799963e+01
2.218451814310865586e+02 2.010702606015265914e+01 3.920759473734538858e+01
2.218719311962470613e+02 2.015164950135278943e+01 3.922985358390378963e+01
2.218960653838149142e+02 2.019041292376575569e+01 3.925111907346679629e+01
2.218873310421248561e+02 2.017572518998093045e+01 3.920319719205089370e+01
2.219092748943925528e+02 2.019584095038277383e+01 3.919201939464846873e+01
2.219370933901822980e+02 2.017911250358587338e+01 3.923885229580213974e+01
2.219360044099200593e+02 2.020625151169135236e+01 3.920920008324848993e+01
2.219730488634893391e+02 2.023788931325619700e+01 3.923889841996614081e+01
2.220230238326930419e+02 2.017792790005681169e+01 3.926937749253294641e+01
2.220741305313841281e+02 2.016968854939504396e+01 3.929881933389957283e+01
2.221050472210191060e+02 2.017388247338017138e+01 3.925993441368875381e+01
2.221210163065794347e+02 2.018812921515797498e+01 3.927508788903200809e+01
2.220889712623958587e+02 2.019163802656076712e+01 3.931106811189047079e+01
2.220749483915604117e+02 2.021239502534016452e+01 3.935738239744404865e+01
2.220870531721612622e+02 2.023882867123033336e+01 3.933441931364993849e+01
2.221220400380243234e+02 2.022660464279084991e+01 3.935513018826533482e+01
2.221163971403018422e+02 2.024084350971138591e+01 3.936528200426367619e+01
2.221051462192247641e+02 2.023845292804067952e+01 3.932004769913545061e+01
2.220767798583650574e+02 2.023144880499041065e+01 3.931332594596722885e+01
2.220877844089075950e+02 2.022867460527277927e+01 3.931808910963489012e+01
2.221048548495058412e+02 2.024258610312688234e+01 3.935117475995747327e+01
2.221462180997969540e+02 2.029860896271254944e+01 3.938031848172752092e+01
2.221554789319443444e+02 2.031728812415274987e+01 3.938012723519386071e+01
2.221644292697194771e+02 2.028754816318954113e+01 3.940869721736293485e+01
2.220015164725139414e+02 2.019173027488876926e+01 3.930995100713799673e+01
2.216948886551431315e+02 1.998788509458266205e+01 3.910979126003341122e+01
2.215790281301151481e+02 1.985922567653461357e+01 3.902730213014888960e+01
2.215716493888548371e+02 1.985518924969484900e+01 3.899298687711285538e+01
2.215877320973557403e+02 1.990246764277397418e+01 3.897920362693426455e+01
2.216384225535912265e+02 1.988411022550216245e+01 3.903481924390120383e+01
2.216126661454261182e+02 1.990567270968213620e+01 3.894897317486120869e+01
2.216518334355189950e+02 1.993617428184114004e+01 3.901525472350813573e+01
2.216973501105292428e+02 1.997959061992001395e+01 3.904621416236830811e+01
2.216680590164303339e+02 2.001877365972741885e+01 3.900752273865035846e+01
2.216694359914726533e+02 2.006705890955726446e+01 3.899866914912167459e+01
2.216921538297118275e+02 2.014233129524527399e+01 3.897890325737846240e+01
2.217071374331340223e+02 2.014696171131898339e+01 3.903417463058482184e+01
2.217564857886950733e+02 2.018878620325006779e+01 3.901962414431238102e+01
2.218324084125975162e+02 2.016562737300386488e+01 3.911570865278066833e+01
2.218629561089205140e+02 2.014351252383550417e+01 3.915138625612410550e+01
2.218935206799376658e+02 2.014598747897694508e+01 3.919478346954961268e+01
2.218792233140774215e+02 2.018166733227960208e+01 3.919061429511589978e+01
2.218915362159060862e+02 2.019032067543775710e+01 3.920877709091522689e+01
2.218717343248153497e+02 2.020962307558175652e+01 3.914037158076509826e+01
2.219267233281396727e+02 2.020786923237016453e+01 3.926487757409397261e+01
2.219750963263790879e+02 2.024190886540181467e+01 3.928204363795906318e+01
2.219683790731293129e+02 2.023529511027612671e+01 3.928651768186701787e+01
2.219315517406247125e+02 2.020826410021318509e+01 3.927155657803702127e+01
2.218955242686226370e+02 2.018923394513474534e+01 3.918394654096894669e+01
2.219329332155854786e+02 2.021690619357524099e+01 3.913508867651773926e+01
2.219103751244508658e+02 2.025098857583206424e+01 3.907231031437554947e+01
2.219230198952643889e+02 2.026747177707403935e+01 3.908982849685849459e+01
2.219161068955625069e+02 2.020722349407417084e+01 3.913474330777754773e+01
2.219299891439467558e+02 2.024096500750923866e+01 3.912582446943149250e+01
2.219878592200516323e+02 2.025068145639860262e+01 3.914619672518435323e+01
2.219711948970924880e+02 2.026832001169978881e+01 3.913628002992445687e+01
2.219747397078427866e+02 2.024777675904624274e+01 3.921905490462985711e+01
2.219940691074974382e+02 2.030118404103925656e+01 3.920470916464638833e+01
2.219915086539056404e+02 2.028658855558242990e+01 3.921582846310910497e+01
2.220153919710205344e+02 2.032626433645890174e+01 3.927829633087900163e+01
2.220307220681625040e+02 2.035037264949572844e+01 3.925087270293226283e+01
2.220650238214432477e+02 2.035401195853325262e+01 3.927090971476142300e+01
2.221077212975514783e+02 2.039547083209116707e+01 3.933653652527547706e+01
2.221718541351438034e+02 2.038733497955349705e+01 3.934405588898701467e+01
2.222355898549338917e+02 2.042122499029705196e+01 3.937369347680573384e+01
2.222326930324387888e+02 2.043755969423054353e+01 3.937546306973186461e+01
2.221321581046343567e+02 2.035542043300465309e+01 3.929333955822050939e+01
2.217976139182477198e+02 2.007836720459441793e+01 3.907858545063870537e+01
2.215022370219539880e+02 1.994663996715059540e+01 3.886141263689595604e+01
2.214453816774571067e+02 1.994263953965834446e+01 3.881351887997030303e+01
2.214566865975554322e+02 1.994108819277650468e+01 3.876148407310117250e+01
2.214522789274444392e+02 1.997345948104690549e+01 3.877682991995769868e+01
2.214914304678227666e+02 1.997891113223572646e+01 3.876936455526743686e+01
2.215323999752504562e+02 1.997153239097541189e+01 3.878520651813185793e+01
2.215619801891090788e+02 1.994947829070597933e+01 3.885586873737913294e+01
2.216020587126858459e+02 2.000294857155714112e+01 3.888260725274354712e+01
2.216228460859146878e+02 2.002283146117976642e+01 3.884956885156456252e+01
2.216215366096489561e+02 2.001228927725685125e+01 3.887608012104780641e+01
2.215960006974873693e+02 2.006476057621455666e+01 3.888855951985870263e+01
2.216218504789600559e+02 2.010367137095640189e+01 3.888528132927590519e+01
2.216073607415865467e+02 2.009275681878266084e+01 3.889885533324708433e+01
2.216333398957143856e+02 2.013428094115794309e+01 3.891799236138844975e+01
2.216097355735427357e+02 2.018111834223004664e+01 3.883278865570561322e+01
2.215887209544326879e+02 2.018714035808100959e+01 3.882654726883075114e+01
2.216497218487915006e+02 2.022062087624661686e+01 3.881832366788351862e+01
2.216818782659564420e+02 2.024172999364386527e+01 3.885417451808685740e+01
2.216760969957419434e+02 2.024214961103830035e+01 3.884094588285586980e+01
2.216598702898509998e+02 2.025769345430613910e+01 3.886295385896130483e+01
2.216754962566303391e+02 2.028148114815418879e+01 3.885510937614255766e+01
2.216433893385682268e+02 2.030134153818461940e+01 3.888581906952936151e+01
2.216875054139643737e+02 2.026709940882321348e+01 3.894323015395345777e+01
2.216732440474516466e+02 2.029005349278044434e+01 3.893340458204195187e+01
2.216636479713805272e+02 2.030245301803904923e+01 3.888761003706807884e+01
2.216490434860868106e+02 2.032646120789060618e+01 3.884444906936062125e+01
2.216637469695861853e+02 2.036998329405279407e+01 3.885095595142337999e+01
2.216969237432571447e+02 2.037536632148542282e+01 3.885328803415438159e+01
2.216941247939880952e+02 2.038758809996568644e+01 3.884715464532205687e+01
2.217452798668024059e+02 2.036662072999926920e+01 3.886450408086353292e+01
2.217747982067824921e+02 2.038933856823845048e+01 3.892652758168757998e+01
2.217885837069203205e+02 2.042854860755648971e+01 3.888307186932237158e+01
2.218245785545136926e+02 2.040577002041838028e+01 3.898258756560037597e+01
2.218258846558406105e+02 2.037856913843436502e+01 3.899055579617619571e+01
2.218513834436750756e+02 2.041812904641103543e+01 3.904767776084058539e+01
2.218762668676630199e+02 2.036760058723935529e+01 3.910971251146072802e+01
2.218581513210073126e+02 2.037895725639972611e+01 3.912221890978226213e+01
2.218921077055478293e+02 2.040062773862223722e+01 3.913750625769907998e+01
2.219277313098700120e+02 2.042810986550868790e+01 3.918965806244762007e+01
2.219579021380237407e+02 2.043271215709215127e+01 3.917947474702020827e+01
2.219189058448315564e+02 2.041454261141516824e+01 3.916377003166817872e+01
2.218734397939037422e+02 2.035371271395705861e+01 3.911444305071970717e+01
2.218162818298918353e+02 2.034423588572457220e+01 3.906789589438691479e+01
2.218252636670960385e+02 2.029824896923743083e+01 3.907585625010546693e+01
2.218646323285390451e+02 2.033111187359729044e+01 3.909709024023939605e+01
2.218555526181087885e+02 2.040396330316513129e+01 3.912133917572744224e+01
2.218443028220113433e+02 2.044376058183945588e+01 3.912002294958404036e+01
2.218573908347911186e+02 2.043896591874272417e+01 3.905093795174962423e+01
2.218654535636541709e+02 2.043999415010602760e+01 3.911485141831803958e+01
2.219172611246421241e+02 2.052629808584719484e+01 3.911731287370416510e+01
2.220308975649816432e+02 2.055187224731551865e+01 3.920392505385839854e+01
2.220757190025930754e+02 2.053728238675673978e+01 3.924687677535844443e+01
2.220853904522980429e+02 2.052674020283382461e+01 3.928956300167059368e+01
2.220992434512124589e+02 2.051248896113757780e+01 3.928617118814721465e+01
2.221064781950827012e+02 2.055965935617416918e+01 3.928506983310927581e+01
2.220871532953465248e+02 2.057376547550075685e+01 3.918741485310578554e+01
2.220591671775949010e+02 2.055373408856964446e+01 3.914349452416175268e+01
2.220435884599591532e+02 2.059620206883750271e+01 3.901250639832152700e+01
2.220378780634601128e+02 2.057335935786163716e+01 3.904293034688745934e+01
2.220900264932698178e+02 2.062958133883823209e+01 3.907320467316529999e+01
2.220782063325102342e+02 2.062928096928243349e+01 3.909858083822230412e+01
2.220454379264375859e+02 2.062448068128765044e+01 3.911078011711038016e+01
2.220576585799382485e+02 2.054495024777675738e+01 3.915948385935504916e+01
2.220220507253306153e+02 2.058461590383674178e+01 3.913430231577052609e+01
2.220356832282414814e+02 2.063070744342758900e+01 3.910611032675032561e+01
2.220455043002345690e+02 2.067299430197827803e+01 3.907861470010855953e+01
2.220541823929441421e+02 2.065709271519453694e+01 3.909810272188816782e+01
2.220136775020952769e+02 2.062447730634882248e+01 3.904301134541936591e+01
2.220027269505740151e+02 2.064212373650727628e+01 3.904220586001878956e+01
2.220238810671556564e+02 2.066990735792913725e+01 3.903551223134081027e+01
2.220645108307411988e+02 2.061478335705165321e+01 3.917165276379365935e+01
2.220887912656583012e+02 2.060559902351769779e+01 3.922119799078641478e+01
2.220880116547887440e+02 2.060272245065558039e+01 3.926768552319989425e+01
2.220608355223561432e+02 2.058528864164336980e+01 3.928764603641558750e+01
2.220356832282414814e+02 2.061212728019304663e+01 3.926313723063769601e+01
2.220729796772433531e+02 2.055843087844032979e+01 3.921802217334811047e+01
2.221265759558108073e+02 2.052281852391425332e+01 3.919431885297078821e+01
2.221742402168960666e+02 2.055985285266704565e+01 3.916946917837114484e+01
2.221401252102305648e+02 2.055732502348394775e+01 3.913821161991438657e+01
2.221271901946777234e+02 2.051106923687008177e+01 3.914845118432228332e+01
2.220847615886962103e+02 2.055078889195133485e+01 3.915226599017892539e+01
2.220223105956204677e+02 2.059228376485676293e+01 3.915782676438989540e+01
2.219971976757921368e+02 2.066305623210579157e+01 3.916101833154274203e+01
2.219734594810469162e+02 2.065141494310415737e+01 3.918220282257384213e+01
2.219761504322734140e+02 2.058782997058178310e+01 3.915165737621005349e+01
2.220020227133383344e+02 2.056697284861711950e+01 3.909627912994076837e+01
2.220141162441430822e+02 2.054802031713175126e+01 3.912079018567788324e+01
2.220422272346313832e+02 2.058493427306629897e+01 3.913219072904303886e+01
2.220312406837626042e+02 2.058844308446909466e+01 3.911907346679341657e+01
2.220279613682002093e+02 2.055927573812724773e+01 3.912698094847031172e+01
2.220321901665532209e+02 2.067204931910609034e+01 3.900873771662888601e+01
2.220580399480259359e+02 2.071733762325557748e+01 3.895895061902002965e+01
2.220550812516523251e+02 2.071080149172296103e+01 3.900008437347072743e+01
2.220249644225198438e+02 2.072266890162615738e+01 3.897426946636592504e+01
2.220310348124940276e+02 2.071624976797295403e+01 3.894816093958296932e+01
2.220449024361433317e+02 2.065715908899151287e+01 3.904844274697521200e+01
2.220677901463035937e+02 2.065268167014473022e+01 3.910971813635877936e+01
2.220757696266755090e+02 2.064431857172588636e+01 3.910822866335547587e+01
2.220801052980914676e+02 2.062436143344901751e+01 3.913429894083169813e+01
2.220781343338151999e+02 2.063660346156225955e+01 3.915395233461393332e+01
2.220659519296212636e+02 2.061090217739803521e+01 3.917933299958938420e+01
2.220770116041646816e+02 2.056362603427812985e+01 3.923599034767494942e+01
2.220991320782310936e+02 2.058134108819277586e+01 3.925178168645692978e+01
2.221181037343698108e+02 2.058618075047389695e+01 3.928023242078737098e+01
2.221139311849972842e+02 2.057062565740995908e+01 3.926365359627856577e+01
2.221274916892131444e+02 2.061607145870481261e+01 3.921065580686349961e+01
2.220671646576405749e+02 2.063504311484354403e+01 3.911777411534416160e+01
2.220924676990229614e+02 2.065226092777068345e+01 3.913061688256900084e+01
2.220869001749343283e+02 2.069362755300060286e+01 3.907246331160247621e+01
2.221168347573700146e+02 2.070132916340891427e+01 3.905705896580624170e+01
2.221052092180829334e+02 2.071122785899505558e+01 3.910396161569571660e+01
2.220747852695169797e+02 2.079160765211130624e+01 3.906575055827113374e+01
2.220809602825948730e+02 2.078270681343900605e+01 3.902618390041680385e+01
2.221087709035273861e+02 2.082098761959939637e+01 3.903964878136584105e+01
2.220910659744292275e+02 2.083369988918950710e+01 3.903866104926848379e+01
2.221284040476766393e+02 2.079733042338607518e+01 3.910647257018466405e+01
2.221320962307558204e+02 2.076953330220889882e+01 3.918234119506583824e+01
2.221223572822742653e+02 2.073713163948903571e+01 3.920952632733531829e+01
2.221440716387015470e+02 2.077060428279737536e+01 3.921777692779318159e+01
2.221509857633830336e+02 2.076662072999926778e+01 3.925517237500070422e+01
2.221576085183455973e+02 2.072400762736175395e+01 3.913913522817399127e+01
2.221462720988182014e+02 2.071863134980678467e+01 3.907008510470748064e+01
2.221603028445109373e+02 2.072096343253778628e+01 3.898147271080711818e+01
2.221945607235868749e+02 2.072052469048998447e+01 3.905020896496250771e+01
2.221877332223353392e+02 2.073235497606605904e+01 3.900748786428246007e+01
2.221915334034570719e+02 2.070862353119849786e+01 3.903322739775341432e+01
2.221993621365612626e+02 2.072535310297500999e+01 3.905244542442667921e+01
2.222311135610667066e+02 2.075650266338922734e+01 3.905716358890995110e+01
2.221973765475500784e+02 2.073334945804107221e+01 3.903699157952762278e+01
2.221876702234771983e+02 2.076656448101878283e+01 3.902295858387567051e+01
2.222097535732164886e+02 2.076583774419088613e+01 3.910427660998644228e+01
2.221942378544388816e+02 2.077504232735781642e+01 3.917881325900967937e+01
2.222618367542088436e+02 2.079501859028805200e+01 3.917666792289389832e+01
2.222344052514048087e+02 2.079628756728784467e+01 3.921813017139064073e+01
2.222105410589433063e+02 2.077222312845579566e+01 3.920183709170271413e+01
2.221681158279006070e+02 2.080091798336155051e+01 3.911953583341301766e+01
2.222134142568665993e+02 2.080372143254903605e+01 3.917802577328286162e+01
2.222150837266074461e+02 2.083541660807397733e+01 3.919318824846299520e+01
2.222563671033462640e+02 2.087747509576388794e+01 3.917989211445542708e+01
2.222621168741316637e+02 2.087035734977303392e+01 3.914911154735320764e+01
2.222720616938817955e+02 2.086732552972477350e+01 3.915715965148131517e+01
2.222472986427121100e+02 2.086948774053470146e+01 3.907655261248390133e+01
2.222428515983147861e+02 2.086476057621455737e+01 3.906073427419128308e+01
2.222597724166249407e+02 2.091508203913804209e+01 3.903609834571748394e+01
2.222351623626821890e+02 2.088320799185514787e+01 3.906233062025750513e+01
2.222306050702831044e+02 2.087432965277504238e+01 3.912763456162357301e+01
2.222436570837153624e+02 2.088086240936883087e+01 3.913193648365123067e+01
2.222644264572704742e+02 2.089030773817224684e+01 3.914556673660290187e+01
2.222757718766347352e+02 2.091585827506876427e+01 3.914761982439068078e+01
2.222738774109719202e+02 2.088924463244103791e+01 3.913468030891939975e+01
2.222899139953088365e+02 2.090224939672968318e+01 3.912655008127977396e+01
2.222782974558586204e+02 2.093245397427171639e+01 3.910411798786147131e+01
2.222495564767888538e+02 2.092190504047114175e+01 3.906651891934458831e+01
2.222501898403091332e+02 2.091070361849691395e+01 3.906819851390193321e+01
2.222237336948267910e+02 2.089064185711633925e+01 3.907886219562270469e+01
2.222377329410904565e+02 2.087128320799185488e+01 3.911547803196067008e+01
2.222235041989864044e+02 2.090315388033591759e+01 3.910190852790793059e+01
2.222117380372480682e+02 2.088778215894836876e+01 3.913998796271817326e+01
2.222365325878468525e+02 2.089523402388331874e+01 3.914493112312339207e+01
2.222862218122296554e+02 2.090436548337561362e+01 3.923085594073607751e+01
2.222982905934829887e+02 2.092037169326306056e+01 3.923694883030245251e+01
2.223188653455655981e+02 2.095057964574392173e+01 3.919472947052834400e+01
2.223349863033732561e+02 2.094845793419994351e+01 3.921664182336694893e+01
2.223522704900973679e+02 2.095413008139227529e+01 3.923641671494704042e+01
2.223364409020086612e+02 2.097682654501887001e+01 3.923209791822522874e+01
2.223092928940662887e+02 2.101009781697706558e+01 3.919452134930054399e+01
2.223020738999105674e+02 2.108096365753370804e+01 3.917358660374280532e+01
2.223001299351449234e+02 2.110333387707347796e+01 3.914391414155618776e+01
2.223374860080660937e+02 2.105603185942254640e+01 3.918716060771398446e+01
2.222902244896811226e+02 2.109788335086426514e+01 3.913073725538724545e+01
2.223390407298867615e+02 2.105405302028900749e+01 3.925316991129535893e+01
2.224037855563867936e+02 2.099594782344570021e+01 3.929164083900979421e+01
2.224187950343400075e+02 2.094669959106991186e+01 3.933510217627305394e+01
2.223799393635990214e+02 2.090307625674284608e+01 3.932066981285964147e+01
2.223560650463210493e+02 2.091957183276053200e+01 3.931995657578706727e+01
2.223691834335502620e+02 2.101023393950984541e+01 3.929475590754917391e+01
2.223773766600480428e+02 2.104117312873704293e+01 3.927980155359684034e+01
2.224011396043446780e+02 2.103127443315089806e+01 3.929355217936674904e+01
2.224129350155528471e+02 2.106548843802206150e+01 3.932107255555992964e+01
2.223877444721314305e+02 2.108975649816347087e+01 3.927756284417345256e+01
2.224003813680876931e+02 2.115413120637188626e+01 3.928004454919254584e+01
2.224141781180216242e+02 2.122737525382352430e+01 3.925849106484945139e+01
2.224338517614368129e+02 2.117759265613310760e+01 3.919588482458755152e+01
2.224400155247186035e+02 2.122502292145954783e+01 3.924736389152946714e+01
2.224568317199250771e+02 2.121242652476923851e+01 3.929855046377284111e+01
2.224822045100432604e+02 2.118448878114084266e+01 3.934547561325450715e+01
2.225029086347809937e+02 2.118285081082905208e+01 3.940214083619734708e+01
2.224366192112767919e+02 2.111620139384973527e+01 3.934467800271119842e+01
2.223649411354419101e+02 2.109497190363424579e+01 3.931534865930554901e+01
2.223285187955968354e+02 2.106135638791547038e+01 3.928893863798718655e+01
2.223336172031881972e+02 2.104288984762151316e+01 3.935550818141420848e+01
2.223122909647262588e+02 2.106879475309510141e+01 3.931239333787075196e+01
2.222690298738335457e+02 2.104910535996534904e+01 3.930584483156242470e+01
2.223075019265275785e+02 2.107008622968708522e+01 3.930739730342387617e+01
2.223137129389529889e+02 2.106859450672456546e+01 3.930336875144138276e+01
2.223397584668777824e+02 2.106153413469380808e+01 3.934365877118477073e+01
2.223583892541947762e+02 2.111961795692453236e+01 3.927627361754068147e+01
2.223588594956716520e+02 2.108339248851114434e+01 3.931456342353794753e+01
2.223543078281706187e+02 2.107941906052952774e+01 3.936581074468025321e+01
2.223903026757639907e+02 2.109780010237314585e+01 3.938415466219674954e+01
2.224417288686642564e+02 2.110923327014698003e+01 3.927510926364459465e+01
2.224373065738183470e+02 2.117727428690355040e+01 3.924500368430822306e+01
2.224169196933305557e+02 2.118907194807094285e+01 3.920662387994217823e+01
2.224138676236493097e+02 2.115660728649293176e+01 3.917615493219185652e+01
2.223956789533189635e+02 2.116945567861582589e+01 3.916564424769801178e+01
2.223934076194869078e+02 2.112570297163363975e+01 3.921876915980897849e+01
2.224061288889138837e+02 2.110677068978124638e+01 3.924438269556364389e+01
2.223884363345914323e+02 2.112209628700479769e+01 3.925031696300504791e+01
2.224005186156001059e+02 2.113112987327104619e+01 3.918558338630112559e+01
2.224379545620735712e+02 2.115453957397022222e+01 3.918745760233095865e+01
2.224191876522237976e+02 2.117024091438342737e+01 3.919479359436610366e+01
2.224290030993188338e+02 2.116937355510431473e+01 3.918607162745175287e+01
2.224402112711707105e+02 2.115031865047446047e+01 3.922107761796817726e+01
2.224654141893678059e+02 2.116961767567962838e+01 3.920023174579960568e+01
2.224511179484871946e+02 2.121701644157699818e+01 3.917570606532756727e+01
2.224329641525247325e+02 2.119922938896732489e+01 3.920983457174838804e+01
2.224151276008122409e+02 2.119001693094312699e+01 3.925019771516641498e+01
2.224441846991523164e+02 2.120747661448636379e+01 3.929369505177718480e+01
2.224349677412097037e+02 2.120801997963786789e+01 3.930473672664682994e+01
2.224159409610700777e+02 2.118185520387443077e+01 3.933377920025199614e+01
2.224089975869187299e+02 2.118430653444406175e+01 3.936932068106265348e+01
2.224302979508496492e+02 2.117862876235368219e+01 3.938334917679617320e+01
2.224237606943374033e+02 2.116183956665785360e+01 3.941867016160332327e+01
2.222575854562635982e+02 2.104019552145617311e+01 3.927978917882113308e+01
2.218940066711290910e+02 2.084098300718299512e+01 3.903178517389372360e+01
2.217075638004061204e+02 2.077720903808618402e+01 3.888007604862161770e+01
2.216961857566331560e+02 2.077959286987923448e+01 3.884817162688926118e+01
2.216671489079260482e+02 2.079578920132072639e+01 3.880199233888885857e+01
2.216695102401268969e+02 2.079300600176621927e+01 3.882344232510785531e+01
2.216799973000489388e+02 2.076378465640310367e+01 3.885994116356641115e+01
2.217275951873372435e+02 2.073174411213796731e+01 3.891098148846052140e+01
2.217557365522749819e+02 2.077615493219185439e+01 3.890802391706650099e+01
2.217540524577991903e+02 2.074608310224377306e+01 3.894058870182978183e+01
2.217551729374904994e+02 2.074772444749438804e+01 3.893551054387139487e+01
2.217686884425219773e+02 2.076457664204836462e+01 3.885426226649641990e+01
2.217956283292365356e+02 2.076181369212682881e+01 3.887983417800552388e+01
2.218359475984497919e+02 2.079051417193063500e+01 3.886839763529285818e+01
2.218278466202800132e+02 2.079335362046563063e+01 3.884755288810390539e+01
2.218547741322188642e+02 2.080351443630084063e+01 3.885893768175451868e+01
2.218572997114427210e+02 2.089072960552589819e+01 3.884306309448141548e+01
2.218379635619104420e+02 2.093285671697200456e+01 3.881723581260089873e+01
2.218268780128360049e+02 2.097176976167306961e+01 3.882206647504514052e+01
2.218085925942592382e+02 2.093485243079969038e+01 3.868402247709260422e+01
2.218057452708669643e+02 2.100609176458676686e+01 3.872750406398883882e+01
2.218174034345627490e+02 2.096558124883986451e+01 3.880835297360235359e+01
2.217933423706695351e+02 2.100504103363126518e+01 3.881492285452326030e+01
2.218003622434343356e+02 2.100371468267137587e+01 3.883988165214505273e+01
2.218101731906109251e+02 2.097431109061148291e+01 3.887301230165203236e+01
2.218233658264943813e+02 2.100549777535282203e+01 3.888215163600159485e+01
2.217755395683453230e+02 2.093539354599197821e+01 3.889378055022752534e+01
2.217693083062869448e+02 2.094813956497038632e+01 3.886646267036410052e+01
2.217781641457748663e+02 2.096412665020446653e+01 3.884619953763338174e+01
2.218403260190908952e+02 2.094485912442836906e+01 3.893265422064224879e+01
2.218397871538578272e+02 2.100606139013730456e+01 3.886567180969844770e+01
2.218344761251202328e+02 2.101813129637025312e+01 3.886123601509722647e+01
2.218564638515926788e+02 2.099114866043052885e+01 3.888875189137196742e+01
2.219026420146134910e+02 2.097310511246983822e+01 3.894426963511286033e+01
2.219118184732901682e+02 2.099535158425253556e+01 3.896632036044346847e+01
2.218814957728891102e+02 2.101705356590411711e+01 3.891833998008785755e+01
2.219112379838115316e+02 2.098091472092068344e+01 3.892113892935690700e+01
2.218796553062475709e+02 2.094324927860682450e+01 3.893976859169427485e+01
2.219067763146792913e+02 2.098909782260196621e+01 3.889966869350492829e+01
2.218999994375101892e+02 2.095440907633549088e+01 3.895870649844471245e+01
2.217770672906553671e+02 2.085188405960142077e+01 3.882039700530427950e+01
2.211850276463738965e+02 2.039720442566978420e+01 3.841119242213734708e+01
2.207667242281233655e+02 2.010464110338000054e+01 3.815780201483848089e+01
2.207117554744320387e+02 2.015075851750187041e+01 3.809522839898527025e+01
2.207552100618176212e+02 2.018440553264971982e+01 3.812464999071891469e+01
2.208355696053008899e+02 2.023621984351533598e+01 3.811936033659389977e+01
2.209066818163920800e+02 2.029018174045595302e+01 3.820199683880729680e+01
2.209495502894010031e+02 2.033273634415376208e+01 3.826784639528408860e+01
2.209480731911734210e+02 2.030380524352996119e+01 3.830369162058937604e+01
2.209683745732108662e+02 2.033298383966790723e+01 3.829198508277037405e+01
2.209528566044740501e+02 2.038423003583060122e+01 3.831839960400717615e+01
2.210422463592847464e+02 2.041821566984098268e+01 3.834548123815255849e+01
2.210650541958927136e+02 2.044069838734172961e+01 3.833246297410859427e+01
2.211022235221986705e+02 2.051673688414397390e+01 3.829215945460988735e+01
2.211007497989099022e+02 2.054551161260202008e+01 3.837091702712888264e+01
2.211453372407625011e+02 2.053220760373718079e+01 3.838863320602314388e+01
2.211920160197096550e+02 2.052366563356039109e+01 3.837692329326530682e+01
2.212437257074715546e+02 2.051363981527834923e+01 3.845142281796142214e+01
2.212209966194362778e+02 2.047001648095128346e+01 3.847893756925655850e+01
2.212559666106051850e+02 2.047239356286667444e+01 3.856123545260741992e+01
2.213127297067740642e+02 2.046586080627288595e+01 3.857200263245228911e+01
2.212867100533802898e+02 2.051765036758708760e+01 3.860946557843639226e+01
2.212647043272340568e+02 2.052829492465449235e+01 3.864429494715407998e+01
2.212780229608338232e+02 2.056960867584275121e+01 3.865753595716077484e+01
2.212897699979187962e+02 2.057586581243214852e+01 3.866235086989048142e+01
2.213356444164449499e+02 2.060241758118134214e+01 3.867680235795726418e+01
2.213802014838481114e+02 2.059724829987456474e+01 3.868055191499654200e+01
2.213664812325276614e+02 2.062315545530737282e+01 3.856527975430445565e+01
2.213690900602426552e+02 2.062566078489827248e+01 3.858332330226514983e+01
2.214010574808331739e+02 2.061019119028467728e+01 3.861325225980279185e+01
2.213944943497899089e+02 2.063408125727721298e+01 3.863126543331402019e+01
2.214261704006614764e+02 2.063522423656071325e+01 3.861959151990370032e+01
2.213547038209932509e+02 2.072330901502410327e+01 3.851434180255483142e+01
2.213152226615892459e+02 2.077614368239575526e+01 3.843702307895669179e+01
2.213007329242157368e+02 2.080052761543696960e+01 3.841945539737092474e+01
2.213552798105534407e+02 2.082625252417300032e+01 3.840051636564087545e+01
2.213753055725864840e+02 2.087688448146877462e+01 3.834947941568559315e+01
2.213779301500160273e+02 2.083302490142366281e+01 3.844871949195920990e+01
2.214263402725825642e+02 2.079995275085639150e+01 3.847301005169281041e+01
2.213970154290953474e+02 2.077224562804799035e+01 3.845612073281171917e+01
2.214515994397601446e+02 2.081932152479736331e+01 3.854557236150094468e+01
2.213660087410915764e+02 2.079112728581794300e+01 3.848564244773063336e+01
2.209925132606971374e+02 2.048383460549777624e+01 3.819575095201399506e+01
2.205179113628565517e+02 2.009073635540355696e+01 3.791863022482717582e+01
2.204638673424044271e+02 2.004987934593685495e+01 3.786294598410403722e+01
2.204826421271114327e+02 2.008477958836996180e+01 3.785399452134929987e+01
2.205301860153784617e+02 2.013774362839673415e+01 3.789025936404902950e+01
2.206081189778435316e+02 2.017494107919294066e+01 3.794261029018849030e+01
2.206627018635287243e+02 2.027589449941219968e+01 3.799831815548343172e+01
2.206979823490699175e+02 2.031894746907712346e+01 3.796958955118938661e+01
2.207451167447590024e+02 2.034632497285986830e+01 3.802364707139683020e+01
2.208024232060793963e+02 2.043351426755389966e+01 3.803700507928293462e+01
2.208340733824199447e+02 2.043189317193625953e+01 3.810017493432931701e+01
2.208921875791001241e+02 2.044910760992457099e+01 3.812814192742756347e+01
2.209496357878513493e+02 2.045502050275338846e+01 3.820195858950056333e+01
2.209732738594113073e+02 2.049591576152682393e+01 3.823365826494394781e+01
2.210057193963359339e+02 2.055132213228635152e+01 3.821461573508980081e+01
2.210027944493506027e+02 2.054110281751143319e+01 3.821062205747520579e+01
2.209971616764446196e+02 2.056586474370152118e+01 3.819252001057481039e+01
2.209954674571523299e+02 2.053212773018488946e+01 3.822704563479786799e+01
2.210284923585759884e+02 2.058283393613490730e+01 3.821302388894201130e+01
2.210966649979469025e+02 2.063034857493207852e+01 3.825280429292219253e+01
2.210732237978186561e+02 2.065344665627935328e+01 3.823691170597533073e+01
2.210853128287049856e+02 2.064158487127420827e+01 3.826334310190627974e+01
2.210886528931663122e+02 2.066198750147653485e+01 3.829676399615257054e+01
2.210893863798718542e+02 2.067098171345644531e+01 3.829644900186183776e+01
2.210542172673120263e+02 2.065402714575798271e+01 3.824302822011350855e+01
2.210958876370365829e+02 2.064630866065552439e+01 3.821509160146472084e+01
2.211481451898684440e+02 2.067854607635236519e+01 3.821173241235002394e+01
2.212175238073809851e+02 2.069399317137376926e+01 3.827572687745034585e+01
2.212181515460032415e+02 2.070340025087045177e+01 3.828715442032613225e+01
2.212375394445975587e+02 2.072066756290042377e+01 3.830184665402939714e+01
2.212587509351392896e+02 2.071601464723451969e+01 3.839835077989211243e+01
2.212506387071734366e+02 2.075978760384968069e+01 3.840709524639866146e+01
2.212649765722996165e+02 2.073785500137810089e+01 3.845087607787108652e+01
2.212719008217976011e+02 2.075874812269027458e+01 3.854614722608152988e+01
2.212824272560059740e+02 2.078323217891675867e+01 3.850505059595794677e+01
2.212925453226160357e+02 2.076977404784538450e+01 3.849926595080464153e+01
2.212835589854933858e+02 2.077112289839746495e+01 3.841030481322525958e+01
2.213133506955186363e+02 2.081090555233686246e+01 3.846243861830004107e+01
2.212980307231931363e+02 2.081830791816898341e+01 3.845459076054246594e+01
2.213135891911959163e+02 2.079701992901378560e+01 3.850434185880381222e+01
2.213047457264837021e+02 2.081839791653776217e+01 3.842348169939420188e+01
2.211734842305983193e+02 2.067535113426069060e+01 3.832645558299255839e+01
2.209314909917257808e+02 2.049951119635956687e+01 3.817527069821859698e+01
2.208443826955636382e+02 2.049032011294795197e+01 3.810801829216845249e+01
2.208593865486188008e+02 2.043688583144430382e+01 3.818994268228888700e+01
2.209191837147951674e+02 2.049532739719092689e+01 3.827621061868253349e+01
2.209719081341650622e+02 2.048225738408491381e+01 3.837167301342662995e+01
2.209532728469296501e+02 2.046807701610408259e+01 3.837456758596250239e+01
2.209680787035734966e+02 2.050449710598995523e+01 3.835285885443326492e+01
2.209937136139407414e+02 2.049833671764699261e+01 3.837617180688599916e+01
2.209728924913235915e+02 2.054901142416793647e+01 3.829969569301556476e+01
2.210074091157097769e+02 2.064377408159477056e+01 3.826586980610976241e+01
2.210422373594478529e+02 2.064543117655992432e+01 3.827753471968320298e+01
2.210548742554041155e+02 2.066674279028692496e+01 3.826888700142309574e+01
2.210650485709946622e+02 2.068793290621607639e+01 3.824292472198941084e+01
2.210911582227572012e+02 2.069625100545052732e+01 3.829347568075328923e+01
2.211214314240554302e+02 2.066654816881444034e+01 3.836431339681968211e+01
2.211276964355021164e+02 2.065234530124141443e+01 3.834558811121548416e+01
2.211649647600137314e+02 2.068298862083124590e+01 3.839513221322863501e+01
2.211796794933091803e+02 2.074235379483747010e+01 3.840978844758438981e+01
2.212046675404008340e+02 2.079564745388989877e+01 3.835609767072971721e+01
2.211859130053267677e+02 2.075906311698100382e+01 3.835103863742469343e+01
2.211998762522429161e+02 2.075578380141859824e+01 3.839241988738954348e+01
2.212023028332611432e+02 2.079360899083703984e+01 3.836220855996985080e+01
2.212161749568288940e+02 2.079957250774829802e+01 3.837510420123635413e+01
2.211927225069045733e+02 2.084845849668974793e+01 3.830749067673148289e+01
2.211911869097372687e+02 2.090405948892176369e+01 3.827420478003836024e+01
2.211910395374083862e+02 2.093990583920666282e+01 3.822186285373577874e+01
2.212054505262092050e+02 2.094031983170305011e+01 3.824456719221964107e+01
2.212570049667849901e+02 2.100435592104892990e+01 3.823227004010552577e+01
2.212749472665807957e+02 2.098592763006170614e+01 3.830452635545980655e+01
2.213073196798308118e+02 2.100593764238023198e+01 3.833735326047215608e+01
2.213420433004651784e+02 2.100983569672799689e+01 3.837925875093513639e+01
2.213672507185807206e+02 2.099574082719750834e+01 3.843778131521366248e+01
2.213898099346949380e+02 2.099896164382020558e+01 3.848105590586170877e+01
2.214160410842553404e+02 2.104371333269584454e+01 3.846908049791597506e+01
2.214641103380001255e+02 2.105553461843503982e+01 3.845535012177904122e+01
2.215048739741592101e+02 2.108425084795338122e+01 3.848942912909703296e+01
2.215145915480281928e+02 2.109334068320011824e+01 3.853462180997969710e+01
2.215691148097940584e+02 2.112557584893773921e+01 3.853631377931274926e+01
2.215661077392972231e+02 2.108199301387662317e+01 3.857988761453698601e+01
2.215263295852762724e+02 2.105663372351376239e+01 3.860365280879283745e+01
2.214120822810086509e+02 2.096943092906441208e+01 3.852080143547398450e+01
2.213090341487560408e+02 2.091641289001636750e+01 3.842220822247596601e+01
2.213232313914310225e+02 2.094076082371007175e+01 3.842867685523199839e+01
2.212992963252541188e+02 2.096567349716786310e+01 3.851643201466973210e+01
2.212973557354272884e+02 2.091284220473503908e+01 3.852981139716842307e+01
2.212816330204015003e+02 2.090736917893363156e+01 3.855050877202850756e+01
2.212590828041241764e+02 2.092077668592256856e+01 3.853281396774683287e+01
2.212753736338528938e+02 2.093750400773986087e+01 3.856583099431323092e+01
2.213108824902548690e+02 2.092726219337274429e+01 3.855589067448152463e+01
2.213042102361894763e+02 2.097403547060709528e+01 3.859193164623891192e+01
2.212829357467895761e+02 2.098367879582182738e+01 3.856042659226801561e+01
2.212992198266406376e+02 2.100497578481390093e+01 3.859062891985082899e+01
2.213189845934042523e+02 2.104807487864282578e+01 3.858181695456769944e+01
2.213463890966976351e+02 2.101971414268116334e+01 3.853067088159026810e+01
2.214155235936348731e+02 2.101719193839611677e+01 3.860789623188079389e+01
2.214692301202040596e+02 2.102475967623086817e+01 3.862505217092940057e+01
2.215071723075019179e+02 2.103883654608760168e+01 3.868971937383634696e+01
2.215195122088412063e+02 2.103228691479966983e+01 3.868334636434714469e+01
2.214548382560566040e+02 2.110617220062886190e+01 3.862572378375642046e+01
2.214697296111507967e+02 2.114929829396842109e+01 3.857085065333190954e+01
2.214572468374010725e+02 2.116383528048554297e+01 3.853286459182927359e+01
2.214767978580388217e+02 2.113750738267868812e+01 3.858456752971352444e+01
2.214291718462602887e+02 2.116009809822196885e+01 3.852706194700220976e+01
2.214197028928850557e+02 2.119352574234591913e+01 3.852928378173145774e+01
2.214169163183917419e+02 2.125276041871741128e+01 3.849884295847137849e+01
2.214205533774700427e+02 2.122548753803837229e+01 3.850622844960935254e+01
2.213838509177021194e+02 2.124418694911154759e+01 3.850611032675032419e+01
2.214319224214061137e+02 2.126200437617068317e+01 3.854614722608152988e+01
2.214896597499170241e+02 2.122469555239311134e+01 3.858096422002351034e+01
2.215444665065445804e+02 2.121630995438207634e+01 3.862219697267987328e+01
2.215857633830386817e+02 2.120267745147119243e+01 3.871404818287668803e+01
2.215955034564998414e+02 2.122243546835713701e+01 3.866100314431800911e+01
2.215764463019107779e+02 2.121287314167430793e+01 3.868336998891894751e+01
2.215758984368408449e+02 2.117590181177966002e+01 3.872267565150381330e+01
2.215904466731540481e+02 2.120041736743521454e+01 3.869910957863888967e+01
2.215942446043165432e+02 2.117311411230671325e+01 3.867381103717494994e+01
2.216285306078827375e+02 2.120969394929716856e+01 3.874505262092124269e+01
2.216290885977691687e+02 2.117359110366124497e+01 3.869442628852352328e+01
2.215660199908876677e+02 2.108346111226734010e+01 3.868032579409498339e+01
2.215010321687919372e+02 2.108777315911149230e+01 3.860707612174529402e+01
2.215102018775909585e+02 2.109232595159212664e+01 3.860720436942080624e+01
2.214787148232938137e+02 2.107230243951828541e+01 3.859505683959478262e+01
2.214583223179079994e+02 2.105397539669593598e+01 3.860176509300769254e+01
2.214529269156996634e+02 2.109712961452573765e+01 3.857186538493989758e+01
2.214244255572867814e+02 2.107536575899561981e+01 3.856754658821808590e+01
2.214095218274168815e+02 2.107861582508817122e+01 3.859104741226565238e+01
2.214377081915390306e+02 2.112344401257727355e+01 3.854955928923788377e+01
2.214153143474274543e+02 2.114326840326019052e+01 3.855686040690512328e+01
2.214152918478352490e+02 2.118213419881764636e+01 3.850440935758039274e+01
2.214619953763338174e+02 2.122140386205499851e+01 3.857858038823046343e+01
2.214760036224343480e+02 2.119687705660334842e+01 3.859266963286290775e+01
2.214853038288680978e+02 2.119268200763861287e+01 3.864805800394867674e+01
2.214855052002182560e+02 2.120816285204830720e+01 3.860845984666527642e+01
2.215391622276846135e+02 2.120722236909455916e+01 3.856848932113105377e+01
2.215358435378358877e+02 2.120358531001625479e+01 3.852919940826072320e+01
2.215384006164888149e+02 2.121000219371023832e+01 3.853141111817348019e+01
2.215362552803730409e+02 2.122402731450492297e+01 3.851647701385412148e+01
2.215695513018826546e+02 2.124361208453096950e+01 3.854738357867263687e+01
2.216219382273696397e+02 2.126434995865700017e+01 3.863897154364077124e+01
2.216509728261175383e+02 2.124402495204774510e+01 3.866429370967651380e+01
2.216834869867983571e+02 2.125702746637717055e+01 3.869643437712691281e+01
2.216503878367204550e+02 2.128351848622743603e+01 3.866257474083282375e+01
2.216430034705620926e+02 2.128156439664531163e+01 3.867429477840714469e+01
2.216562512304464576e+02 2.126470770217289896e+01 3.867439602657201903e+01
2.216559643606459531e+02 2.130262626489894728e+01 3.865271204459418897e+01
2.216426558518626848e+02 2.128157002154335942e+01 3.866926049465353543e+01
2.216207817483308133e+02 2.127279630556696333e+01 3.858979643493961476e+01
2.216212598646649496e+02 2.139978062897609945e+01 3.848370748280187570e+01
2.215934526186712787e+02 2.144468644005827329e+01 3.841675319634831709e+01
2.216245571799011032e+02 2.147039559907976525e+01 3.840062886360184535e+01
2.215602128461421501e+02 2.148743341526934714e+01 3.836935893036938694e+01
2.215731411118173355e+02 2.147908494158543391e+01 3.840367530838503285e+01
2.215560357968511767e+02 2.149258919682080915e+01 3.837555869299868760e+01
2.215551346881837844e+02 2.132500660925520819e+01 3.848408435097113767e+01
2.215590237426946771e+02 2.128476833857386197e+01 3.853409081960389670e+01
2.215862212497398502e+02 2.121754180705474724e+01 3.861361562821674198e+01
2.215705232842654766e+02 2.115404120800310395e+01 3.865244542442668063e+01
2.215342021925852691e+02 2.124588791828148260e+01 3.851453417406809621e+01
2.215397517170001436e+02 2.130070029980706536e+01 3.847292680320169467e+01
2.215315899899314331e+02 2.133926797576793888e+01 3.848193901485535662e+01
2.215110996113195370e+02 2.135294322790399590e+01 3.841694219292275392e+01
2.215123044644815877e+02 2.134256191606527153e+01 3.840880521540547221e+01
2.215309285019208971e+02 2.134590985538387287e+01 3.843120468441509274e+01
2.215326305960704474e+02 2.136208256225355839e+01 3.848656830594945433e+01
2.215483094368914578e+02 2.132711932096230711e+01 3.847080846659654441e+01
2.215531198497027106e+02 2.134074394901592342e+01 3.849666049802847567e+01
2.215439816403327598e+02 2.130743105281216643e+01 3.853548691929958636e+01
2.215084187849095372e+02 2.129040448641868366e+01 3.852410212564897307e+01
2.215260685900068154e+02 2.131238433803387267e+01 3.852757493770425157e+01
2.215257614705733431e+02 2.134694933654327542e+01 3.848933575578942623e+01
2.215191150910389695e+02 2.136056608973962412e+01 3.846963286290436201e+01
2.215369763923028756e+02 2.134546773839724310e+01 3.848463446600030125e+01
2.215674329652775043e+02 2.135432582784437017e+01 3.849157559019242569e+01
2.215541143316777379e+02 2.133890573233360044e+01 3.845745945854731218e+01
2.215536317154251549e+02 2.132118617850051479e+01 3.847900169309431107e+01
2.215810834678621575e+02 2.133134249441728869e+01 3.842361219702893038e+01
2.215954404576417005e+02 2.136093958297005813e+01 3.848491233596391226e+01
2.215826134401314107e+02 2.133557691766836584e+01 3.846223724694989698e+01
2.216308986899612421e+02 2.133217947924693902e+01 3.849023011457917676e+01
2.216568350948639079e+02 2.134673559041742408e+01 3.849668862251871815e+01
2.216748403935178544e+02 2.134113656689972416e+01 3.854635084739089024e+01
2.216598286656054313e+02 2.134483662483617650e+01 3.854974153593466468e+01
2.216694573660852257e+02 2.135653641277751902e+01 3.853282746750215182e+01
2.216802369207058234e+02 2.136496813495255509e+01 3.857538994605722849e+01
2.216722979395998436e+02 2.142599152890353764e+01 3.848427672248440246e+01
2.216584123162767810e+02 2.142729650525084395e+01 3.852789780685225196e+01
2.216318222982208397e+02 2.141726506207075076e+01 3.847729847396515623e+01
2.214848414622485109e+02 2.135113988558957487e+01 3.831043699832940774e+01
2.213814220867246831e+02 2.133860198783897033e+01 3.825214055495244025e+01
2.213626585518137517e+02 2.138300830797441776e+01 3.819729442403856723e+01
2.213622141848678950e+02 2.135330097141989469e+01 3.821743718395104139e+01
2.213576793920610157e+02 2.138883795231211593e+01 3.821505560211721075e+01
2.213665116069771273e+02 2.140464616578824675e+01 3.820763636159094290e+01
2.214098041972989108e+02 2.136119495334147089e+01 3.827533200960732529e+01
2.214435895849387634e+02 2.129165321378550146e+01 3.834842418481164827e+01
2.214470038980543336e+02 2.129066998160658386e+01 3.840091460842272397e+01
2.214390412923765723e+02 2.130706993435743968e+01 3.844468981499710480e+01
2.214462377869401166e+02 2.132880904033614300e+01 3.839779503996489751e+01
2.214462850360837081e+02 2.128442184485406230e+01 3.843461562259184205e+01
2.214356956030171943e+02 2.130876865356815486e+01 3.842188197838914476e+01
2.214117942862285702e+02 2.134204780038361804e+01 3.844159837102952793e+01
2.214477013854123868e+02 2.135713040201146384e+01 3.843143530523509099e+01
2.214890072617433816e+02 2.135502219022280102e+01 3.848288849764598041e+01
2.214675876499738365e+02 2.140759923726382397e+01 3.846544456381727883e+01
2.214196162694551049e+02 2.142458530439135700e+01 3.843823805693521933e+01
2.214136246280536113e+02 2.146785539512096364e+01 3.837544844499693397e+01
2.213852436424589882e+02 2.144013702251646691e+01 3.839110591120535787e+01
2.214027123258391043e+02 2.142580928220676029e+01 3.840363368413947143e+01
2.214180986719615589e+02 2.143693533054713285e+01 3.846510594495475033e+01
2.213948689679999688e+02 2.142880510290751062e+01 3.846003566185363098e+01
2.214323589134946815e+02 2.144145437363947693e+01 3.843001783092681478e+01
2.213902453018039012e+02 2.142031375681315808e+01 3.842823473824537217e+01
2.213935707415303114e+02 2.144035976847919756e+01 3.845386964861261703e+01
2.214297107114933567e+02 2.142340520078073496e+01 3.841467535900911656e+01
2.214280457416709282e+02 2.142781287089171371e+01 3.844594529224157498e+01
2.214493798549901271e+02 2.144207536238405609e+01 3.844090313363070521e+01
2.214648651993182682e+02 2.141914377801902347e+01 3.844751688875638962e+01
2.214183675420883048e+02 2.143455824863174186e+01 3.836073146174225457e+01
2.214044762938671624e+02 2.144407107621174191e+01 3.836811807785984030e+01
2.214148463559097877e+02 2.144561117329748257e+01 3.836441914490299609e+01
2.213754664446706784e+02 2.143901879278438116e+01 3.828323724132500416e+01
2.211604322171660613e+02 2.127824120687812481e+01 3.818761959939475759e+01
2.210065800057373906e+02 2.115321209803072477e+01 3.806978023523323884e+01
2.209678627074884218e+02 2.104549080047924292e+01 3.817776027809495787e+01
2.210245729296156583e+02 2.100232870779217009e+01 3.823938666111676810e+01
2.210236999454384943e+02 2.099340874446650673e+01 3.827355454182392691e+01
2.210774222217222302e+02 2.101108104915598318e+01 3.831308407535113503e+01
2.210616218831033564e+02 2.100862859360674051e+01 3.833825099420072746e+01
2.210707578425140980e+02 2.102642914597172918e+01 3.833785837631693028e+01
2.210630191077786719e+02 2.107440277644967708e+01 3.833805299778941844e+01
2.210600682862623216e+02 2.112027944493506126e+01 3.823150392899128747e+01
2.210855648241375491e+02 2.112769081060405796e+01 3.823571022775212214e+01
2.211051574690208668e+02 2.115506831438680280e+01 3.826470095229524304e+01
2.211230648944487882e+02 2.114301865778682910e+01 3.822110349249919636e+01
2.212028675730252303e+02 2.114203880054673945e+01 3.827692385575511480e+01
2.212450723080644082e+02 2.117089902745512831e+01 3.815532030981938760e+01
2.212672917803364783e+02 2.120086848425872361e+01 3.824185261642132616e+01
2.213031313807437357e+02 2.124166249486728120e+01 3.827970143041157058e+01
2.212957008904213581e+02 2.124367058347067427e+01 3.831814085869693542e+01
2.212891737587256102e+02 2.128094678283956043e+01 3.830590558046135641e+01
2.213142068050016462e+02 2.127994217604805982e+01 3.830412586271874176e+01
2.212772478498827127e+02 2.128037416821820216e+01 3.826803089194008578e+01
2.212792514385676839e+02 2.129939869839859057e+01 3.830850878327830600e+01
2.213328555919923986e+02 2.133069113122324723e+01 3.841572271502578673e+01
2.213550728143052311e+02 2.136106783064557035e+01 3.847921318926094614e+01
2.213512388837952187e+02 2.130168128202676314e+01 3.851489979244126260e+01
2.213182533566579195e+02 2.131011187922218753e+01 3.850851103323752511e+01
2.213679009567951539e+02 2.139413098137596236e+01 3.848149802284833498e+01
2.213931747487076791e+02 2.147641986488994803e+01 3.850478735072926639e+01
2.214543916391515381e+02 2.152831517428746722e+01 3.850192315264285980e+01
2.214589928057554005e+02 2.156611336419527447e+01 3.851243946203474877e+01
2.214431047187269712e+02 2.153930510009505994e+01 3.850497747228331491e+01
2.214675662753612642e+02 2.155927236318841622e+01 3.856008347348704035e+01
2.215061080767911221e+02 2.156219168527570318e+01 3.850016705947204798e+01
2.215593184873524137e+02 2.153784375158200248e+01 3.852670645344553435e+01
2.216321395424707816e+02 2.159632919153340325e+01 3.856817207688110472e+01
2.216885696446751979e+02 2.163819193277121755e+01 3.860453929272532037e+01
2.216575123325889649e+02 2.165295504018989803e+01 3.853553866836163877e+01
2.213842750350149799e+02 2.147151495379146269e+01 3.835157075278010552e+01
2.212369657049966065e+02 2.138934419313649826e+01 3.825617473183298500e+01
2.212176824295059703e+02 2.145173556229293510e+01 3.820985819632019087e+01
2.212164899511196268e+02 2.147585062520741772e+01 3.820886371434517770e+01
2.212936939267975731e+02 2.148704192236515809e+01 3.828719491959208199e+01
2.213158582750687629e+02 2.148154189705311623e+01 3.832277127477064482e+01
2.213386492369825760e+02 2.148406972623621058e+01 3.833379944988497101e+01
2.213761898065597507e+02 2.150622057475208138e+01 3.837120052199053788e+01
2.214444839437285282e+02 2.152438674549023645e+01 3.847281880515915731e+01
2.214726253086662666e+02 2.159884914585922999e+01 3.843936528650418438e+01
2.215255117250999888e+02 2.158874682896372477e+01 3.852511460729774484e+01
2.215661786130126529e+02 2.164957785140144253e+01 3.850273313796187580e+01
2.216071751199509379e+02 2.167719497584106136e+01 3.856579049504727408e+01
2.216327931556240571e+02 2.175249323606009710e+01 3.854216367328341875e+01
2.216923428262862785e+02 2.177575668941000586e+01 3.860765886118313972e+01
2.216948042816723898e+02 2.180734724183124129e+01 3.857006091764586841e+01
2.217103132505723408e+02 2.181497347860570102e+01 3.861169866296173581e+01
2.217488258025323375e+02 2.189800147372328709e+01 3.855450019968387920e+01
2.217782777687154407e+02 2.192730831753674536e+01 3.857460133535079905e+01
2.218245920542690044e+02 2.195362046562906144e+01 3.860776235930723743e+01
2.218541643932703664e+02 2.195833750513271809e+01 3.860347956193294294e+01
2.218709704636603419e+02 2.193455881112154771e+01 3.862776224680927584e+01
2.218792424387307847e+02 2.198004623666195911e+01 3.860392955377683677e+01
2.218960608838964674e+02 2.199988750203902654e+01 3.859278100584426596e+01
2.219315326159713493e+02 2.204776550925014433e+01 3.861761493072938123e+01
2.219597054803381582e+02 2.205462338495114949e+01 3.864399907751671748e+01
2.220192720256945336e+02 2.205741445936292422e+01 3.864181774205342634e+01
2.220144323634134196e+02 2.205301578908882121e+01 3.871013325383477621e+01
2.220196983929666317e+02 2.202829211220546668e+01 3.873008476721359727e+01
2.220238619425022932e+02 2.203815255848487809e+01 3.874629234845118475e+01
2.220916588386835429e+02 2.199653056288354946e+01 3.884033839386660958e+01
2.221548151939745992e+02 2.202004376170681965e+01 3.887124720864434124e+01
2.221672248440497128e+02 2.202466630292325789e+01 3.886545018871532875e+01
2.221694736782895916e+02 2.202347832445536824e+01 3.897712128967662437e+01
2.221988761453698658e+02 2.206097389484815707e+01 3.894818231419555588e+01
2.221627879244688586e+02 2.218563401038356275e+01 3.887779571495266850e+01
2.221715458907307266e+02 2.227357929137534498e+01 3.883221491610464682e+01
2.220620505003346921e+02 2.217192275889999564e+01 3.880138709985881462e+01
2.220264088963387508e+02 2.217745428364110793e+01 3.879922713900810294e+01
2.220217987298980233e+02 2.213839049167233952e+01 3.876426727265567962e+01
2.217104977472283451e+02 2.187639624031814378e+01 3.854550036280592451e+01
2.213252214803606819e+02 2.154627209881821059e+01 3.835012065406314719e+01
2.211973765475500784e+02 2.144012689769997948e+01 3.829265219567895429e+01
2.212168690692481334e+02 2.146230137078765310e+01 3.828642768349823911e+01
2.212512675707752692e+02 2.152851542065799961e+01 3.830793054375889284e+01
2.213304942597915499e+02 2.160050849078360358e+01 3.834728908038541562e+01
2.213851063949466038e+02 2.165094357664767344e+01 3.843475961998188950e+01
2.214158318380479216e+02 2.163894791906896842e+01 3.850631732299851961e+01
2.214169399429635234e+02 2.170477835089238994e+01 3.847731647363891483e+01
2.214771859760041934e+02 2.172569509677637001e+01 3.851319544833249608e+01
2.215674813394007288e+02 2.178943981640332694e+01 3.844531642863972820e+01
2.216020182134198819e+02 2.185468413385007480e+01 3.842324207873732433e+01
2.216231453304908712e+02 2.184659553045601044e+01 3.839500509053273447e+01
2.216459666668541502e+02 2.184376958167633376e+01 3.838177533032213518e+01
2.216334523936753556e+02 2.186805564149149816e+01 3.838087984655278007e+01
2.217041967364341417e+02 2.182405318903594704e+01 3.847885994566348700e+01
2.217509688886889023e+02 2.180431429680336919e+01 3.860015524718614444e+01
2.217668378510639400e+02 2.180078073584916254e+01 3.864577992023894382e+01
2.217830139328724783e+02 2.179348186814113930e+01 3.868571107148682842e+01
2.217940713574566587e+02 2.181643032720031883e+01 3.868639843402838352e+01
2.218063021357737910e+02 2.177775802813573947e+01 3.876205331278370636e+01
2.218009888570769590e+02 2.180867359279113060e+01 3.881266952036494189e+01
2.217752189491565389e+02 2.183456162357057195e+01 3.883502174023095677e+01
2.217508080166047080e+02 2.180121385299891301e+01 3.883450762454930327e+01
2.217607517113752351e+02 2.180721449423729297e+01 3.866910074754895277e+01
2.218241533122212275e+02 2.183368976437301967e+01 3.858559801103604769e+01
2.218186454120518931e+02 2.187037759940601234e+01 3.850909264769575913e+01
2.218548652555672334e+02 2.187664486081189708e+01 3.848423959815728068e+01
2.218730224264685091e+02 2.189446116289142097e+01 3.852885178956131540e+01
2.218502528391672968e+02 2.193376345053745879e+01 3.859336487026172335e+01
2.218270400098998323e+02 2.186955411433167740e+01 3.869800147372328780e+01
2.218847559637981703e+02 2.190635332234603183e+01 3.873232460161659674e+01
2.218485608698342446e+02 2.189099622569341008e+01 3.877506482695001466e+01
2.218846468407760142e+02 2.190915564655390568e+01 3.879832378038148022e+01
2.219184367283342851e+02 2.198225569661549983e+01 3.871211659288675122e+01
2.219624448056879089e+02 2.203283702982883341e+01 3.867911531603489550e+01
2.219809147209206799e+02 2.208931550615644923e+01 3.863807605987141613e+01
2.219843391588527481e+02 2.212190729043036086e+01 3.858193732738594406e+01
2.220414161243327555e+02 2.210983063431975282e+01 3.868763591159910220e+01
2.220498950956513795e+02 2.213905760458091621e+01 3.865355915424032673e+01
2.220314454300515763e+02 2.214385001771842809e+01 3.864742576540800201e+01
2.219865148694179879e+02 2.211868309886883210e+01 3.863551110636120001e+01
2.218328651543190801e+02 2.198358317255499728e+01 3.853757038153683112e+01
2.215965283129243346e+02 2.183138580613226409e+01 3.842756875031640362e+01
2.215181307338804402e+02 2.177042766099864579e+01 3.833531367243968901e+01
2.214544805125406981e+02 2.175279923051394704e+01 3.832315826775639778e+01
2.214772905991079028e+02 2.178675449007486620e+01 3.834298940831697422e+01
2.215081150404148786e+02 2.178212407400116035e+01 3.839427947868444591e+01
2.215435473982034011e+02 2.184574729583026453e+01 3.838085622198097724e+01
2.215743695895511962e+02 2.190788329461528505e+01 3.840087635911599051e+01
2.215716595136713067e+02 2.193312446211912459e+01 3.842536379028130256e+01
2.215818000798735454e+02 2.195086539056479680e+01 3.845363677783340250e+01
2.216070491222346561e+02 2.196919805828519401e+01 3.849426091652088644e+01
2.216715408283224917e+02 2.201374837581068888e+01 3.853845686546931404e+01
2.217394175980560362e+02 2.202838323555385713e+01 3.858660824272560319e+01
2.217802059837665354e+02 2.200497803477312075e+01 3.863246128663917744e+01
2.217470393349120457e+02 2.194313678064585105e+01 3.864749326418458963e+01
2.217869997356297915e+02 2.196047271643201526e+01 3.858483077494220481e+01
2.217805524774863386e+02 2.200033861886253206e+01 3.868271187584725368e+01
2.217871178584888128e+02 2.201966126863950635e+01 3.869530039768029184e+01
2.218058296443377060e+02 2.201203728182426644e+01 3.877123989627688161e+01
2.217857701329163547e+02 2.200672962802549293e+01 3.879614806981623332e+01
2.217905321716043829e+02 2.204977247287392927e+01 3.880219708517783062e+01
2.218493101062543360e+02 2.206788914450925532e+01 3.880638763422413007e+01
2.218469127747059702e+02 2.207029997581294012e+01 3.868468734004196108e+01
2.218469105247467326e+02 2.207889482003138681e+01 3.856113307946293389e+01
2.218912977202288346e+02 2.209513615065726810e+01 3.857721353800462083e+01
2.218787519476209411e+02 2.210451285570449187e+01 3.854762657426834238e+01
2.218898138721235682e+02 2.210751542628289812e+01 3.854719795703702800e+01
2.219224135312547332e+02 2.212040206771252215e+01 3.857422671714075335e+01
2.219176503675871004e+02 2.217454396139070028e+01 3.866451758061884902e+01
2.218836276092495723e+02 2.218499164702639703e+01 3.872408412597521732e+01
2.218823890066992419e+02 2.219535383421175467e+01 3.869272531935358472e+01
2.218976414802481827e+02 2.221699619194401976e+01 3.871612714519549314e+01
2.218996889431379032e+02 2.222411393793487377e+01 3.875833863011232694e+01
2.219630635444732434e+02 2.223012245403052134e+01 3.870186915362159397e+01
2.220013769750423194e+02 2.220686912549710001e+01 3.867145420489253382e+01
2.220151534753432543e+02 2.221031718800096755e+01 3.865399114641046907e+01
2.220179917988986347e+02 2.224829087472789624e+01 3.868266575168325261e+01
2.220278679948926026e+02 2.224820650125716526e+01 3.869009286706678097e+01
2.220268453884273470e+02 2.234204892536322618e+01 3.861979289125384440e+01
2.220182865435563997e+02 2.234471625201793188e+01 3.863248041129254773e+01
2.220196747683948217e+02 2.242000213746125681e+01 3.859202614452613034e+01
2.220251646688903691e+02 2.244451094323915541e+01 3.866852700794797926e+01
2.220676720234445725e+02 2.241580371355769330e+01 3.865480338168870844e+01
2.220082944746626481e+02 2.236991579527620999e+01 3.867498664086713234e+01
2.220055866487419962e+02 2.236344828749978930e+01 3.861093592678632547e+01
2.220236043221716500e+02 2.233389394817218943e+01 3.870917139626844516e+01
2.220260927770684134e+02 2.235792351263633293e+01 3.868301112042344414e+01
2.220045797919912616e+02 2.232090043367963972e+01 3.866521956789533476e+01
2.219891236971329818e+02 2.228134727558062878e+01 3.867348029316968905e+01
2.219771842885347723e+02 2.226159825853156349e+01 3.864167149470415552e+01
2.219940623576197822e+02 2.223495086651554331e+01 3.868133040088648045e+01
2.220141027443877704e+02 2.225870143603647122e+01 3.870082404756414007e+01
2.220697948599681695e+02 2.231213796749933920e+01 3.873592228640855950e+01
2.220421934852430752e+02 2.229344643128343151e+01 3.877872888553894626e+01
2.220074327402815868e+02 2.230517996861306784e+01 3.877903375501318806e+01
2.220716533262834673e+02 2.232350588645580913e+01 3.882871735449794670e+01
2.220685517574993924e+02 2.231157997761290446e+01 3.882410268813877963e+01
2.221100230058330283e+02 2.235412783143305404e+01 3.880732811717787456e+01
2.221296347753697091e+02 2.238070322475405050e+01 3.885156119045342393e+01
2.221690248114252881e+02 2.238308368160826944e+01 3.892225040921132972e+01
2.222360195971448036e+02 2.245382352444861951e+01 3.893452393675364931e+01
2.222283089868996058e+02 2.244893661302388921e+01 3.897238400053998930e+01
2.222338843858454993e+02 2.244694427413503135e+01 3.894286678553951475e+01
2.222089289631625491e+02 2.251743099656318847e+01 3.888511595727327119e+01
2.222190830291200996e+02 2.260231295807763630e+01 3.884804337921374895e+01
2.222356562287308464e+02 2.264807262868360382e+01 3.886128438922044381e+01
2.222224332183979243e+02 2.265342978158520992e+01 3.882194385226767963e+01
2.222138214994853342e+02 2.267028985099645055e+01 3.879092928940662688e+01
2.222471591452404880e+02 2.264356258542813904e+01 3.893091950208402352e+01
2.222807589112447317e+02 2.264320709187146008e+01 3.894312665582936006e+01
2.222901941152316567e+02 2.266355684803212966e+01 3.890588420584877127e+01
2.222609266457045578e+02 2.263109556139295009e+01 3.889597988536457507e+01
2.222369409554451920e+02 2.260685337578256338e+01 3.889473903285502843e+01
2.222560678587700522e+02 2.256885043958578407e+01 3.890159465859681376e+01
2.223173488730516851e+02 2.256453389282319222e+01 3.892853229535214865e+01
2.223745124619616149e+02 2.256961205078157917e+01 3.892857279461809838e+01
2.223546813214010456e+02 2.256633723513761325e+01 3.897273386919862048e+01
2.223696413002514305e+02 2.258901007419240514e+01 3.899358874120406426e+01
2.223912814080244686e+02 2.261690169365680347e+01 3.901494535411545428e+01
2.224107784296409704e+02 2.264724464369083279e+01 3.898884470218977327e+01
2.224175170575033462e+02 2.266480782535816374e+01 3.899587582475067649e+01
2.224290998475652543e+02 2.267092321451673698e+01 3.898751947620949210e+01
2.223969839296662769e+02 2.265996028821977504e+01 3.905260179659243391e+01
2.223713917685242052e+02 2.264186724115625537e+01 3.909508665155443907e+01
2.223559187989717714e+02 2.270570308413159921e+01 3.911896096883243956e+01
2.223670853465780795e+02 2.269478628199863834e+01 3.918106434320878151e+01
2.224088524645490850e+02 2.271379168752566358e+01 3.915436632711032416e+01
2.224020699624819315e+02 2.271025250167340559e+01 3.916426389771685734e+01
2.224148846052165425e+02 2.274825768782940827e+01 3.910332937715504187e+01
2.223675420882996434e+02 2.278090234614497689e+01 3.903357726641204550e+01
2.223816819570145356e+02 2.281423999190014840e+01 3.898030160703337543e+01
2.224068747503951613e+02 2.282083462237246962e+01 3.898487239918776481e+01
2.224768732316726698e+02 2.284469881483398268e+01 3.900821347613074863e+01
2.224968866189300343e+02 2.285811194672096391e+01 3.898366979598494453e+01
2.224865581811329776e+02 2.280348181189215850e+01 3.905371215146725206e+01
2.224632519785578779e+02 2.281592971127398428e+01 3.902004938660486744e+01
2.224542847660886196e+02 2.278335930161265921e+01 3.901683306990060629e+01
2.224700693549929440e+02 2.277887963280665673e+01 3.899666556043671761e+01
2.224858033198148348e+02 2.274246404283922374e+01 3.909043711082736650e+01
2.225002604327796689e+02 2.272018832158667223e+01 3.915735427295380333e+01
2.225187483476861985e+02 2.271977545406989663e+01 3.917430771567265424e+01
2.225019434022758276e+02 2.270747605199655794e+01 3.920852734544186546e+01
2.225208419347399342e+02 2.273684251972932913e+01 3.917874688521270343e+01
2.225143125530849773e+02 2.274693021188991082e+01 3.910209639950275573e+01
2.225037816189581577e+02 2.273912172841867374e+01 3.913761313076200565e+01
2.224925790720043324e+02 2.275251798561151162e+01 3.908727254318515776e+01
2.225092073956159595e+02 2.278613012639145907e+01 3.911530366012115678e+01
2.225751132010732363e+02 2.286392246640529535e+01 3.912480748786428109e+01
2.225575646441408253e+02 2.285137781877703489e+01 3.913911610352062098e+01
2.225453867398653358e+02 2.288943925391352252e+01 3.911507866419920987e+01
2.225467592149892369e+02 2.290698893582553808e+01 3.911405493275434253e+01
2.225536755896299326e+02 2.287132258227819648e+01 3.915459919788953869e+01
2.225824604429044768e+02 2.289355555430557843e+01 3.915430107829295281e+01
2.226057835201737021e+02 2.286285486075565032e+01 3.916509188270962483e+01
2.226441453248659741e+02 2.287077471720824917e+01 3.921094830156203415e+01
2.226396049071610719e+02 2.289068685630072864e+01 3.918117459121053514e+01
2.225981134091944682e+02 2.290811391543528330e+01 3.916052446549406341e+01
2.226443714457675469e+02 2.287865857431334149e+01 3.913470955838925391e+01
2.226802065462563576e+02 2.292863916841507077e+01 3.917058065822556756e+01
2.226576417052440888e+02 2.293514042557978527e+01 3.916959855102626165e+01
2.226537672754681410e+02 2.291790011306045116e+01 3.916687722535029081e+01
2.226579027005135458e+02 2.294270028855726906e+01 3.917654755007565370e+01
2.226593955484556773e+02 2.296915980897846055e+01 3.919387111108611066e+01
2.226996124445244334e+02 2.296555874924766982e+01 3.921342663164229947e+01
2.226546177600530996e+02 2.300098885707696539e+01 3.921911115361034206e+01
2.226697554856818329e+02 2.299130165765745559e+01 3.918903032382537788e+01
2.226448540620201300e+02 2.301109679887052195e+01 3.922366957098902418e+01
2.226655469369617606e+02 2.296872556684910194e+01 3.920582514441925781e+01
2.226849123359639009e+02 2.306369072060568826e+01 3.918550351274883070e+01
2.227123089644000231e+02 2.309117172251253081e+01 3.915791563777906248e+01
2.226973872348563646e+02 2.308141477435721356e+01 3.914131093873923817e+01
2.227101681282026675e+02 2.311021987726472560e+01 3.911817123314639844e+01
2.227164376395677721e+02 2.313132449474353436e+01 3.909797222425343222e+01
2.227224754051332809e+02 2.308510020755873882e+01 3.921298901457411290e+01
2.227273184423532371e+02 2.302658326817826406e+01 3.920448979362249275e+01
2.227536362153435903e+02 2.303065906930437023e+01 3.913998571275895699e+01
2.227474465775307806e+02 2.304954972691119863e+01 3.921733931072499502e+01
2.227463069731861083e+02 2.306843250966076297e+01 3.923412738144121192e+01
2.227827506876437837e+02 2.305756858156945910e+01 3.924982422193597387e+01
2.227520196196443862e+02 2.304452556797408036e+01 3.923411388168589298e+01
2.227633717888863316e+02 2.306238236931955754e+01 3.931000388117965372e+01
2.227581012594146728e+02 2.304892086330935186e+01 3.930184440407017377e+01
2.227312671207834285e+02 2.301266389546689339e+01 3.928249587976218038e+01
2.227404469543989478e+02 2.300019912139092426e+01 3.922756762533678909e+01
2.227849275231886281e+02 2.301648770116041476e+01 3.931528116052896848e+01
2.227718710098379518e+02 2.304906036078095966e+01 3.925433201523222237e+01
2.227713625190543496e+02 2.306630629819834510e+01 3.926038440553264763e+01
2.227438072684932706e+02 2.308439147040459716e+01 3.924181324213498812e+01
2.227633155399058467e+02 2.312821955102063853e+01 3.928091190847165848e+01
2.228669036623711293e+02 2.325603860930020517e+01 3.932381075593004738e+01
2.229231706425321136e+02 2.331814760857459490e+01 3.938055135250673544e+01
2.229446386284248547e+02 2.330817578931381817e+01 3.938718085734696217e+01
2.229174579960738072e+02 2.330095567017847813e+01 3.936371040774886154e+01
2.229338433240897643e+02 2.331807110996113153e+01 3.935450244964309974e+01
2.229504288984762184e+02 2.335142563041044994e+01 3.932813405257029871e+01
2.229073781787705002e+02 2.331961233202648032e+01 3.929626788014467564e+01
2.228548450059342656e+02 2.330398636524713041e+01 3.925848993986983970e+01
2.228480253795399904e+02 2.329306843813455785e+01 3.925197405797020167e+01
2.228451431817798323e+02 2.328652555672428548e+01 3.928103228128990310e+01
2.228878035335609411e+02 2.332095443270090840e+01 3.935013415381845903e+01
2.229503152755356439e+02 2.337953437093952758e+01 3.937291499091578828e+01
2.229830938064247619e+02 2.336897868726129346e+01 3.936306241949364448e+01
2.229539118353479807e+02 2.333857386334872785e+01 3.935279698055472863e+01
2.229289339130728251e+02 2.324222498467215203e+01 3.940338056372728204e+01
2.229309082522879351e+02 2.320231520803685399e+01 3.940572052131555125e+01
2.229462124748988856e+02 2.321098542588915592e+01 3.941929340030711870e+01
2.229641705244092407e+02 2.318920582064449931e+01 3.946395621579358703e+01
2.229494141668682232e+02 2.317177088665268059e+01 3.946609705199093554e+01
2.229086944049139163e+02 2.317468795878074772e+01 3.939446960023849442e+01
2.229129603275940497e+02 2.327076234243254405e+01 3.932158442128236686e+01
2.229080666662916599e+02 2.328509008274225067e+01 3.936658135571293116e+01
2.228999544383258069e+02 2.326968011204796838e+01 3.929747498326592847e+01
2.228946805339153343e+02 2.324168386947986420e+01 3.930074417401184661e+01
2.228853184536030199e+02 2.324287297292736554e+01 3.927946743465274437e+01
2.228641969614300820e+02 2.322011688538145080e+01 3.927935043677333482e+01
2.228833981134091857e+02 2.323467524651115568e+01 3.927429252844792273e+01
2.228865413064388292e+02 2.323681158279006098e+01 3.929555914299053399e+01
2.228697206113139089e+02 2.323896591874272133e+01 3.924547617574431513e+01
2.228503990865165463e+02 2.322786686991298311e+01 3.925674847143395851e+01
2.228268948875301589e+02 2.325112582334445221e+01 3.925795107463677169e+01
2.228173291859085055e+02 2.319440885133957053e+01 3.924749663912341902e+01
2.227694163043294964e+02 2.319577457658579789e+01 3.922645952042119433e+01
2.227527373566354072e+02 2.319304762601177927e+01 3.920918883345239436e+01
2.227451459942288636e+02 2.309937957374522455e+01 3.922027213256759381e+01
2.227266727040572505e+02 2.307134283191117063e+01 3.925681822016976241e+01
2.227731703612872138e+02 2.305336340778823256e+01 3.930626669891608316e+01
2.227526417333685913e+02 2.304677440221395912e+01 3.931769649175108583e+01
2.227417035566230368e+02 2.304905586086252356e+01 3.929988131465117362e+01
2.227362609052710809e+02 2.306927286942924127e+01 3.926151163510161268e+01
2.227511005113032354e+02 2.315005090532734044e+01 3.923592622383718975e+01
2.227378876257867830e+02 2.317562169185683629e+01 3.922164235773226437e+01
2.227407596987304714e+02 2.320166834476125217e+01 3.922301483285615120e+01
2.227768850439585719e+02 2.319012380400605267e+01 3.921724931235621625e+01
