2.202252434174630480e+02 2.166642554603697945e+01 3.975300847672136229e+01
2.202430372199503950e+02 2.168440609513952566e+01 3.976530787879469386e+01
2.202648719491959071e+02 2.170624532430349873e+01 3.978722810649056640e+01
2.202083743482149316e+02 2.165725696221755925e+01 3.972520910558495899e+01
2.202690073742413404e+02 2.185070958088884652e+01 3.941337938249868955e+01
2.203115968523070478e+02 2.211249683599484683e+01 3.894514936916768733e+01
2.203927438815171342e+02 2.236771646013916026e+01 3.832280389917932695e+01
2.204491391093536379e+02 2.244511955720802732e+01 3.805400014624734695e+01
2.204571950883390343e+02 2.256450351837372992e+01 3.783978940381705769e+01
2.205088721516922590e+02 2.262301258289693351e+01 3.775418970531158891e+01
2.205381621208115632e+02 2.266494619785016340e+01 3.777854663884217246e+01
2.205428004117425473e+02 2.269060585776882633e+01 3.779618856908218305e+01
2.205631186684741465e+02 2.267444777563406788e+01 3.781325000984357132e+01
2.205543112031094495e+02 2.272302214522361652e+01 3.782626489894870758e+01
2.205610959551358121e+02 2.272843217216687961e+01 3.789219657893700344e+01
2.205441650120091595e+02 2.276610886427683411e+01 3.787131020750248922e+01
2.205323111018612678e+02 2.273965271879447059e+01 3.791069236870081482e+01
2.205542830786191928e+02 2.275864237460696060e+01 3.789026386396746204e+01
2.206058431440930008e+02 2.275662641114629636e+01 3.788461646632654833e+01
2.206712944577879512e+02 2.280070761217453068e+01 3.791764136775020688e+01
2.206578217019816464e+02 2.283613434506499473e+01 3.789275681878265800e+01
2.206583493174186117e+02 2.280452804292922053e+01 3.789468615881337143e+01
2.206657280586789227e+02 2.280697262362119559e+01 3.785548174439337998e+01
2.207048109753010863e+02 2.290411123798381254e+01 3.789803409813197277e+01
2.207251899809315887e+02 2.301372587621849419e+01 3.781376975042327615e+01
2.207125980841597368e+02 2.306194812719019538e+01 3.781496785370764968e+01
2.206982534691558726e+02 2.308672242815599063e+01 3.778119034092507178e+01
2.207121030931314465e+02 2.313193423369201440e+01 3.774830606195262561e+01
2.208123342764412484e+02 2.307395840950382748e+01 3.792782693313683495e+01
2.208511899471822062e+02 2.305093345183118458e+01 3.798419741142191697e+01
2.208913123449637510e+02 2.299658906182325424e+01 3.801228027741996840e+01
2.208722428155989803e+02 2.298283618609412571e+01 3.805593961109455137e+01
2.208845534674684075e+02 2.299913601565971533e+01 3.803409813197135492e+01
2.208719041967364376e+02 2.310652094430788495e+01 3.800858809434078722e+01
2.208660925520725016e+02 2.324972522373031936e+01 3.792011294795281628e+01
2.208760609963944432e+02 2.327034272503810897e+01 3.792225490912976937e+01
2.203910541621433197e+02 2.295574892705069558e+01 3.760678025210793152e+01
2.192843779706492739e+02 2.221438173933097460e+01 3.691952458361691924e+01
2.189903150505397207e+02 2.191582902559891011e+01 3.680027337004516852e+01
2.191388652330676621e+02 2.194874930391886636e+01 3.688139227476501958e+01
2.193551009387954878e+02 2.202461230390199276e+01 3.710233489518002159e+01
2.194991950770892402e+02 2.208344423757319319e+01 3.720579027005135231e+01
2.196224770926027077e+02 2.215307485051833325e+01 3.724833024901423784e+01
2.197105764958010070e+02 2.222229372092630939e+01 3.730141128692042685e+01
2.197903566747852722e+02 2.231305482588128086e+01 3.738512776955917616e+01
2.198381401837091573e+02 2.233439006418008788e+01 3.739415685590698502e+01
2.198603079069191892e+02 2.237195538330867706e+01 3.739125890843228461e+01
2.198935701790404948e+02 2.239964225648409979e+01 3.747428577857026255e+01
2.199477266974536178e+02 2.251186684741339050e+01 3.744508918275856502e+01
2.200103498124096575e+02 2.255550593145499150e+01 3.744479893801924675e+01
2.200526332960214972e+02 2.262653714401426441e+01 3.747445565049133620e+01
2.201119219714142616e+02 2.266999173139986823e+01 3.747654811256546026e+01
2.201116632261040138e+02 2.267066784414532421e+01 3.751081049155983749e+01
2.201728238675673879e+02 2.259839352911728483e+01 3.748074878642824359e+01
2.202426288523520554e+02 2.258020260882771524e+01 3.751508316411764810e+01
2.202985785882630978e+02 2.259250988575832153e+01 3.754824756301292155e+01
2.202857988198963994e+02 2.256315016790320627e+01 3.755610104566854801e+01
2.203321052305927026e+02 2.258709760885583862e+01 3.757377897525607580e+01
2.203225699034204865e+02 2.258345829981831443e+01 3.754556673660290045e+01
2.203435845225305343e+02 2.264262097749478286e+01 3.758980768473571743e+01
2.203220029136971903e+02 2.261009781697706700e+01 3.754514036933080234e+01
2.203239862527491653e+02 2.268283449862471102e+01 3.756446414408738832e+01
2.203572012757268794e+02 2.270755142563040963e+01 3.756849944594754476e+01
2.203541480810660289e+02 2.277468233388269780e+01 3.761803117318498835e+01
2.203674903392376052e+02 2.280076723609384715e+01 3.762507579550120340e+01
2.203681878265956300e+02 2.282300920795810484e+01 3.761074355527306068e+01
2.203545418239294520e+02 2.283261540884571517e+01 3.763211366793976964e+01
2.203907470427098474e+02 2.285734021070868138e+01 3.765615560717962040e+01
2.204539225226542669e+02 2.285031133810699799e+01 3.773448343748769673e+01
2.204760711212109356e+02 2.288876764108650619e+01 3.781647645136431635e+01
2.205152901603658506e+02 2.288143727394940896e+01 3.784049026611392463e+01
2.205246094914529635e+02 2.291498979081003995e+01 3.784806137888750754e+01
2.205224630303575850e+02 2.292056406477632535e+01 3.783366838976043312e+01
2.205348985549636893e+02 2.297662967358716557e+01 3.778701886028315471e+01
2.205646081414774358e+02 2.303602184710402057e+01 3.776930155640928888e+01
2.205425169168808850e+02 2.302539078979193476e+01 3.774242241859366231e+01
2.205534067195032151e+02 2.302015175974935346e+01 3.775042102361894791e+01
2.206381064343208891e+02 2.302869147996692689e+01 3.784115962898172825e+01
2.206600131622614356e+02 2.308711842097861933e+01 3.783738532239102881e+01
2.205971763011795304e+02 2.303424212936140592e+01 3.781953639590282279e+01
2.199259673418419254e+02 2.254019495896636727e+01 3.738703910991613100e+01
2.189092861441886271e+02 2.183292477823839306e+01 3.678862420618626317e+01
2.187467175907436570e+02 2.171503141505560208e+01 3.676392865379315111e+01
2.188792334388939196e+02 2.174719795703702729e+01 3.681822691963708394e+01
2.190604237798189899e+02 2.179884802087962115e+01 3.691492679195189908e+01
2.192042141736181122e+02 2.187902419268650789e+01 3.694679746429596179e+01
2.193442853848274012e+02 2.196161007081746774e+01 3.702908972274877186e+01
2.194345121244677443e+02 2.205811307170057489e+01 3.716900231183309700e+01
2.194955726427458558e+02 2.210253739150977736e+01 3.718657449333731080e+01
2.195344058138946366e+02 2.212790230677068948e+01 3.725020671500328717e+01
2.196369465803432206e+02 2.213766150488522300e+01 3.734340677575219303e+01
2.197002109336768285e+02 2.225386739865339791e+01 3.738418616162581998e+01
2.197780853972021760e+02 2.237662067375028840e+01 3.730543083906604096e+01
2.198064663827967991e+02 2.242223972190504000e+01 3.729809147209206799e+01
2.198205353777962898e+02 2.248322711650851247e+01 3.729980819097654177e+01
2.198425523537385970e+02 2.250149116047271747e+01 3.730553771212896663e+01
2.198679780178984231e+02 2.256069433741513564e+01 3.731991270158228247e+01
2.198961250077342413e+02 2.258940944195386535e+01 3.729509677637092580e+01
2.198586710615870174e+02 2.259271913196573323e+01 3.723674408401348046e+01
2.199251967308092617e+02 2.261458198570150913e+01 3.726058802684201510e+01
2.199329174658709292e+02 2.261310263751469662e+01 3.731089599001018087e+01
2.199841220377880688e+02 2.265384039914276570e+01 3.734096894493787033e+01
2.200241634370377142e+02 2.265837856688847651e+01 3.741084930335637893e+01
2.200139868714879583e+02 2.270588420584876843e+01 3.735332684595091735e+01
2.200244030576945704e+02 2.269616100708174500e+01 3.743606797126802377e+01
2.200407332617096188e+02 2.272156417164939057e+01 3.748439034542499115e+01
2.201018106546818842e+02 2.275592217391059791e+01 3.750957863888717014e+01
2.201628925475725680e+02 2.278133546329472736e+01 3.748704417232437436e+01
2.201854258891557663e+02 2.278833508642656014e+01 3.750236526962948602e+01
2.202174101844404106e+02 2.281431649051360822e+01 3.748483358739122906e+01
2.202301449536227267e+02 2.282752487611162096e+01 3.745486863050606985e+01
2.202565797244924966e+02 2.285433539017105176e+01 3.744795450582458329e+01
2.202428830977438565e+02 2.287515426282898545e+01 3.749210995550705405e+01
2.202137944999746821e+02 2.293818912032219259e+01 3.745311253733525803e+01
2.202216974817331447e+02 2.295484894336290083e+01 3.745003571810261178e+01
2.202282887372666380e+02 2.301051518441228083e+01 3.746966436233343245e+01
2.202196353941084794e+02 2.302843273465668261e+01 3.744356821032619109e+01
2.202531586614992705e+02 2.299026442645726931e+01 3.755711015237848471e+01
2.202589163071419307e+02 2.295899899314325054e+01 3.757149301668907526e+01
2.202918433353395358e+02 2.297647667636024238e+01 3.759729779897739377e+01
2.203195549580663908e+02 2.294939616719446818e+01 3.758192270265101342e+01
2.203463058482064980e+02 2.296861981876578440e+01 3.763128343298777878e+01
2.203698269218870394e+02 2.302430293450931131e+01 3.763619846890274800e+01
2.201767815458344728e+02 2.291720037574318880e+01 3.747526226087152423e+01
2.193370551408755773e+02 2.226570668406635178e+01 3.700281807392241262e+01
2.187330547133833250e+02 2.185203143193029618e+01 3.663824930673131774e+01
2.187194042107986718e+02 2.185103919991450283e+01 3.659984925273229095e+01
2.188434377126914683e+02 2.190417086190312901e+01 3.678289918495227084e+01
2.189661358637874571e+02 2.198579600744736595e+01 3.684205736271029963e+01
2.190570634657246956e+02 2.200002362457180638e+01 3.689385704884099226e+01
2.191408598219157398e+02 2.199870514846918468e+01 3.706394046607905324e+01
2.192327166570105987e+02 2.205716808882839075e+01 3.707554125581474125e+01
2.192741991551403089e+02 2.215136825645035046e+01 3.708965862493742094e+01
2.193017251562315550e+02 2.221935977410409535e+01 3.701327925931342833e+01
2.193334855805738641e+02 2.227820070761217508e+01 3.698193057750827961e+01
2.194459711667726083e+02 2.234597397922162543e+01 3.700463604097176074e+01
2.194924137000016913e+02 2.244206411258796052e+01 3.705478650699456011e+01
2.195824413182511137e+02 2.239733379832490456e+01 3.722220822247597027e+01
2.196287882282133523e+02 2.235743414650609395e+01 3.727584162537053913e+01
2.196777360910333527e+02 2.232888778890882620e+01 3.733630365449626254e+01
2.197532717219500285e+02 2.237273499417823075e+01 3.734606285261079961e+01
2.197987073984284052e+02 2.239818090797104233e+01 3.743231953920835053e+01
2.198528661668007373e+02 2.243825268167014642e+01 3.742543016407827849e+01
2.198887260168409341e+02 2.247799596132320232e+01 3.739569245307428957e+01
2.199196067071284233e+02 2.251841760368093404e+01 3.730408648843239661e+01
2.199596188569082074e+02 2.251245858668811550e+01 3.727381328713416764e+01
2.200030981938452328e+02 2.252381525584848632e+01 3.730821853853898773e+01
2.199791642526479336e+02 2.256840269770110297e+01 3.732859641918989979e+01
2.200029406966998806e+02 2.257086527806683662e+01 3.737029041348625213e+01
2.200109550514396801e+02 2.256422227347129450e+01 3.738755547555700787e+01
2.200128697667354913e+02 2.253950984638403554e+01 3.740253120412192800e+01
2.200247214269241454e+02 2.254594360477216242e+01 3.738900894921279416e+01
2.200258542813911617e+02 2.264856649473228245e+01 3.738376429427216863e+01
2.200042737975374223e+02 2.264158712123342809e+01 3.741594883592734533e+01
2.199961874441025884e+02 2.268401235227611323e+01 3.747558625499912921e+01
2.200318807971605395e+02 2.275158537751503118e+01 3.744805012909141340e+01
2.200764502393394082e+02 2.272522598027910590e+01 3.750716330766504569e+01
2.200970519909326697e+02 2.279091578965131148e+01 3.745149369167683773e+01
2.200752228865851805e+02 2.281208903088631601e+01 3.745170743780268907e+01
2.200779295875262278e+02 2.280256270355099701e+01 3.743456049859096169e+01
2.201039267413278253e+02 2.279892564447269265e+01 3.743175029952582378e+01
2.201196055821488358e+02 2.281730668631631076e+01 3.740735961660694642e+01
2.201143373026363861e+02 2.284679802678576621e+01 3.743313402444580618e+01
2.201154859068179519e+02 2.284213386132376300e+01 3.744837412321901837e+01
2.201107789921307756e+02 2.288853027038884846e+01 3.742226559643606265e+01
2.201305032596284263e+02 2.290194452725544494e+01 3.742728975537318092e+01
2.201210163065794347e+02 2.291929283781731286e+01 3.737129052035931664e+01
2.197675117138501832e+02 2.258881995263836018e+01 3.710443748207063663e+01
2.190454953003976755e+02 2.199015080351668772e+01 3.665552449361855025e+01
2.188878024085813365e+02 2.186909849758973223e+01 3.653741063443224846e+01
2.189848307749421963e+02 2.197464970947401497e+01 3.660737874126031244e+01
2.191013539129603203e+02 2.203964990634544918e+01 3.669082072887428581e+01
2.192311653101287447e+02 2.208417997423796564e+01 3.677111952345863699e+01
2.193154049082860411e+02 2.206610605182780915e+01 3.691109061148266335e+01
2.193730871127960711e+02 2.207769671674700973e+01 3.700286194812719032e+01
2.194496341003819282e+02 2.208713417069315454e+01 3.705028321361675125e+01
2.194918208357473475e+02 2.213158324005377509e+01 3.704048239125665987e+01
2.195729318656099451e+02 2.218055697740478394e+01 3.716584561904815587e+01
2.196294913404694569e+02 2.234520674312778254e+01 3.716467114033557806e+01
2.196543871392331084e+02 2.238685798819896533e+01 3.720010349812409345e+01
2.196856773220985417e+02 2.247617574431463439e+01 3.713561066705666036e+01
2.197312367463339626e+02 2.246911762224309683e+01 3.719244463694095515e+01
2.197671550953139104e+02 2.250304250735455369e+01 3.716633048525995520e+01
2.197400374618210037e+02 2.254367789583813675e+01 3.721542122049037715e+01
2.197486503057131983e+02 2.256632936028034564e+01 3.720463716595136816e+01
2.197850388961699934e+02 2.266136426277273586e+01 3.725622648089503031e+01
2.198221350988013398e+02 2.263382476192618853e+01 3.727413953122099599e+01
2.198316276767483544e+02 2.261841816617073775e+01 3.725484388095465960e+01
2.198766336110157908e+02 2.264021577108914940e+01 3.721321176053684354e+01
2.198962453805524717e+02 2.265713208948087853e+01 3.719835640479016092e+01
2.198911593477368172e+02 2.268419684893211397e+01 3.715079789178820846e+01
2.199062813236510010e+02 2.269949319668581111e+01 3.712105568086578700e+01
2.199009230457697868e+02 2.269677299598944842e+01 3.712591559277988296e+01
2.199673148424184888e+02 2.264355471057087144e+01 3.718643949578413554e+01
2.200423633571641631e+02 2.264898048722866974e+01 3.731115698527964497e+01
2.200778047147895506e+02 2.265032146292348614e+01 3.741662719863202824e+01
2.201192197141426732e+02 2.267843920328943952e+01 3.744543792643758451e+01
2.201803792306264427e+02 2.269381992451386765e+01 3.749616213206135740e+01
2.201524336121407828e+02 2.269650412586272026e+01 3.743799618631912551e+01
2.201416270580095613e+02 2.274891580090110921e+01 3.740726961823816765e+01
2.201622636839707354e+02 2.274616635073489235e+01 3.740705924705114427e+01
2.201776444051951671e+02 2.275361034081257117e+01 3.744339158852745442e+01
2.201662281121154763e+02 2.275839150415398748e+01 3.735994172605621344e+01
2.201633920385193051e+02 2.279006080514790611e+01 3.744824587554350614e+01
2.201715368908938615e+02 2.278624374933204422e+01 3.748481333775825419e+01
2.201712848954612696e+02 2.282668114140431115e+01 3.744996596936680788e+01
2.201991438905169787e+02 2.281960614463862669e+01 3.752532947840320077e+01
2.202058217694804227e+02 2.282848448371873218e+01 3.752390412923765695e+01
2.201300217683554479e+02 2.290537684004477370e+01 3.741530197265174706e+01
2.198071526203587496e+02 2.274636884706464812e+01 3.721024518930594382e+01
2.194416928693167392e+02 2.254062695113650960e+01 3.697060428279737465e+01
2.193882349632413025e+02 2.248874626647392105e+01 3.692764468644006115e+01
2.194088884638966022e+02 2.254145943604772029e+01 3.695239311287483019e+01
2.194951474004533623e+02 2.249409441953864430e+01 3.702982320945432804e+01
2.195599091016475199e+02 2.249595851075199349e+01 3.705016621573734170e+01
2.196468981499710367e+02 2.248469408991962126e+01 3.708550520021824326e+01
2.197067560650463349e+02 2.254406038890545005e+01 3.709688324399120063e+01
2.197399440885133970e+02 2.257145476738234180e+01 3.712897778727760567e+01
2.197661977376660047e+02 2.264770363537160947e+01 3.710860103160630530e+01
2.197915232786405682e+02 2.271830735567917969e+01 3.711107373678851928e+01
2.198625387414853094e+02 2.274065732558597475e+01 3.717820352006119577e+01
2.199122538403991314e+02 2.275308835027365006e+01 3.722584753151349446e+01
2.199390699793566171e+02 2.279389586063752660e+01 3.724900411180047399e+01
2.199606347134958071e+02 2.279997187550975468e+01 3.727931331244621305e+01
2.199851513941309804e+02 2.275314572423374671e+01 3.735278910569746103e+01
2.199755350684268933e+02 2.276851182072324775e+01 3.737293636552837484e+01
2.200115051664688508e+02 2.281297438983918369e+01 3.741511635101613820e+01
2.200221710981488457e+02 2.278070772467248872e+01 3.744870261726506300e+01
2.200970632407287724e+02 2.279055804613541270e+01 3.746698803584185100e+01
2.201387999842502836e+02 2.273719013842874048e+01 3.750267913894060712e+01
2.201934199942625980e+02 2.272680095173274850e+01 3.746367609587075975e+01
2.201781371462642198e+02 2.270351837372947656e+01 3.745610048317874430e+01
2.201774441588246134e+02 2.271974507962043077e+01 3.749353755463182125e+01
2.202278668699129867e+02 2.276676360240970709e+01 3.755829250594833013e+01
2.202221845979041746e+02 2.277539332099605573e+01 3.762727288067903686e+01
2.202212384900523716e+02 2.281713906435445693e+01 3.759062216997316597e+01
2.202314724295622170e+02 2.279646756402540220e+01 3.762644827062509734e+01
2.202682311383106253e+02 2.281797154926567117e+01 3.761463373476355798e+01
2.202915530906002459e+02 2.291639714030183228e+01 3.758313093075187794e+01
2.202900546177600631e+02 2.301702994133231428e+01 3.751438567675960911e+01
2.202799961750693285e+02 2.306450070592470425e+01 3.743061632007919570e+01
2.202975132325726690e+02 2.309886883300240257e+01 3.744683065119444620e+01
2.203095156400290193e+02 2.306384934273066278e+01 3.743472924553242365e+01
2.203864046214162329e+02 2.300754636322216484e+01 3.751661763630534097e+01
2.204678711448354989e+02 2.298802121711543833e+01 3.762009888570769789e+01
2.204938131746362160e+02 2.296116007897357036e+01 3.763256928468171481e+01
2.204201933839949277e+02 2.286693628677980072e+01 3.759887727034947602e+01
2.201108172414375019e+02 2.271652651295695335e+01 3.743418138046247634e+01
2.199546081977264294e+02 2.265185818507039528e+01 3.731223359076616930e+01
2.199144329259032133e+02 2.268436222093474441e+01 3.726183675420882935e+01
2.198930538133996322e+02 2.272018044672940462e+01 3.720931370618907863e+01
2.199482903122381003e+02 2.273074400526490635e+01 3.725861818754535193e+01
2.199741468435884713e+02 2.275262148373560578e+01 3.724422407343866581e+01
2.199856655098126339e+02 2.274988215838587990e+01 3.730037968061829190e+01
2.199871549828159232e+02 2.275543843267840671e+01 3.733534854680758741e+01
2.199692723069394447e+02 2.280198783897041892e+01 3.735705840331643657e+01
2.199847554013083482e+02 2.278607837732941022e+01 3.739794016233455665e+01
2.200013612253277984e+02 2.281961851941433395e+01 3.739473059550795853e+01
2.200140633701014110e+02 2.285139806841000976e+01 3.738628649855721164e+01
2.200712067093784015e+02 2.280430529696649344e+01 3.744556054921504540e+01
2.200866886787677004e+02 2.287913781562709303e+01 3.739054904629853837e+01
2.201136409402579659e+02 2.289267019535271075e+01 3.744750676393990574e+01
2.200894493787300235e+02 2.294942766662354217e+01 3.732710582120699172e+01
2.200801131729487281e+02 2.298948256562849934e+01 3.724452781793330303e+01
2.200753972584246867e+02 2.303158267756396782e+01 3.726865975554193255e+01
2.201137421884228331e+02 2.308339811340919567e+01 3.724289659749916837e+01
2.201476963230041406e+02 2.308596869181745959e+01 3.724863399350886795e+01
2.201412423149830317e+02 2.307195819575770201e+01 3.720135560042974276e+01
2.202091708337786429e+02 2.301375850062717632e+01 3.732892828817477948e+01
2.202257249087360265e+02 2.300383393051000880e+01 3.731920283944853622e+01
2.202262885235205090e+02 2.299568120327819187e+01 3.736740596576687068e+01
2.202617231312682406e+02 2.301375962560678445e+01 3.737468795878074701e+01
2.202898836208593707e+02 2.301262227122133552e+01 3.742138473740163107e+01
2.203186234749495043e+02 2.298281706144076253e+01 3.751846147788571528e+01
2.203224371558265489e+02 2.296284079851052695e+01 3.760796148069816525e+01
2.203281340525703058e+02 2.298350442398231408e+01 3.758965018759035104e+01
2.203771865384939872e+02 2.301789955057064674e+01 3.766477070103104552e+01
2.203925976341678847e+02 2.299597369797672286e+01 3.770381311838723093e+01
2.203618845658422458e+02 2.305163318914844695e+01 3.760738324117875209e+01
2.203468672130317714e+02 2.309730061142641944e+01 3.753398619650018730e+01
2.203399530883502848e+02 2.315720802560453606e+01 3.758052322801648870e+01
2.203873271046962259e+02 2.322834273628790314e+01 3.755441357625392840e+01
2.203656914968416061e+02 2.313566241611870922e+01 3.749124147124833684e+01
2.199411489416754364e+02 2.277260112160466932e+01 3.720116097895725460e+01
2.194221553484343019e+02 2.236991467029660186e+01 3.690753792587508997e+01
2.193324078501077281e+02 2.232857504457731679e+01 3.685178956131419881e+01
2.194378161895815538e+02 2.240456404227673204e+01 3.689284231723299712e+01
2.195159775229074057e+02 2.245280766786101978e+01 3.693816099583195012e+01
2.195381317463620974e+02 2.258073022426468413e+01 3.688222588465583840e+01
2.195702982883435368e+02 2.266910299750816904e+01 3.684120350318650594e+01
2.195820925745720729e+02 2.273527654811256582e+01 3.682322407906356432e+01
2.196112081718518994e+02 2.274725083107868784e+01 3.686338022623340294e+01
2.196603112818580144e+02 2.281307788796328140e+01 3.686022690838728266e+01
2.196733632952902724e+02 2.281423999190014840e+01 3.690510684493843740e+01
2.197238017560931667e+02 2.282855198249531625e+01 3.693655902486767673e+01
2.197863224979047345e+02 2.283710070254976543e+01 3.695415595592329794e+01
2.198325377852526401e+02 2.282276733734201102e+01 3.709083197867038706e+01
2.198019540895821251e+02 2.284405532649720882e+01 3.704794663096731711e+01
2.197963201916965374e+02 2.291756936905518671e+01 3.715031527553563251e+01
2.197870402348957555e+02 2.297540232083293432e+01 3.721017431559052824e+01
2.198151669750985775e+02 2.301780392730381664e+01 3.714745445238805388e+01
2.198433668389760385e+02 2.300732699219826571e+01 3.723344789375692443e+01
2.199111457354835579e+02 2.298935994285103490e+01 3.719482284383595783e+01
2.199538848358373571e+02 2.295320309819384619e+01 3.728344986247124382e+01
2.199830611820160868e+02 2.295970660531777696e+01 3.726170288163527289e+01
2.200154347202457075e+02 2.295256973467355976e+01 3.726732777968399546e+01
2.200365967116846093e+02 2.294629797334923182e+01 3.730736917893363369e+01
2.200009269831984398e+02 2.297562281683644514e+01 3.726003791181285152e+01
2.200131408868214180e+02 2.293040313644315020e+01 3.728524645490800538e+01
2.200528402922697069e+02 2.291441717618868168e+01 3.737574543961390816e+01
2.201050472210191060e+02 2.294271828823102410e+01 3.746247686760677453e+01
2.201247827383128595e+02 2.297347185582261275e+01 3.743928316299267323e+01
2.200724588116840437e+02 2.302803786681366560e+01 3.728029654462513065e+01
2.200404250172965703e+02 2.306033378145021118e+01 3.720763973652977796e+01
2.200437920812685206e+02 2.313322008538595398e+01 3.716773108487408450e+01
2.200707567175344934e+02 2.316101945652235017e+01 3.715860075036140131e+01
2.200696789870683574e+02 2.315915311534978471e+01 3.712951440255145030e+01
2.200209381204965666e+02 2.313107924918860903e+01 3.710313025576411405e+01
2.200948155314684982e+02 2.306299323324764572e+01 3.719444260072786079e+01
2.201343630646694578e+02 2.299718980093485854e+01 3.728140127460189746e+01
2.201223494074169764e+02 2.291043249841096596e+01 3.727320129822646777e+01
2.193697639230288985e+02 2.235743077156726599e+01 3.692176666797914208e+01
2.184742092799567956e+02 2.175184412282527546e+01 3.636240993131999488e+01
2.183034407501364171e+02 2.167753921960164476e+01 3.636523250516084715e+01
2.184688150027280642e+02 2.172977652280052396e+01 3.649082297883350634e+01
2.186466607792733896e+02 2.189604400920233473e+01 3.663099993812612354e+01
2.187653562529179112e+02 2.199428285362327884e+01 3.668561207328117035e+01
2.188404767663586199e+02 2.203677783340176788e+01 3.675204774413463582e+01
2.188875042889847577e+02 2.216375315697402826e+01 3.664973197360797741e+01
2.189462439743279560e+02 2.219117565994116248e+01 3.659206214387364042e+01
2.190045404177049306e+02 2.226765064883198875e+01 3.660434129631400424e+01
2.190131341369437621e+02 2.230629369842671750e+01 3.660479916301517278e+01
2.190236178219269902e+02 2.233728688667518014e+01 3.658858708185913855e+01
2.190537661504885136e+02 2.236959405110782484e+01 3.663581485085583012e+01
2.191379011255421005e+02 2.238308818152670909e+01 3.666589005574274296e+01
2.191596334816431408e+02 2.245612523273015526e+01 3.667864957447645935e+01
2.191586232499535924e+02 2.246803989177696081e+01 3.670927939431097542e+01
2.192251106698691103e+02 2.250540271457579777e+01 3.673103425000422106e+01
2.192879700305431925e+02 2.252352838604800311e+01 3.678139058729560418e+01
2.193792733756700670e+02 2.252136280029924364e+01 3.681330850878327965e+01
2.194277948712179693e+02 2.255554755570055292e+01 3.685661909877883602e+01
2.194222588465584067e+02 2.258160545840106792e+01 3.687784633903510212e+01
2.194295858387566795e+02 2.259819778266518853e+01 3.686603742807161410e+01
2.195034542498917176e+02 2.267957430771567218e+01 3.685521737418509503e+01
2.195109443641333939e+02 2.268704079738554569e+01 3.686113814187118010e+01
2.195604142174923084e+02 2.267719835077989288e+01 3.683853392657258041e+01
2.195367525213605404e+02 2.266219787266355823e+01 3.682842485979941927e+01
2.195318971093649054e+02 2.271467029660087533e+01 3.685466388421709638e+01
2.195690833103649879e+02 2.269628587981842927e+01 3.695354171705638180e+01
2.195714412676270229e+02 2.270591458029823073e+01 3.697743290902852209e+01
2.195590428673480403e+02 2.273709339018230224e+01 3.700389580438854864e+01
2.195719655081251744e+02 2.274110506747065230e+01 3.699086741552809343e+01
2.196060085160956419e+02 2.275356646660779347e+01 3.699251663563597958e+01
2.196301978276643752e+02 2.280121160303969319e+01 3.696973692351826202e+01
2.196177116789758088e+02 2.287832220541002570e+01 3.693826786889487579e+01
2.196517051878434756e+02 2.282477992586384374e+01 3.698594000483740984e+01
2.196673739038479880e+02 2.280221845979041717e+01 3.699856452601796519e+01
2.196675595254835969e+02 2.284523543010783087e+01 3.696233455768614107e+01
2.196793245622423001e+02 2.286988035841850220e+01 3.695802026088276904e+01
2.197240796260567777e+02 2.284369420804247852e+01 3.704028101990651578e+01
2.197176931168122564e+02 2.293070575595817218e+01 3.691013212885516737e+01
2.196653826899387525e+02 2.288767078596700344e+01 3.699365736496026358e+01
2.191951580877596655e+02 2.252859079429185485e+01 3.669679099566320701e+01
2.181316687385041178e+02 2.172713169573801650e+01 3.613669177246162434e+01
2.178520100573176990e+02 2.157568469071497930e+01 3.595895849387729726e+01
2.179767444215073624e+02 2.163018545288866790e+01 3.604488781140841525e+01
2.181530872252940298e+02 2.175448669992856310e+01 3.612873029176346051e+01
2.182849213358007887e+02 2.178668249137984247e+01 3.623788931325619700e+01
2.183660402405206469e+02 2.184873861661257521e+01 3.631834448000630289e+01
2.184673874036033112e+02 2.188285474825768873e+01 3.637934987428352684e+01
2.185343450649957049e+02 2.196060321406674376e+01 3.642085374702583778e+01
2.186007346116851693e+02 2.200175159325237217e+01 3.646681928890038904e+01
2.186775774689083676e+02 2.203148255437870162e+01 3.648831877422221481e+01
2.187369291431592728e+02 2.207000523115518575e+01 3.651301882653376651e+01
2.188315208036854358e+02 2.211490541733931181e+01 3.651007475489506504e+01
2.188767494839156029e+02 2.215844212823642678e+01 3.655917561494197798e+01
2.189056974592335507e+02 2.219183152305364359e+01 3.658009123584635347e+01
2.189610093317058670e+02 2.220593989233945109e+01 3.662809524077376011e+01
2.189875476006997417e+02 2.227558513001951823e+01 3.653121649670099913e+01
2.190244480568789811e+02 2.236442926971948708e+01 3.658910907239805965e+01
2.190437425821656916e+02 2.237179113628565474e+01 3.660933508080166376e+01
2.190789083197867058e+02 2.241545159493984229e+01 3.661113842311608124e+01
2.191113302321395508e+02 2.239184839774778979e+01 3.667890494484787212e+01
2.191826685641322854e+02 2.238926994448225472e+01 3.675861762505554253e+01
2.192045167931331378e+02 2.237056828344986315e+01 3.678196657685579396e+01
2.192383438050185305e+02 2.243518486227437236e+01 3.673294109044273625e+01
2.193112784830775013e+02 2.247989717686366973e+01 3.678990780792098292e+01
2.193445238805046529e+02 2.253129412029407064e+01 3.682522541778930503e+01
2.193903038007436237e+02 2.250969338680736342e+01 3.686527694185542714e+01
2.193953065850681412e+02 2.253399294637784678e+01 3.686183900416804704e+01
2.193871583577547710e+02 2.253481755643178985e+01 3.688750428898476486e+01
2.194200077623593188e+02 2.255161012706644641e+01 3.685559536733396868e+01
2.194284473593916118e+02 2.259668131015125425e+01 3.687698347967442913e+01
2.193944302259521635e+02 2.267725009984194173e+01 3.679993250122341664e+01
2.194139846215287264e+02 2.271232583909416647e+01 3.677535957160776547e+01
2.193836439214539098e+02 2.273946822213847341e+01 3.672782693313683922e+01
2.194189255319747360e+02 2.276378353142349198e+01 3.681275051889684846e+01
2.193981269089497630e+02 2.277407259493421776e+01 3.681498585338140828e+01
2.194690129991393803e+02 2.279503883992102686e+01 3.682019563395413542e+01
2.194776055933986072e+02 2.277246724903111286e+01 3.676506375821938377e+01
2.194981252214803646e+02 2.278316580511978273e+01 3.679428960350093547e+01
2.195303885117082245e+02 2.284428257237837556e+01 3.683437150201652344e+01
2.195460797273049423e+02 2.286082652251927883e+01 3.686635017240312351e+01
2.195555385558636772e+02 2.285886455807988327e+01 3.692452286802301842e+01
2.194865300566427209e+02 2.282156360915958260e+01 3.694807881607145816e+01
2.187592633633515504e+02 2.225817157064028251e+01 3.651855485119332201e+01
2.177211760536840188e+02 2.150392899128703306e+01 3.592330001518722327e+01
2.175243372463874039e+02 2.137960524465493961e+01 3.581826966886224994e+01
2.177463868467384032e+02 2.139265275816875800e+01 3.594664221710981167e+01
2.180358767247343508e+02 2.142514666921661970e+01 3.613020963995027302e+01
2.181883845855293771e+02 2.147769559176740017e+01 3.620817185188518295e+01
2.182889656374978244e+02 2.149001524347371372e+01 3.630356674785269178e+01
2.183792058768934794e+02 2.159041517372497765e+01 3.624802537953999604e+01
2.184812955265185792e+02 2.166180637975936563e+01 3.631261495885387092e+01
2.185178596137945135e+02 2.170030880690287489e+01 3.635902599265388346e+01
2.186249745473363362e+02 2.176312204341296308e+01 3.638646649529477628e+01
2.186905631085436710e+02 2.183399013392882182e+01 3.647980605351528283e+01
2.187509947632199214e+02 2.191456792345638860e+01 3.647430152828479777e+01
2.187871909821634517e+02 2.203437037703691459e+01 3.653040313644315518e+01
2.188117661617383192e+02 2.210344075013640364e+01 3.657015541593308683e+01
2.188288714767044780e+02 2.209295369021436528e+01 3.657643617709428696e+01
2.188807397865913629e+02 2.217041416124332898e+01 3.661067718147608474e+01
2.189087900281807322e+02 2.222964433769637793e+01 3.662035088114028270e+01
2.189014259116553376e+02 2.223112931078124177e+01 3.663286965423751695e+01
2.189247062396994181e+02 2.225118882220259664e+01 3.661540322081662424e+01
2.189531637239074939e+02 2.228915350909264603e+01 3.662474167655711454e+01
2.190178039273038166e+02 2.232514948166564395e+01 3.667825020671500624e+01
2.190488927388191200e+02 2.234780994594472858e+01 3.666371884509593571e+01
2.190818501414661910e+02 2.233650390086679849e+01 3.675242123736506983e+01
2.191118792221890885e+02 2.239506471445205094e+01 3.673972809242832227e+01
2.191487808033479325e+02 2.238596025447038684e+01 3.678729448028754234e+01
2.191949994656346803e+02 2.244414194992715750e+01 3.680625038671173854e+01
2.191780853972021816e+02 2.242741237815064537e+01 3.675235373858848931e+01
2.191874958516376921e+02 2.238481727518688658e+01 3.678371479516933817e+01
2.192423082331632713e+02 2.242911559727980020e+01 3.682884110225501928e+01
2.192433735888537001e+02 2.246840326019090739e+01 3.681973214235492264e+01
2.192921830791816831e+02 2.243988840202271362e+01 3.684560104848099371e+01
2.192789600688487610e+02 2.244870261726506300e+01 3.680504215861087403e+01
2.192904044864186801e+02 2.248799703005382966e+01 3.673076875481631731e+01
2.192955940173584395e+02 2.254931179372373862e+01 3.666857650705080829e+01
2.192898869957982129e+02 2.252427987242731078e+01 3.661598033535641861e+01
2.193247883632109279e+02 2.253994071357456619e+01 3.662639764654265662e+01
2.193523199892001969e+02 2.258674999015642726e+01 3.659496459126678047e+01
2.193216440452016798e+02 2.262550778767134929e+01 3.671343281903015310e+01
2.193182106074327464e+02 2.265626473020176590e+01 3.675825088170277155e+01
2.193553315596154789e+02 2.268325299103953796e+01 3.676052446549406483e+01
2.193327014697858601e+02 2.262351319882327161e+01 3.677849938969855970e+01
2.191910170378161808e+02 2.248163077044228686e+01 3.666693516180018975e+01
2.183847599012268006e+02 2.198234119506583895e+01 3.618849708349036121e+01
2.178617411309419936e+02 2.168617681304526457e+01 3.583469774610335179e+01
2.178452669295369049e+02 2.172021532109730657e+01 3.579328724666865469e+01
2.179710452748043963e+02 2.183539523346139433e+01 3.586787001985589285e+01
2.181096157632142933e+02 2.189169483803106075e+01 3.596177881775892615e+01
2.182781489585501333e+02 2.186975886062065300e+01 3.610596520438067358e+01
2.183876240993132001e+02 2.186498107221806464e+01 3.626991860772523779e+01
2.184780004612416349e+02 2.189418216794820538e+01 3.636464414082495011e+01
2.185460583526923699e+02 2.190920852059556267e+01 3.645957329523402279e+01
2.186168533195335897e+02 2.195372171379393578e+01 3.649652437549569584e+01
2.187435462732237852e+02 2.204580804472918842e+01 3.654593347995567854e+01
2.188098941956677095e+02 2.218338292618446417e+01 3.652704169736923490e+01
2.188654951878997110e+02 2.223030470072729869e+01 3.653659502421518823e+01
2.189016587824345663e+02 2.226906699816065682e+01 3.652522373031988678e+01
2.189181093592678735e+02 2.227720510065755022e+01 3.657989436441464193e+01
2.189648983862167597e+02 2.236406927624436847e+01 3.652856941967927185e+01
2.190125862718738290e+02 2.243045432301539677e+01 3.656834644872061801e+01
2.190647380766223478e+02 2.247573812724644426e+01 3.653124912110968125e+01
2.190474010158565932e+02 2.250047867882394570e+01 3.651863922466404944e+01
2.190780229608338345e+02 2.253473318296105887e+01 3.653093750175778354e+01
2.191326317210500463e+02 2.250538133996321477e+01 3.656665335440795417e+01
2.191581923827630760e+02 2.248315961773192839e+01 3.656293979671618644e+01
2.191804399795253744e+02 2.247324292247202848e+01 3.661867578650137034e+01
2.192172886866425472e+02 2.249099172577497185e+01 3.663928203801306438e+01
2.192734274191280406e+02 2.250221339738217097e+01 3.672305701959152202e+01
2.193025373915097873e+02 2.254858280693662564e+01 3.676647223269078069e+01
2.193216170456910561e+02 2.258671736574774513e+01 3.676656335603917114e+01
2.193159257738453505e+02 2.263836292967189934e+01 3.675002278083709939e+01
2.192972949865283567e+02 2.262719413210635722e+01 3.673604828412484835e+01
2.193295402770824865e+02 2.266525331728362502e+01 3.674871442955096512e+01
2.193746722090662047e+02 2.273896760621213886e+01 3.673552966852475521e+01
2.193822601965339345e+02 2.275065839431660208e+01 3.672973489855496609e+01
2.193869131121998350e+02 2.272814980228483250e+01 3.665896468126515373e+01
2.194055798988643460e+02 2.276405802644827148e+01 3.668193788987574777e+01
2.194462141623683067e+02 2.280174934329315306e+01 3.672657258087197363e+01
2.195445475050764799e+02 2.281507697672979518e+01 3.682585990628919603e+01
2.195918720223195919e+02 2.282231622051850195e+01 3.691936933643077623e+01
2.196389546689466385e+02 2.286444108200538849e+01 3.693564891636339098e+01
2.196793358120384028e+02 2.286178838008560987e+01 3.700578127021447727e+01
2.197243248716117137e+02 2.286783964540642700e+01 3.704763838655424024e+01
2.197318554851193255e+02 2.282671264083338514e+01 3.708336436402090186e+01
2.193393174748707679e+02 2.255106676191493875e+01 3.684102463142855299e+01
2.188514723170642640e+02 2.217500745298991305e+01 3.653370495159775544e+01
2.187528329799022515e+02 2.207034834993615746e+01 3.652566134738808046e+01
2.188490007368616546e+02 2.218356292292202170e+01 3.656930718130733737e+01
2.189726798701773589e+02 2.222234097006991860e+01 3.654952441486997827e+01
2.190331643988952806e+02 2.223048469746485978e+01 3.654699433572766765e+01
2.190636580961970026e+02 2.220325231605177052e+01 3.657011491666713709e+01
2.190973467355904063e+02 2.229424066688791228e+01 3.653137736878519348e+01
2.191729026161400782e+02 2.242305533212210378e+01 3.657063240728761855e+01
2.191950804641665798e+02 2.252030756942530587e+01 3.659899539320849726e+01
2.192683020120260267e+02 2.257184401032731458e+01 3.663562810424060956e+01
2.193291791586277384e+02 2.269617113189823598e+01 3.671560402967696035e+01
2.193642200235120754e+02 2.270205815019602724e+01 3.676373403232066295e+01
2.193731478616950028e+02 2.277816077083602764e+01 3.674863680595789361e+01
2.194042681726393766e+02 2.274214904854849451e+01 3.677740815947711184e+01
2.194353007351741667e+02 2.280897958724498054e+01 3.678207794983715928e+01
2.194192889003886933e+02 2.281649220107885512e+01 3.682676551487504213e+01
2.194372120755311357e+02 2.283886242061862504e+01 3.679109241145004461e+01
2.194914720920683351e+02 2.288528470421473671e+01 3.684471118960968994e+01
2.195512186341622680e+02 2.282121486548056311e+01 3.690245301803904709e+01
2.195722535029052551e+02 2.281552359363486460e+01 3.691049437228950580e+01
2.196335570167790650e+02 2.282107199307012735e+01 3.695173049988468961e+01
2.196761836191718942e+02 2.285421726731203051e+01 3.695555430557821097e+01
2.197174523711757672e+02 2.292298952081493368e+01 3.694937816752071313e+01
2.197598551026262612e+02 2.297991236408840265e+01 3.701957914512799164e+01
2.197587244981184824e+02 2.302578003273690754e+01 3.699986612742644354e+01
2.197719520083698512e+02 2.306153975959185587e+01 3.704750901389912343e+01
2.197902813011514240e+02 2.306551318757347602e+01 3.701010006693628895e+01
2.197831376806295509e+02 2.309159921476423349e+01 3.703328589669312265e+01
2.198388117965361914e+02 2.307785871381081222e+01 3.716417952424612281e+01
2.198704979722242570e+02 2.308442634477250266e+01 3.719394873467918217e+01
2.199206799376761410e+02 2.302982883435237582e+01 3.725606110889240341e+01
2.199178663636721467e+02 2.305160393967859278e+01 3.725518024985797183e+01
2.199509441391374764e+02 2.308296274630022182e+01 3.722566190987788559e+01
2.199761819317024845e+02 2.306878687823783025e+01 3.724553242472480008e+01
2.199654755007565541e+02 2.309574588960575170e+01 3.723289102885010493e+01
2.200047957880763363e+02 2.312132567597212329e+01 3.720368655818113268e+01
2.199436553962459300e+02 2.304167711960220544e+01 3.715846575280823316e+01
2.195859186302248247e+02 2.279791203784431275e+01 3.695996310066880142e+01
2.192660093035813702e+02 2.267018522789274471e+01 3.679842165360752659e+01
2.192183607922106319e+02 2.258973568604069015e+01 3.679363486536806249e+01
2.192507152057868893e+02 2.264359408485721303e+01 3.682802099211951941e+01
2.192602145336115882e+02 2.272259577795152552e+01 3.678980543477649690e+01
2.193174017470933279e+02 2.273316721134429486e+01 3.684713439568907489e+01
2.194282122386531739e+02 2.277226925261979673e+01 3.679532008482346583e+01
2.195177302411393896e+02 2.276848819615144492e+01 3.678315118038485565e+01
2.195557163026420255e+02 2.278191032787530901e+01 3.676338753860085973e+01
2.195872033569391419e+02 2.279851165197630891e+01 3.678853308283787271e+01
2.195883137118139814e+02 2.279925638847795710e+01 3.686767089846496503e+01
2.195919575207699381e+02 2.282232747031460107e+01 3.695494231667051110e+01
2.196218201045106184e+02 2.285221142866785371e+01 3.696640023399575625e+01
2.196555964923135775e+02 2.281542909534764618e+01 3.695843312839954820e+01
2.196765098632587296e+02 2.286066227549625651e+01 3.701687919406460736e+01
2.197311636226593521e+02 2.293187123483386713e+01 3.707036634960991250e+01
2.197723063769469150e+02 2.295767264218336123e+01 3.703275715627654563e+01
2.197605447151270255e+02 2.298468565257254781e+01 3.700619976262930066e+01
2.197712275215011744e+02 2.297215787963843070e+01 3.693233360145347177e+01
2.197604592166767077e+02 2.299355611679538214e+01 3.695494119169089942e+01
2.197919755204436854e+02 2.302706025953279578e+01 3.703148367935830976e+01
2.198146652341926313e+02 2.300792098143221054e+01 3.715180587351854058e+01
2.198552747481451775e+02 2.305878580950720291e+01 3.719886264561454681e+01
2.198372008257350387e+02 2.303011907909169054e+01 3.720131622614339761e+01
2.198558946119101449e+02 2.305203030695068733e+01 3.720804022927084276e+01
2.198682052637796005e+02 2.305272216941067853e+01 3.722107424302934220e+01
2.199277819339524456e+02 2.312176779295875306e+01 3.722684313846811222e+01
2.199746497094740221e+02 2.314804956660160684e+01 3.730246989273319258e+01
2.199810834678621347e+02 2.313608203351314430e+01 3.730790916914630628e+01
2.200352354863568110e+02 2.315863337477008344e+01 3.733039751154510100e+01
2.200542948909051120e+02 2.314082044762938750e+01 3.735862774987203494e+01
2.201251584815025240e+02 2.318014973478605611e+01 3.733671089711499036e+01
2.201152755356309285e+02 2.319637981561584184e+01 3.730678418953656461e+01
2.201000388117965372e+02 2.314729358030385598e+01 3.726956311416855527e+01
2.201322897272486898e+02 2.319041292376575569e+01 3.724402157710891714e+01
2.201004550542521372e+02 2.322978833508642538e+01 3.723485861818754472e+01
2.198516320641688253e+02 2.303247253643527870e+01 3.711935471169584844e+01
2.190641384624903765e+02 2.242779149627913071e+01 3.663732682345132474e+01
2.185779065254442344e+02 2.208632306039453042e+01 3.632638695923636618e+01
2.185954224579679419e+02 2.213627103008758112e+01 3.633296471501454050e+01
2.187265523312389917e+02 2.222316670510346981e+01 3.644610503934616474e+01
2.188092394575348294e+02 2.232143592397387621e+01 3.647720960057598916e+01
2.189489776747796554e+02 2.240249745473363419e+01 3.654314465550312008e+01
2.190491638589050467e+02 2.251124360870959151e+01 3.660365280879283745e+01
2.191289282881747909e+02 2.256593899235576473e+01 3.664737514132556129e+01
2.191893723176267486e+02 2.260450779329624638e+01 3.665524212373650670e+01
2.192245695546768331e+02 2.266205725021233874e+01 3.668639843402838352e+01
2.192863298102721785e+02 2.270027843245341259e+01 3.673838374179467792e+01
2.193275738127246370e+02 2.274733520454941882e+01 3.677889538252119195e+01
2.194116075396133567e+02 2.279893576928918009e+01 3.681924840112272790e+01
2.194481052530922796e+02 2.284225985904005540e+01 3.683659221176615972e+01
2.194916487138670504e+02 2.283264690827478915e+01 3.685105494962903805e+01
2.195145814232116948e+02 2.289238220057261586e+01 3.689781135216924213e+01
2.195640895258773355e+02 2.291749737036016299e+01 3.695356646660778921e+01
2.196259634044132838e+02 2.291340469453990991e+01 3.695845562799173933e+01
2.196602606577755807e+02 2.290597195425833021e+01 3.696739359099116484e+01
2.197015462844736078e+02 2.293212885516449973e+01 3.693653090037742714e+01
2.197781078967943813e+02 2.295258885932692294e+01 3.697415921836416430e+01
2.197928991287032829e+02 2.291795748702054780e+01 3.699353136724396762e+01
2.197664463581597545e+02 2.291297832726781891e+01 3.702784662028000895e+01
2.197381474960766354e+02 2.297116002272458957e+01 3.696531912859079227e+01
2.197489922995145832e+02 2.302917747115833436e+01 3.700738661611758573e+01
2.197779762741800198e+02 2.304418357417271679e+01 3.706155213436756668e+01
2.198259825290666640e+02 2.311464667202907108e+01 3.707356916655885470e+01
2.198840562264809080e+02 2.312700007312367489e+01 3.708691029975081932e+01
2.198960440092023418e+02 2.315770076667360300e+01 3.707132933215585524e+01
2.199390531046624915e+02 2.320016424702302160e+01 3.711156985279642129e+01
2.200103453124912107e+02 2.327576962667551541e+01 3.715431570302788344e+01
2.200431283432987755e+02 2.329177921150179031e+01 3.713207148120440593e+01
2.200487836157969639e+02 2.331533853448906157e+01 3.716431114686046300e+01
2.200744792750631404e+02 2.332691344969372338e+01 3.720769373555104664e+01
2.201086055315247449e+02 2.334988440834509760e+01 3.731010962926296770e+01
2.201504592729256728e+02 2.336145819857015127e+01 3.737549569414054673e+01
2.201946428470984074e+02 2.336080346043727829e+01 3.739595232336414199e+01
2.202340542577665872e+02 2.339206101889403300e+01 3.744136887518913426e+01
2.202008066103801980e+02 2.341770717905738053e+01 3.744417457433583962e+01
2.197799404885786316e+02 2.311834897992473969e+01 3.711450042467980381e+01
2.184709018399041440e+02 2.227463452224928275e+01 3.629036173719351410e+01
2.179649186358497275e+02 2.197302186397871537e+01 3.600382043075469340e+01
2.179685995691328060e+02 2.198822146348597428e+01 3.599536845894667891e+01
2.181973551729374776e+02 2.202458642937096656e+01 3.613528779790865997e+01
2.184436075846125220e+02 2.211563215416720496e+01 3.623824368183326783e+01
2.186361174703708627e+02 2.223199779503996609e+01 3.637741828429359714e+01
2.187974789206945729e+02 2.230706318447978020e+01 3.649188383460549545e+01
2.189270686968798714e+02 2.238863320602314033e+01 3.653762663051732318e+01
2.189950613395132279e+02 2.247496301629533022e+01 3.657312536210281451e+01
2.191212390525421654e+02 2.255269685736946172e+01 3.663368076453614464e+01
2.192366102114399098e+02 2.263407675735877334e+01 3.674113206698128664e+01
2.193837125452101304e+02 2.270342275046264646e+01 3.682884672715307062e+01
2.194710255876612166e+02 2.279797053678402108e+01 3.686834588623081288e+01
2.195389124822112592e+02 2.286474820143885012e+01 3.688022904584854444e+01
2.195684701964776764e+02 2.292377588156214685e+01 3.684939785466388429e+01
2.196648786990735687e+02 2.296242680601413966e+01 3.698979306000078537e+01
2.197077032978777140e+02 2.303233191398405921e+01 3.697196438314555422e+01
2.197712083968478112e+02 2.311202321957914663e+01 3.702197535169675291e+01
2.197996310066880028e+02 2.311389406067015173e+01 3.705152406612630500e+01
2.198235030740067941e+02 2.308136752521360435e+01 3.708921988288962268e+01
2.198445221930352602e+02 2.306131588864951709e+01 3.717992361388449751e+01
2.198783953290846682e+02 2.310119304087613301e+01 3.723077044228573129e+01
2.199230693943672179e+02 2.312467024035189311e+01 3.725942817286436792e+01
2.199408834464875326e+02 2.310844915935898669e+01 3.722555728677417619e+01
2.199249166108864415e+02 2.314860530652881820e+01 3.714803156692784825e+01
2.199484511843222947e+02 2.323497336610773800e+01 3.709761448073753343e+01
2.199881843391588632e+02 2.333533392207266388e+01 3.704911098486339682e+01
2.200270175103076156e+02 2.331463542223297125e+01 3.708427784746401557e+01
2.200394136606273889e+02 2.331069349368042865e+01 3.712485136206906589e+01
2.200355246061165246e+02 2.332448124377745557e+01 3.717761178078647077e+01
2.200717568244075437e+02 2.333352832979902303e+01 3.726638954668946724e+01
2.200929435653978885e+02 2.331038299930813906e+01 3.731881697144239496e+01
2.201077370472660277e+02 2.332833992383887889e+01 3.731984520280570194e+01
2.201325630972938541e+02 2.334079569807797228e+01 3.728119202839448576e+01
2.201646812651520690e+02 2.336906643567085240e+01 3.730234614497612000e+01
2.202187702847885760e+02 2.339164815137725739e+01 3.730064742576540482e+01
2.202333961446948649e+02 2.339093266434545981e+01 3.733995758826871025e+01
2.202445953167098764e+02 2.333997558794246885e+01 3.739472947052834684e+01
2.202649731973608027e+02 2.340637300948920441e+01 3.732450824328809347e+01
2.202845872168566927e+02 2.341112829829959452e+01 3.740933845574048888e+01
2.202970913652190177e+02 2.338552263740219672e+01 3.737715953898335641e+01
2.196013151011637774e+02 2.291678975818563302e+01 3.695220636625960964e+01
2.182101788155089821e+02 2.198097884475843955e+01 3.616840494766032066e+01
2.178742430293450809e+02 2.179945775982810474e+01 3.596936343028782801e+01
2.178803944178511642e+02 2.186765289879120999e+01 3.594913179698617967e+01
2.180497544732001813e+02 2.197599968500571066e+01 3.602959596357315775e+01
2.182511123235891262e+02 2.206584280659912878e+01 3.616521225552786944e+01
2.184150623519948624e+02 2.215323009770447982e+01 3.626259049054736039e+01
2.185950883390238459e+02 2.225979829115597397e+01 3.634779869614862946e+01
2.187347208081853580e+02 2.236295667141033050e+01 3.649669199745754611e+01
2.188892142579915685e+02 2.241258177195538437e+01 3.661594321102929683e+01
2.189944965997491408e+02 2.248254312890578888e+01 3.665630410448810750e+01
2.190812021532109668e+02 2.254953003976802961e+01 3.671595164837637526e+01
2.191686828176239317e+02 2.259190577170788927e+01 3.676280367418340234e+01
2.192072268690129988e+02 2.261821904477981349e+01 3.681420286757302307e+01
2.192401235227611380e+02 2.267190757167526272e+01 3.685477413221885001e+01
2.193452258677811528e+02 2.268114140431204717e+01 3.686508569532177404e+01
2.194098750710143406e+02 2.275921948914675852e+01 3.689863596222318165e+01
2.194867696772996055e+02 2.276948492808567792e+01 3.696839819778266190e+01
2.195241437498945345e+02 2.275885049583476416e+01 3.701105967454339662e+01
2.195606144638628336e+02 2.277650592583009370e+01 3.701113729813646813e+01
2.196155573430231698e+02 2.279618294418413527e+01 3.703287302917634349e+01
2.196657944324759058e+02 2.283934278691198827e+01 3.702221497235362335e+01
2.196526951699000563e+02 2.289903982990308151e+01 3.706248249250482019e+01
2.196643724582492041e+02 2.293789775060326974e+01 3.706768889813871937e+01
2.196782490817354017e+02 2.291185784757651334e+01 3.705266929536902154e+01
2.197213763000545725e+02 2.292346201225102931e+01 3.706563131043250081e+01
2.197265320816060239e+02 2.289274556898656243e+01 3.705653585028771602e+01
2.197867646148913536e+02 2.293479955675803339e+01 3.710451960558214779e+01
2.197646486407433883e+02 2.306111001738093336e+01 3.705774070344975257e+01
2.197742042175485437e+02 2.310397174051220404e+01 3.707715447657511021e+01
2.197874576023309601e+02 2.313533392207266104e+01 3.705747745822107220e+01
2.198012926015715891e+02 2.315146612967640039e+01 3.708345661234890400e+01
2.198276576237055622e+02 2.318166958223882190e+01 3.700372818242669126e+01
2.198320675437757643e+02 2.320415454969878510e+01 3.696927680685787720e+01
2.198715610779554481e+02 2.325227330254639213e+01 3.699599394760969773e+01
2.199115394783469526e+02 2.322644489568626724e+01 3.704040476766358836e+01
2.199386244874311558e+02 2.323720420067386172e+01 3.711207609362080007e+01
2.199634010383561815e+02 2.330065080070423633e+01 3.709474128281424754e+01
2.199999482509379618e+02 2.331760536840269893e+01 3.713613153261596977e+01
2.200069816234580742e+02 2.328215613592003663e+01 3.716356978529763921e+01
2.200315849275231983e+02 2.328046754152580888e+01 3.718671849072735824e+01
2.200627209881820932e+02 2.329543089531502176e+01 3.716559699855439902e+01
2.200637649692599211e+02 2.333215472969552451e+01 3.717672979677243461e+01
2.196206670004106059e+02 2.297203638184057795e+01 3.684016177206788001e+01
2.183465083445362609e+02 2.207519363711532634e+01 3.614279141190566236e+01
2.178886146438595688e+02 2.179704580354481180e+01 3.583847767759209546e+01
2.179098553838711609e+02 2.179825965654372411e+01 3.583626484269972678e+01
2.180806385384264843e+02 2.194518536851519741e+01 3.593394907217306411e+01
2.182402225209667961e+02 2.203202029463216149e+01 3.612440699512321629e+01
2.183974057970199283e+02 2.204774413463756133e+01 3.624814012746018932e+01
2.185146916712134555e+02 2.214963578785134501e+01 3.628319561707944274e+01
2.186498883457737463e+02 2.225106507444552406e+01 3.637263824593178896e+01
2.187811768411697528e+02 2.240314881792767565e+01 3.645532537222762670e+01
2.188608703967240672e+02 2.249070935589292475e+01 3.646889825121919415e+01
2.189527474814518939e+02 2.249171621264364518e+01 3.656928355673553455e+01
2.190140543702645459e+02 2.257132876966604940e+01 3.658342455043002417e+01
2.190812179029255162e+02 2.263851030200077474e+01 3.666669329118409593e+01
2.191551054387139175e+02 2.271958533251584811e+01 3.665361540322081879e+01
2.192346887462664711e+02 2.273576928918163276e+01 3.677030503822118135e+01
2.192863545598235930e+02 2.276714272053818888e+01 3.678515476906981263e+01
2.193406877000354314e+02 2.277532132230103201e+01 3.683901766780476805e+01
2.193849781472710845e+02 2.277749365792745095e+01 3.683462799736754789e+01
2.193880943407900759e+02 2.282940696699872163e+01 3.676518525601723297e+01
2.194168533195335726e+02 2.287071396830932457e+01 3.676563187292230594e+01
2.194624667427902978e+02 2.293573553979334179e+01 3.672665695434270106e+01
2.194509199520758784e+02 2.293963809405954635e+01 3.674503574622710289e+01
2.195165613873248560e+02 2.295999122515904389e+01 3.677360010349812569e+01
2.195520409942569700e+02 2.298713585816257066e+01 3.679391498529088977e+01
2.196083664733576768e+02 2.297734178568013519e+01 3.687898706835938611e+01
2.196499018455290582e+02 2.294492662320495313e+01 3.697034553748713392e+01
2.196727265568311509e+02 2.293309521264927042e+01 3.701828204363796004e+01
2.196873321671044721e+02 2.294276666235424500e+01 3.702831348681804968e+01
2.197210793054375984e+02 2.293296808995336988e+01 3.704200898858708513e+01
2.197343270653219349e+02 2.294040195521456127e+01 3.701981989076448087e+01
2.197809653450031249e+02 2.288897238737547823e+01 3.705714221429736455e+01
2.197855417620555727e+02 2.291243496211631125e+01 3.693788650080717417e+01
2.198381491835460508e+02 2.289592926128213790e+01 3.706823001333101075e+01
2.198632744781500890e+02 2.294658034323127893e+01 3.707907369178933976e+01
2.198380828097490678e+02 2.311220096635748433e+01 3.704328359048492558e+01
2.198404351421130514e+02 2.314608085228455181e+01 3.702285058583313315e+01
2.198276261242764917e+02 2.317336835769851788e+01 3.695910699118578435e+01
2.198674087782158892e+02 2.319998312530585238e+01 3.701532559722355131e+01
2.198910232252040373e+02 2.313349120547190196e+01 3.712892941315438833e+01
2.199023270203227582e+02 2.311880009674824521e+01 3.711797773665352196e+01
2.199039706155325860e+02 2.311041787367603817e+01 3.712540822697588538e+01
2.198923259515921416e+02 2.305850681456398732e+01 3.711053149661662331e+01
2.194815790213802416e+02 2.281505785207643200e+01 3.690334287691035797e+01
2.187481046906024744e+02 2.232377813152136525e+01 3.644025964529392780e+01
2.185031145060495703e+02 2.214289715998897634e+01 3.632661308013792478e+01
2.185807673485918201e+02 2.224142849910845499e+01 3.641753955709553026e+01
2.187159550233151890e+02 2.234064832574909687e+01 3.645644135200049618e+01
2.188402000213746135e+02 2.238471152710357259e+01 3.654374426963511269e+01
2.188989475815750723e+02 2.250730280513665704e+01 3.657301736406027715e+01
2.190265675184637360e+02 2.257988873951659770e+01 3.656430102204397770e+01
2.191013820374505769e+02 2.265822331970232995e+01 3.660149397292173745e+01
2.191455858612562508e+02 2.273390182302945917e+01 3.654929604400920340e+01
2.192067757521894862e+02 2.275944898498714863e+01 3.659829340593201863e+01
2.192805361652820011e+02 2.286000866234299522e+01 3.662047575387695986e+01
2.193690270613845144e+02 2.280378780634600844e+01 3.680835972348000951e+01
2.194275395008465352e+02 2.281298113971684316e+01 3.685733121087180564e+01
2.194719244463693997e+02 2.283438725173106221e+01 3.689253407281992736e+01
2.195400667112908479e+02 2.282205072533060175e+01 3.693234260129035107e+01
2.196215861087517851e+02 2.286563356039171779e+01 3.701398237156951865e+01
2.196707027185132404e+02 2.289087022797711768e+01 3.699417485558074503e+01
2.196699872314814286e+02 2.292224590929289363e+01 3.701491497966599553e+01
2.197504165237004941e+02 2.297830926814451402e+01 3.707170732530472890e+01
2.197742064675077813e+02 2.298433240897508867e+01 3.702923259515921472e+01
2.198010192315264248e+02 2.301079755429432794e+01 3.705575961435698673e+01
2.198050342837535993e+02 2.304771376018809548e+01 3.705011109173646133e+01
2.197907189182195964e+02 2.307985555261810973e+01 3.705190768417322289e+01
2.197704850349587389e+02 2.313802599827878126e+01 3.704017189688436673e+01
2.198060017662179746e+02 2.314954241454373474e+01 3.703767556713034281e+01
2.198250870452972947e+02 2.317607168370073367e+01 3.705515212536772651e+01
2.198804439169539933e+02 2.315480394417851073e+01 3.705953167098846279e+01
2.198941675432132854e+02 2.310670206602505417e+01 3.701842266608917953e+01
2.199364757763765397e+02 2.312058093947047155e+01 3.706975323572260095e+01
2.199660863646846281e+02 2.311237871313582559e+01 3.709636912830954714e+01
2.199382363694658125e+02 2.312644770813529149e+01 3.707867319904826786e+01
2.199846316535512756e+02 2.317531007250493502e+01 3.704161749568289252e+01
2.200059578920132140e+02 2.319294975278572934e+01 3.706646942024175928e+01
2.200166271986320226e+02 2.320537290261614061e+01 3.708440272020069983e+01
2.200558023635821598e+02 2.321607820858246995e+01 3.711459829790585019e+01
2.200881781517709896e+02 2.327961368200201520e+01 3.708899601194728035e+01
2.201015609092085299e+02 2.327234631372306239e+01 3.705609935819913403e+01
2.201085830319325396e+02 2.325225867781146505e+01 3.707177594906092111e+01
2.200716420764873646e+02 2.325829081847891544e+01 3.707580900096185417e+01
2.198931258120946666e+02 2.314001833716763912e+01 3.690300313306821067e+01
2.196119742829661163e+02 2.295832400537740270e+01 3.677699416698072099e+01
2.194765976116682964e+02 2.289110872365438354e+01 3.673648365123381865e+01
2.194677687716910270e+02 2.286383921791417606e+01 3.682591503029007640e+01
2.194752532610346520e+02 2.289099397573419026e+01 3.686749540164584715e+01
2.195688684392595462e+02 2.290404261422761678e+01 3.686949449041236448e+01
2.196096478251331803e+02 2.294919142090549613e+01 3.688628256112858139e+01
2.196884897711229030e+02 2.303103593747363220e+01 3.695539568345324000e+01
2.197143395525956180e+02 2.305582711313357436e+01 3.696374753207597763e+01
2.197459537295886491e+02 2.305145881730893720e+01 3.691281070530596509e+01
2.198290154740945184e+02 2.311995432582784460e+01 3.698366754602572826e+01
2.199075233011401735e+02 2.317870301100792574e+01 3.707417103065007069e+01
2.199479201939464872e+02 2.314674234029508071e+01 3.711574915204661806e+01
2.199998110034255490e+02 2.319355949173421294e+01 3.713925110107379624e+01
2.199955709552764347e+02 2.318175733064838084e+01 3.720911233483893454e+01
2.199819857015091600e+02 2.314357327273443232e+01 3.716093395807200750e+01
2.199943233528892392e+02 2.313342483167492603e+01 3.719782991433280017e+01
2.199849185233517517e+02 2.317452596171694523e+01 3.710775842187860007e+01
2.200083585985003936e+02 2.314751182634814697e+01 3.699883677108352487e+01
2.199732243603084783e+02 2.309978569138434423e+01 3.700066036303091721e+01
2.199432436537087767e+02 2.312238878170333223e+01 3.699404210798679316e+01
2.199659198677024108e+02 2.306172088130902509e+01 3.697614480737536979e+01
2.198925419476771879e+02 2.309933007464239552e+01 3.705716696384877906e+01
2.198773985971504317e+02 2.313781225215292991e+01 3.712021532109730515e+01
2.198808129102660018e+02 2.313889560751711372e+01 3.723795006215512160e+01
2.199056085858443907e+02 2.319723930003768686e+01 3.725667984767775920e+01
2.199465195943323579e+02 2.317896063133855833e+01 3.730993525742346151e+01
2.199932557472395729e+02 2.318264943947890799e+01 3.723185042271109069e+01
2.199802026088277103e+02 2.318522451780561511e+01 3.714361714693921357e+01
2.199498022848335950e+02 2.315257760953082666e+01 3.710939976712921862e+01
2.199636361590946194e+02 2.318158070884965127e+01 3.711356894156293151e+01
2.200188704079738500e+02 2.314802481705019233e+01 3.712443061969501912e+01
2.199991641401499578e+02 2.309782372694494867e+01 3.712762893672552167e+01
2.199770402911447320e+02 2.304360308469409091e+01 3.717338748235188461e+01
2.199785781382712457e+02 2.302088299649568981e+01 3.717720228820852668e+01
2.199833964259397874e+02 2.296633611015800369e+01 3.717323448512495787e+01
2.199242404981409607e+02 2.302636164719514511e+01 3.713023888942012718e+01
2.197412276902481096e+02 2.287526451083074264e+01 3.704059826415646484e+01
2.194152603484061785e+02 2.272732631721050112e+01 3.677729228657730687e+01
2.192037518069984969e+02 2.264648528245425396e+01 3.668199638881545610e+01
2.191903465499687798e+02 2.265968916813382705e+01 3.666887012672895452e+01
2.192441576996417041e+02 2.269014461612883338e+01 3.671173072488060996e+01
2.192939481721893742e+02 2.278071784948897971e+01 3.673189823434450574e+01
2.192941067943143594e+02 2.281492060456404403e+01 3.671301995151338105e+01
2.193359481609395800e+02 2.281137916875256622e+01 3.676209268707004441e+01
2.193673002176835496e+02 2.282815261473385959e+01 3.675825988153964374e+01
2.193949083422862998e+02 2.284534342815036467e+01 3.676126020215883727e+01
2.194151163510161382e+02 2.292634533499080263e+01 3.673037276199369217e+01
2.194565920992681924e+02 2.298566888475146541e+01 3.668639505908955556e+01
2.195049504727726912e+02 2.303520061198890900e+01 3.674039520533690251e+01
2.194871679200814469e+02 2.302012026032028302e+01 3.672817117689741906e+01
2.195019940263582612e+02 2.300363143418025658e+01 3.674249666724790586e+01
2.195486908049791737e+02 2.305889268257012858e+01 3.681438398929019229e+01
2.195848341498810328e+02 2.310352174866830666e+01 3.689115034789994496e+01
2.196103711870222241e+02 2.309854371389518590e+01 3.691795411208171629e+01
2.196046337910125317e+02 2.308462096624498727e+01 3.687367266468294957e+01
2.196365145881730996e+02 2.308789240695012523e+01 3.694233804512293062e+01
2.196658686811301493e+02 2.311578740135335153e+01 3.692334726433083603e+01
2.196528211676163380e+02 2.310789566939099160e+01 3.699429297843976627e+01
2.197092400200246232e+02 2.310090279613681830e+01 3.701672844679690400e+01
2.197459841040381150e+02 2.311127960805710302e+01 3.704583166930099480e+01
2.197637171576265303e+02 2.313121649670099700e+01 3.704029789460066269e+01
2.197546756965029999e+02 2.318480715037039985e+01 3.696450464335333663e+01
2.197919890201989972e+02 2.320399817753303395e+01 3.696061783880167440e+01
2.198142309920632727e+02 2.320885808944712991e+01 3.694858280693662778e+01
2.198113004201798901e+02 2.319216676697734769e+01 3.694830943689145641e+01
2.197916774008471066e+02 2.322883210241814211e+01 3.689191533403457157e+01
2.198654816881443992e+02 2.317250774829706117e+01 3.704594191730274844e+01
2.198846513406944609e+02 2.315456769846046470e+01 3.717045466050927871e+01
2.199778154020958425e+02 2.309193333370832590e+01 3.723355701677907348e+01
2.199652302552016181e+02 2.314258216569824711e+01 3.728160714587048119e+01
2.200235694478037658e+02 2.320208121227802778e+01 3.723167717585118908e+01
2.200402720200696365e+02 2.317667917268999389e+01 3.721826741890303225e+01
2.197597561044206032e+02 2.301466748415185037e+01 3.707920981432211249e+01
2.188445570674031444e+02 2.240542240171896893e+01 3.647863157480270502e+01
2.181702769137309303e+02 2.190181177966149306e+01 3.611838722923147316e+01
2.181818225794657451e+02 2.195296460251658033e+01 3.611287820408254845e+01
2.183061992001395026e+02 2.213621590608670076e+01 3.616996979429747938e+01
2.184434849618350540e+02 2.231975520443691963e+01 3.618168758191257695e+01
2.185374218842283369e+02 2.238529314156181016e+01 3.624988609581451016e+01
2.186431688425647337e+02 2.247423515448782538e+01 3.628819052654670685e+01
2.187058909557264315e+02 2.253566804101675558e+01 3.634437425821656831e+01
2.188085509700136697e+02 2.246474932641845967e+01 3.647695535518418808e+01
2.188784167036972406e+02 2.249080047924131520e+01 3.654888880139047558e+01
2.189265230817691474e+02 2.252041669244744782e+01 3.655914186555368417e+01
2.189836990454548129e+02 2.256838469802734792e+01 3.656271930071267207e+01
2.190433600890983712e+02 2.257058628312361748e+01 3.662334332690220151e+01
2.190551914996540575e+02 2.267342966908724833e+01 3.653316158644624778e+01
2.190617197563294098e+02 2.274081594771094927e+01 3.645139694343040304e+01
2.190663884217098598e+02 2.274301753280721883e+01 3.646300223308452360e+01
2.190868967999954862e+02 2.277909787885094417e+01 3.647841445373802571e+01
2.190990747042709756e+02 2.279611769536677102e+01 3.648130002643701886e+01
2.191552798105534237e+02 2.282400706487194952e+01 3.650812854017021181e+01
2.191560819210151863e+02 2.282823248828615093e+01 3.660510628244863085e+01
2.191127342066924939e+02 2.277802577328285949e+01 3.655572755243811400e+01
2.191185121019681503e+02 2.276537987748972114e+01 3.660823260078411323e+01
2.191506718940719338e+02 2.280912133467580816e+01 3.660679937676129470e+01
2.192002531204121851e+02 2.286575393320995886e+01 3.662187522851148458e+01
2.192557202400706444e+02 2.285475275760626701e+01 3.667571000275619753e+01
2.193039278663074185e+02 2.289536452151804724e+01 3.674809006586755800e+01
2.193019962763174817e+02 2.290364774638459622e+01 3.673275996872556703e+01
2.193183613547004427e+02 2.290229102097524461e+01 3.673943222279095977e+01
2.192917240875009099e+02 2.296203756306917043e+01 3.667122245909293099e+01
2.193481879390936058e+02 2.298376316929255481e+01 3.670677631467929558e+01
2.193880954657696805e+02 2.300854534511562122e+01 3.671516753758837837e+01
2.193681844516568162e+02 2.299014517861863638e+01 3.667590462422868569e+01
2.193890291988457761e+02 2.305316653635652813e+01 3.667755159437734847e+01
2.194457607955855849e+02 2.310143828643105834e+01 3.668836489838621873e+01
2.194919715830150437e+02 2.312186566618479944e+01 3.676876606611504883e+01
2.194945421614233112e+02 2.311325169731298601e+01 3.675385221142866499e+01
2.195282769249807302e+02 2.309637137826877051e+01 3.676704034739370286e+01
2.194704934723058045e+02 2.301799629881708498e+01 3.672798330530259392e+01
2.185094256416602434e+02 2.230873265422064122e+01 3.624392032894403570e+01
2.173069326868450446e+02 2.145586311248108657e+01 3.558726073089925279e+01
2.170034311878097242e+02 2.125246679903926861e+01 3.543118555976172956e+01
2.171208138102497003e+02 2.128427222256596707e+01 3.554523599259763245e+01
2.173973866723665651e+02 2.142285733571079120e+01 3.568043941703556499e+01
2.176425557286774222e+02 2.157118702223522178e+01 3.576300842047238149e+01
2.177238377554406838e+02 2.169086010316063096e+01 3.578519301837653899e+01
2.178180570477159961e+02 2.166192787755721838e+01 3.584014602235334479e+01
2.178932023107081193e+02 2.172540597701666698e+01 3.584893323808505983e+01
2.179843987827720753e+02 2.171012650395711674e+01 3.597552156867156725e+01
2.180782670814091375e+02 2.171788998824396444e+01 3.612364538392741764e+01
2.181616460701649771e+02 2.178208469971481875e+01 3.616958955118938235e+01
2.182293754675696391e+02 2.187306180075486139e+01 3.622671039087416744e+01
2.182678295205899417e+02 2.186158925869468561e+01 3.629965856868844298e+01
2.183194998340655104e+02 2.189338343242528850e+01 3.628418784909523254e+01
2.183510251376693816e+02 2.200321406674504132e+01 3.616380940595451676e+01
2.184080042299233355e+02 2.208617568806565501e+01 3.617387234856368394e+01
2.184624914923417123e+02 2.213405032033794484e+01 3.606725578098897245e+01
2.185107171182522450e+02 2.216928243175592428e+01 3.613624628053616306e+01
2.185315674903392278e+02 2.221499710317750598e+01 3.615142450543083896e+01
2.185682429505965274e+02 2.219535045927292671e+01 3.625631197934537653e+01
2.185910575370821505e+02 2.222258509064523224e+01 3.635440120147822540e+01
2.186535850287713458e+02 2.223994802594203080e+01 3.639639556533037990e+01
2.186638392179141874e+02 2.226775414695608646e+01 3.644164562017313358e+01
2.187009421704231613e+02 2.229287269168246155e+01 3.647760784335783768e+01
2.187091961458198455e+02 2.239725842469105288e+01 3.640667000410617504e+01
2.187065130694506081e+02 2.243353676714609435e+01 3.633214010496060098e+01
2.187182848560869957e+02 2.249571551515628798e+01 3.628097040741136681e+01
2.187079474184530454e+02 2.250511471979570288e+01 3.629560301719531168e+01
2.187703939116103413e+02 2.248096140757448680e+01 3.634820368880814101e+01
2.187806346009978711e+02 2.241951839622906917e+01 3.644246123039020091e+01
2.188126155213436732e+02 2.247622861835629138e+01 3.643224529055410699e+01
2.188654378139396215e+02 2.249847396515938058e+01 3.644520955557680253e+01
2.188935645541424435e+02 2.254217829801834938e+01 3.651227858995055442e+01
2.189283500486553748e+02 2.253559266738290390e+01 3.653007014247867090e+01
2.189679200814485114e+02 2.258119709080272841e+01 3.660788948200313797e+01
2.189612962015063431e+02 2.261342888160152143e+01 3.666330372761994028e+01
2.189761628070491213e+02 2.260683200116998037e+01 3.669991168910063806e+01
2.190212936140532349e+02 2.261869266119551725e+01 3.674334602685325990e+01
2.190360522215534900e+02 2.266065215067976979e+01 3.672172054381514528e+01
2.190104566854725761e+02 2.269323381013719043e+01 3.652283314864918395e+01
2.183266130801379177e+02 2.225937867376153889e+01 3.601309813759625911e+01
2.168435164612641302e+02 2.131055849612725694e+01 3.518940831697425153e+01
2.163392612258902830e+02 2.096297354610447528e+01 3.488902076149869913e+01
2.161885162081437386e+02 2.059300375180700016e+01 3.487202119461584715e+01
2.164149273544416872e+02 2.045461438511426877e+01 3.495949960906958864e+01
2.166481963764406657e+02 2.038271806323510305e+01 3.515037602443455711e+01
2.167893498180345375e+02 2.026418121171553821e+01 3.522973096112632874e+01
2.168743229028973758e+02 2.014354177330535833e+01 3.528250037968062003e+01
2.169058965806244714e+02 2.007179394873467970e+01 3.532037394322227897e+01
2.169733717326373323e+02 2.006212587396853309e+01 3.531122448405622549e+01
2.170822123849005152e+02 2.004518818096422095e+01 3.539114641047130760e+01
2.171456578599512852e+02 2.005989728936162919e+01 3.546617355060439536e+01
2.171965688121902929e+02 2.009314493674802193e+01 3.548331373993846682e+01
2.172637874688521151e+02 2.007133045713546338e+01 3.553588741204065826e+01
2.172526344210011189e+02 2.019412985639635139e+01 3.550570420911120806e+01
2.172657809327205882e+02 2.025734471062711961e+01 3.552462636614711045e+01
2.172944026639517290e+02 2.031205134406938839e+01 3.553849173983721244e+01
2.173490080492290986e+02 2.036585911880347055e+01 3.554336177656779938e+01
2.173507843920328924e+02 2.042544141387437406e+01 3.560944195386458944e+01
2.174125142731788003e+02 2.053131549490665364e+01 3.567146995460707615e+01
2.174199695130525640e+02 2.060682300133310108e+01 3.567528926038215786e+01
2.174632373538229615e+02 2.065958004511168156e+01 3.572763568660317901e+01
2.175241325000984318e+02 2.071538578363267291e+01 3.578145021121492420e+01
2.175703534123443887e+02 2.076038496802245348e+01 3.585893880673413037e+01
2.176432948402810155e+02 2.075965035633729272e+01 3.588915575905186728e+01
2.177071261833379197e+02 2.075030065080070329e+01 3.592660633026026318e+01
2.177082736625398525e+02 2.079715605154656544e+01 3.593238647549512876e+01
2.177331042124861540e+02 2.080462704113487860e+01 3.596240543140155665e+01
2.177701835404233179e+02 2.088945612860766943e+01 3.590690568733441523e+01
2.178359599732254992e+02 2.088320911683475600e+01 3.590323937878626026e+01
2.179128748291437319e+02 2.090940201708843915e+01 3.595225474038283409e+01
2.179561887940781162e+02 2.093508755153812828e+01 3.595429770335412911e+01
2.179840500390930345e+02 2.097106214949853964e+01 3.597147389203570356e+01
2.180312890578858287e+02 2.098392854129518881e+01 3.597897863101231053e+01
2.180365314628672309e+02 2.101861953752088397e+01 3.603670583470674416e+01
2.180917094627659765e+02 2.109361967814333383e+01 3.611091173972472035e+01
2.181632874154155957e+02 2.106659316799882831e+01 3.610334062695113744e+01
2.181588729954269468e+02 2.109404717039503652e+01 3.617821026993885880e+01
2.181656734971678588e+02 2.113724188749078792e+01 3.617901350538021177e+01
2.182028101990651408e+02 2.118187545350740564e+01 3.613187235981347811e+01
2.181718136358778395e+02 2.120946782839560996e+01 3.609384917398372039e+01
2.181679122065912679e+02 2.121814029620713171e+01 3.605052620921245676e+01
2.181143328027179393e+02 2.125511050112216793e+01 3.597779740242208391e+01
2.173180126110214303e+02 2.065185143519273581e+01 3.552179254251016971e+01
2.159745473363295218e+02 1.989372092630821243e+01 3.468633881010906350e+01
2.154813495255398550e+02 1.946023365826494356e+01 3.438227707122808141e+01
2.154043705457838485e+02 1.923258053447781180e+01 3.434718333230210163e+01
2.156390547921319012e+02 1.915026915137163144e+01 3.446852813292758810e+01
2.158603720307569347e+02 1.924281559896726890e+01 3.456108020542127690e+01
2.160247158020260940e+02 1.923413750625769936e+01 3.463832468036516588e+01
2.161989301443911415e+02 1.924968134952553811e+01 3.472817117689741906e+01
2.162921110804866771e+02 1.927661561134204504e+01 3.483095043902329024e+01
2.163878558451127958e+02 1.935804388545457755e+01 3.486312260590276679e+01
2.164561544822000201e+02 1.939972550497522263e+01 3.493224022814586505e+01
2.165167965080632939e+02 1.945848318999218307e+01 3.503378426266024093e+01
2.165468222138473777e+02 1.950574245841794152e+01 3.511024462681614011e+01
2.165881787142608061e+02 1.955044689814997128e+01 3.512186566618480299e+01
2.166482492504823369e+02 1.958823383826168296e+01 3.519482396881556241e+01
2.167123573385232476e+02 1.962760137472508148e+01 3.519490721730668525e+01
2.167655542493292273e+02 1.969048435997097712e+01 3.522880622788711946e+01
2.168689871246083669e+02 1.972702144773625932e+01 3.530309425641659971e+01
2.169077494220417179e+02 1.979158852745793951e+01 3.529168133827574394e+01
2.169351111761099276e+02 1.982171773136611748e+01 3.529912645333303090e+01
2.169771347894319433e+02 1.984944622878710163e+01 3.533329095910136886e+01
2.170475382633689776e+02 1.994477812589646959e+01 3.542435580855097044e+01
2.170814046495407297e+02 1.999204639415910734e+01 3.542491267345779704e+01
2.171026768889813923e+02 2.004172436874581820e+01 3.541134204442544586e+01
2.171279664306084385e+02 2.006052277802464801e+01 3.544445581923827859e+01
2.171828373110737402e+02 2.008338011373543708e+01 3.545375490069242375e+01
2.172818028923225881e+02 2.009715886399559182e+01 3.551214246741777458e+01
2.172932709344643172e+02 2.011676050871577814e+01 3.554897317486120301e+01
2.173304740101585537e+02 2.017348085565949134e+01 3.554164505768333271e+01
2.173851851435192657e+02 2.019895939386098505e+01 3.554322115411657990e+01
2.174184766651104326e+02 2.022032500660925436e+01 3.559389136071908410e+01
2.174686383809293488e+02 2.023021132741969197e+01 3.565272891928833587e+01
2.174794348102440722e+02 2.026668429134721805e+01 3.563936303654496385e+01
2.175032686282561087e+02 2.026714553298721455e+01 3.562794674346527302e+01
2.175669424741676607e+02 2.031601802217334907e+01 3.569853471405830447e+01
2.176314634297253292e+02 2.033923535135925675e+01 3.574446200662612938e+01
2.176241105629960373e+02 2.046787451977433037e+01 3.566803314189930063e+01
2.176297399609632066e+02 2.057642717725741122e+01 3.565067245656172190e+01
2.176413362507804550e+02 2.066512844454694431e+01 3.564447831883047257e+01
2.176534061570133929e+02 2.070480310044380445e+01 3.563833930510009651e+01
2.177021278989318205e+02 2.072564222273471302e+01 3.568089840871634522e+01
2.177860840022274544e+02 2.075763889279506813e+01 3.577068190639044332e+01
2.177685984441532128e+02 2.070256439102041313e+01 3.583691508091416011e+01
2.170139137478133193e+02 2.010645232055168918e+01 3.538808984087163623e+01
2.157277481845641489e+02 1.932014557236150054e+01 3.457942637289698951e+01
2.154053132786968376e+02 1.902555953673339673e+01 3.441843054094644572e+01
2.154199020142760048e+02 1.887871707325304627e+01 3.446612967639961767e+01
2.156263537723378647e+02 1.883885792070018894e+01 3.467730859878165006e+01
2.158571264645828194e+02 1.890907914794044231e+01 3.481202715700777617e+01
2.159831961795692337e+02 1.893818012048531685e+01 3.490485034958741295e+01
2.160849910845365969e+02 1.906943036657460411e+01 3.491240346268723727e+01
2.162256585349390434e+02 1.914840393517867412e+01 3.493126037090577540e+01
2.163239221289114198e+02 1.923835392983502146e+01 3.497803927303817773e+01
2.163755508181414200e+02 1.928363323414762931e+01 3.496365303378875922e+01
2.164396757808764846e+02 1.931198722023163228e+01 3.502467530276013719e+01
2.164972443624459402e+02 1.939013280384293125e+01 3.509153171598764942e+01
2.165430996563187307e+02 1.943942941034193694e+01 3.511137973124237277e+01
2.166084643465837303e+02 1.949605188405960021e+01 3.509379067504401206e+01
2.166582075699877805e+02 1.953401657094965316e+01 3.512471298957706267e+01
2.166881657769953051e+02 1.957801339850715294e+01 3.512993289496628080e+01
2.167114506049577756e+02 1.961520184946648016e+01 3.518656099358199185e+01
2.168091978332892609e+02 1.955534168443196918e+01 3.530233377020041274e+01
2.169084649090735297e+02 1.953271721950039819e+01 3.541186515994397865e+01
2.169412006907374746e+02 1.951946833463643571e+01 3.538643049594725909e+01
2.169582036325591616e+02 1.954551836247967955e+01 3.540184721651920086e+01
2.169973934222442153e+02 1.954322902897385106e+01 3.543156917780865456e+01
2.169977567906581726e+02 1.964300459554170430e+01 3.541726956198918685e+01
2.170313486818051558e+02 1.971539590844916034e+01 3.536579049504727834e+01
2.170112790455673064e+02 1.979764991759524406e+01 3.528276924980734464e+01
2.170211867409903164e+02 1.980430304700727362e+01 3.535899899314325268e+01
2.170742340295082045e+02 1.995587717472620781e+01 3.528125502725263374e+01
2.170773310983738327e+02 2.009082522879272759e+01 3.526379759366861322e+01
2.171352596734184317e+02 2.018375866937411800e+01 3.525510262626490032e+01
2.171737339760716736e+02 2.020403980177859182e+01 3.528062391369156359e+01
2.171705266592043131e+02 2.021225777782777655e+01 3.529826471895196960e+01
2.172180322981645872e+02 2.025561899190577009e+01 3.533485130582008082e+01
2.173627766746727730e+02 2.023338601987838814e+01 3.549100522553028725e+01
2.174746131476366884e+02 2.024887586412496177e+01 3.556591986770239799e+01
2.175011907909169224e+02 2.021995826325647982e+01 3.554325715346408998e+01
2.175137804377295652e+02 2.024572479623806842e+01 3.553296021509610370e+01
2.175872551060012086e+02 2.030722743150280252e+01 3.560398692773693341e+01
2.176177274286903582e+02 2.043925278854320737e+01 3.564342308795652770e+01
2.176328955287685289e+02 2.044872511685725769e+01 3.568810165315753835e+01
2.176530382886810173e+02 2.042600277869963676e+01 3.566405521399924794e+01
2.176291234721370813e+02 2.041217115439782503e+01 3.569793734988553524e+01
2.171960681962639512e+02 2.007928293799674790e+01 3.546118539101478717e+01
2.160544152637233424e+02 1.939277313098700262e+01 3.467373791350031809e+01
2.157699371698888058e+02 1.920810097816977091e+01 3.450605632772906262e+01
2.158845005934267363e+02 1.926249599226014197e+01 3.459460459779166541e+01
2.161143035532481065e+02 1.938374516961880190e+01 3.471591677400846976e+01
2.162999713130199382e+02 1.951592802380456959e+01 3.479593319871077028e+01
2.164671747824570787e+02 1.950426536019034529e+01 3.489604513418194642e+01
2.165935819913264027e+02 1.953953797087427802e+01 3.492039869277369490e+01
2.166634106006828517e+02 1.957293524054876599e+01 3.500651250696081007e+01
2.167681169528802343e+02 1.961865441188878378e+01 3.508318661724256060e+01
2.168699557320523468e+02 1.968668305386964690e+01 3.511708787778221819e+01
2.169689651875059724e+02 1.972608546470095092e+01 3.524094475787626379e+01
2.169948228438359479e+02 1.980447854382639150e+01 3.527483026870137905e+01
2.170288928513170674e+02 1.975555318059859999e+01 3.529434079007317848e+01
2.170849078360454598e+02 1.981134766932349223e+01 3.536153469718361464e+01
2.170891276345616347e+02 1.991062486992423430e+01 3.533371507641423648e+01
2.171297900225558521e+02 1.999809428454109295e+01 3.535719452584921640e+01
2.171496121632795280e+02 2.003539523346139362e+01 3.535494006671129341e+01
2.171993362620302435e+02 2.009980706599692724e+01 3.534266428920975756e+01
2.172641542122049145e+02 2.011811160922708197e+01 3.538354267328904967e+01
2.173015417845551553e+02 2.013781112717331823e+01 3.540115760401842948e+01
2.173400610863928080e+02 2.006792964377520505e+01 3.554356652285677143e+01
2.173497876600986558e+02 2.007451077449221089e+01 3.554794606847750771e+01
2.173660166159488369e+02 2.005591373656352516e+01 3.557977286661679273e+01
2.174028113240447624e+02 2.007350391774149045e+01 3.558178095522018936e+01
2.174022004601166600e+02 2.017272036944330438e+01 3.552472986427120816e+01
2.174424173561854161e+02 2.027319117340998034e+01 3.546735927911306874e+01
2.174477902588015468e+02 2.027425652910040910e+01 3.544416107458052068e+01
2.174485091207721723e+02 2.026333635202862027e+01 3.543105506212700107e+01
2.174418874907892416e+02 2.032305814457112803e+01 3.543052182179197729e+01
2.174410133816324446e+02 2.033075300510178351e+01 3.544252197928912551e+01
2.174416827445002696e+02 2.027576287679785949e+01 3.547714772669745287e+01
2.174808646593280628e+02 2.029295369021436457e+01 3.553218622912459779e+01
2.175140448079378643e+02 2.032758168758191175e+01 3.556280592414262287e+01
2.175714063932591102e+02 2.035607629611713421e+01 3.560405442651352104e+01
2.175866982410943820e+02 2.039122178410516284e+01 3.555764339271350849e+01
2.175873833536767279e+02 2.041089992743881609e+01 3.557251899809315887e+01
2.175872044819187749e+02 2.042995820700749832e+01 3.556932293102187259e+01
2.175456117357872756e+02 2.042677788965075081e+01 3.553810474685146659e+01
2.170675707752797052e+02 2.009763923028895150e+01 3.522713000826860252e+01
2.162416084958460090e+02 1.950436660835522318e+01 3.470467822770712019e+01
2.160840269770110353e+02 1.939184052289052218e+01 3.471975407945731007e+01
2.162732035481856769e+02 1.956301292039081829e+01 3.487926718828221340e+01
2.164973849848971383e+02 1.972625421164241288e+01 3.498870745467738175e+01
2.165584860024412137e+02 1.978422666089177184e+01 3.505206293135936590e+01
2.167084851587065089e+02 1.978760272470061565e+01 3.516988992074518450e+01
2.168260714024558240e+02 1.979454609885195993e+01 3.521311163735157379e+01
2.169233618890657738e+02 1.984617591306157536e+01 3.522170760654962862e+01
2.170105286841676104e+02 1.988497758478127508e+01 3.524893548804428178e+01
2.171075649253857307e+02 1.996156619661268650e+01 3.528336998891894893e+01
2.171831399305887658e+02 2.000471816448326834e+01 3.532284214848606041e+01
2.172724599366636369e+02 2.002719750704518376e+01 3.546954623947441121e+01
2.173636710334625093e+02 2.004163549535664757e+01 3.556570499659693496e+01
2.174075902374269447e+02 2.007161620195633844e+01 3.560214083619734282e+01
2.174662849235857607e+02 2.009796884931460781e+01 3.562626264898948847e+01
2.174610908927275830e+02 2.014503124630866182e+01 3.567445340053211567e+01
2.174292888441397054e+02 2.019441110129879036e+01 3.571676275867499584e+01
2.174611617664429843e+02 2.029168696317379172e+01 3.572622608715217041e+01
2.174573390857290747e+02 2.030310100629425918e+01 3.573502567765959270e+01
2.175193243372463883e+02 2.036014084744714125e+01 3.569964394395351803e+01
2.174982253446656273e+02 2.037218037923062752e+01 3.573917685241954700e+01
2.175402343332526982e+02 2.030481885015834109e+01 3.569071498079097182e+01
2.175972921740793424e+02 2.034926679453934995e+01 3.568099853190160786e+01
2.176154302203272550e+02 2.035394670971588482e+01 3.570902289895995807e+01
2.176541756430664805e+02 2.038380366855850667e+01 3.565603973427981543e+01
2.176933710576495855e+02 2.046033715638904127e+01 3.567874294778407318e+01
2.177280125547724481e+02 2.050853690776854776e+01 3.570306388196713954e+01
2.177318982343444986e+02 2.054488049904095348e+01 3.569082860373156052e+01
2.177883294615285195e+02 2.051092411450042619e+01 3.574935229298969119e+01
2.178128045179181242e+02 2.055159550233151933e+01 3.573600553489968235e+01
2.178251972932990554e+02 2.061002581828204328e+01 3.579972437999560952e+01
2.178499727192444766e+02 2.060791760649338400e+01 3.587134958178882727e+01
2.178806149138546857e+02 2.067893756925655779e+01 3.585946754715070739e+01
2.178916678385204193e+02 2.065339715717652780e+01 3.590544546380096591e+01
2.179337297011491614e+02 2.069703511623851711e+01 3.595966160613338758e+01
2.176627086134063802e+02 2.047914681546397020e+01 3.564637615943210847e+01
2.167828991849522708e+02 1.985257479708180384e+01 3.513135599417260835e+01
2.163846350284900950e+02 1.955357546644466993e+01 3.485593736113533225e+01
2.164894493787300007e+02 1.965075907999167626e+01 3.499835527981055350e+01
2.166873872911053525e+02 1.979385986129001296e+01 3.504553692464324399e+01
2.168124422744837716e+02 1.987830308075666252e+01 3.519146140476203755e+01
2.169241774992828198e+02 1.993659164927635530e+01 3.533006789251944468e+01
2.169737553506842573e+02 1.996857819452022298e+01 3.539883452112430717e+01
2.170528279174939996e+02 2.002203160067723786e+01 3.545248254875380667e+01
2.171821240740011660e+02 2.012499310949988995e+01 3.550792829379967230e+01
2.172757730016143398e+02 2.023988390210427468e+01 3.551101636282842122e+01
2.173196978304768265e+02 2.031970908027291856e+01 3.552024907048559754e+01
2.173585355015440257e+02 2.036246955523931135e+01 3.555753201973214317e+01
2.173810080942282923e+02 2.040756661285514184e+01 3.550751880122172821e+01
2.174397624043064354e+02 2.046260736524150659e+01 3.559336374528211877e+01
2.174791873147299270e+02 2.051628914225929634e+01 3.561222402843948487e+01
2.175217812927140812e+02 2.047469639612782188e+01 3.565383027432627472e+01
2.175605548399435349e+02 2.044434669621612954e+01 3.569408879464059936e+01
2.176033648140127355e+02 2.047155545305741242e+01 3.571647588887451263e+01
2.176234659496796553e+02 2.046909849758973010e+01 3.571098373841974194e+01
2.176141128692042344e+02 2.056310741867803671e+01 3.566983198429528557e+01
2.176517704366608257e+02 2.062347157457771019e+01 3.562666201675094868e+01
2.176707600924733299e+02 2.067360854084519772e+01 3.562630202327582651e+01
2.176751801373600017e+02 2.070802504204611338e+01 3.561621883103368447e+01
2.176961115079789124e+02 2.075648578869508043e+01 3.563725594973590916e+01
2.177261068393135304e+02 2.075590642419606269e+01 3.571486491807335995e+01
2.177445688796890693e+02 2.075999910001631221e+01 3.579698280468666383e+01
2.177950579645743971e+02 2.080520303069506838e+01 3.581191465904680626e+01
2.178258801559221638e+02 2.080823822568216031e+01 3.590432835904849185e+01
2.178706734690433677e+02 2.088627018635287058e+01 3.590554671196584735e+01
2.179323549760660512e+02 2.094406938874232793e+01 3.590643432087793485e+01
2.179530579758241799e+02 2.094247866757415011e+01 3.587412603146567847e+01
2.179484320596689315e+02 2.096635298485215060e+01 3.581832254290390694e+01
2.179798482402506465e+02 2.098318267981392893e+01 3.584037889313255931e+01
2.180500323431637923e+02 2.105646835151112839e+01 3.588090628357360856e+01
2.181100826297523270e+02 2.109597651042574995e+01 3.590168803190442048e+01
2.181249301106417420e+02 2.110537459008555317e+01 3.590098154470950220e+01
2.180262232747031419e+02 2.097728216176081872e+01 3.583726832451161926e+01
2.170614002621202587e+02 2.030080267295155139e+01 3.523953740838447146e+01
2.160004241173128605e+02 1.966107626799264096e+01 3.466742902784886837e+01
2.158826781264589556e+02 1.957130514509424657e+01 3.454249779222751471e+01
2.160885370202665001e+02 1.963014607860232630e+01 3.472634083507236369e+01
2.163561606695878652e+02 1.972774705958454433e+01 3.490762679926426415e+01
2.165250414836231130e+02 1.980379905614210756e+01 3.495107688673142832e+01
2.166729988018967106e+02 1.989548939425472796e+01 3.508936388027967013e+01
2.167948745928979974e+02 1.994543623896816698e+01 3.519055129625775180e+01
2.168696823620071825e+02 2.006194137731253591e+01 3.528567619711892434e+01
2.169863978715385713e+02 2.013087112796080547e+01 3.538195870199852777e+01
2.170898341217565530e+02 2.023069056873343996e+01 3.548469858983806091e+01
2.171962088187151494e+02 2.030887102671264088e+01 3.552088805890393530e+01
2.172610346437470810e+02 2.039120828434984745e+01 3.554123894004420947e+01
2.173244351196134687e+02 2.043217104189986699e+01 3.557415471844572608e+01
2.173912949077798089e+02 2.048610706430945783e+01 3.564499805941017030e+01
2.174700288557269801e+02 2.052252152929728268e+01 3.569969231807673538e+01
2.175054949629038106e+02 2.055592442386981844e+01 3.572850529584151502e+01
2.175669919732704898e+02 2.059068741879053377e+01 3.572232465786557754e+01
2.176238686923799435e+02 2.062462467867769789e+01 3.573196010822303492e+01
2.176955827675623425e+02 2.062901772405375311e+01 3.578971768636693440e+01
2.177305482588128029e+02 2.065342303170755045e+01 3.582954758944994467e+01
2.178003442437605770e+02 2.070116604136550009e+01 3.581542009551076688e+01
2.178270085104707618e+02 2.077168201326350783e+01 3.588029316968629701e+01
2.178689961244452320e+02 2.085464813450256116e+01 3.589137984374033152e+01
2.178824126312710519e+02 2.089084322846648334e+01 3.591167897581856039e+01
2.178911413480630586e+02 2.092306376946917723e+01 3.588532857841951795e+01
2.179147546700716020e+02 2.093675027140132983e+01 3.590329675274635690e+01
2.179443978827883655e+02 2.095513131324494793e+01 3.593117599743504798e+01
2.179738037248074818e+02 2.092365888368273374e+01 3.601816279579932711e+01
2.180448540620201356e+02 2.093343383151180248e+01 3.600621438736423130e+01
2.180693741175941227e+02 2.095937923625134403e+01 3.597277324348495853e+01
2.180688633768512830e+02 2.097530219764766812e+01 3.601186066002554043e+01
2.180913742188422759e+02 2.097520882434005784e+01 3.603982877810339858e+01
