2.204647122020913343e+02 2.024473818912032286e+01 3.940327594062357974e+01
2.204865109319893577e+02 2.026724340621326093e+01 3.941602533454081225e+01
2.205028186364122291e+02 2.028357361022831284e+01 3.943234653871898843e+01
2.207627879244688813e+02 2.056453726776202018e+01 3.970556808657843106e+01
2.210969518677474071e+02 2.078331542740787796e+01 3.976518750597645635e+01
2.212688903763619237e+02 2.102640664637953449e+01 3.965089520252445254e+01
2.214249385479888304e+02 2.133120187196606921e+01 3.927155432807780500e+01
2.214835916099020778e+02 2.145698359217239215e+01 3.910173078112958933e+01
2.215215990460172861e+02 2.157726528706667324e+01 3.897803139818091012e+01
2.216528132927590775e+02 2.170016705947204727e+01 3.886856975717314810e+01
2.217671123460887372e+02 2.177020491503591515e+01 3.882165248254875678e+01
2.217719711330232144e+02 2.182517029378842466e+01 3.887851007700485439e+01
2.217575680190796561e+02 2.185681147029210081e+01 3.885103469999606318e+01
2.218207254993503170e+02 2.189483353114224684e+01 3.878647774509087043e+01
2.218318594225479785e+02 2.189968331823985537e+01 3.878442690726230779e+01
2.218589534314690468e+02 2.192677620218133683e+01 3.874189817809552494e+01
2.218939830465572811e+02 2.196835319859827607e+01 3.873299508946400493e+01
2.219358142883660321e+02 2.202574065845056595e+01 3.877572406500132018e+01
2.219717360122847651e+02 2.205189193445868767e+01 3.892021082117886266e+01
2.219734336065158686e+02 2.205817719553833101e+01 3.901828991849522765e+01
2.219750074529899280e+02 2.205861931252496078e+01 3.906633217272936776e+01
2.220296049634100370e+02 2.210630157328398582e+01 3.912500773423481348e+01
2.220642160860834338e+02 2.212786180750473974e+01 3.912943677895837880e+01
2.221114573548354372e+02 2.219171340019462235e+01 3.903459087304042896e+01
2.221768400447741953e+02 2.224331396493438717e+01 3.905940792323139021e+01
2.222314803044194775e+02 2.235104313734313664e+01 3.902547741322188557e+01
2.222364842137236280e+02 2.234009483578110178e+01 3.905203818180795139e+01
2.222639314662421839e+02 2.238650361962189450e+01 3.899443697582981372e+01
2.222826567518463605e+02 2.234514261929002643e+01 3.907746947086584299e+01
2.222851305820082075e+02 2.239186977236037634e+01 3.908037191825898304e+01
2.223382318695473714e+02 2.237568244075576018e+01 3.915112413587503681e+01
2.223569504052738921e+02 2.243278753072600651e+01 3.912271502579015703e+01
2.222622316220518428e+02 2.240677012729144124e+01 3.909447803758556717e+01
2.214558529876645991e+02 2.183286965423751624e+01 3.860636513463193609e+01
2.206082652251927811e+02 2.121367862707488428e+01 3.809210883052744379e+01
2.206112520460566770e+02 2.125860356281042485e+01 3.807505076470489058e+01
2.210173291859084941e+02 2.151286807926606315e+01 3.834021520859934640e+01
2.213449198733272851e+02 2.178753410094441989e+01 3.849966419358649006e+01
2.215124833362395407e+02 2.186814676483988862e+01 3.856895618766910161e+01
2.216305128219551079e+02 2.192185329140909289e+01 3.863206641879615688e+01
2.217463440975132301e+02 2.198988755828800734e+01 3.865673159673981019e+01
2.217448321249177354e+02 2.199012830392449303e+01 3.874628672355313341e+01
2.217377526282336078e+02 2.202173798099909519e+01 3.875497044116075074e+01
2.217779290250364284e+02 2.206688116277892320e+01 3.873668164764513477e+01
2.218682468880251406e+02 2.214764682390131512e+01 3.877735641041505943e+01
2.218975638566550970e+02 2.218911807223494037e+01 3.879100916295892176e+01
2.219348096815745350e+02 2.221496335378921216e+01 3.884939560470466802e+01
2.219456612348901103e+02 2.224291459717292696e+01 3.888254875380383879e+01
2.219890674481524968e+02 2.224720864434332057e+01 3.897128489546126673e+01
2.220354211079924198e+02 2.222229597088552921e+01 3.906556718659474114e+01
2.220209943694770516e+02 2.222140723699383003e+01 3.905879930926251831e+01
2.220441588246212916e+02 2.223931916234018402e+01 3.908910176003060144e+01
2.220572277127477037e+02 2.225142281796142285e+01 3.917036466214049995e+01
2.220807667861020036e+02 2.239959838227932210e+01 3.908201438848920617e+01
2.220261569009061589e+02 2.246877000354368548e+01 3.899447972505498683e+01
2.220366270861340752e+02 2.247611612039531792e+01 3.898517726866200661e+01
2.220623587447477405e+02 2.251515741277189520e+01 3.894405026408896475e+01
2.220440823260078389e+02 2.255033102525016631e+01 3.892086443433213105e+01
2.220994493224810356e+02 2.251041112379838083e+01 3.898014410988800904e+01
2.221387572350251105e+02 2.250711380856222021e+01 3.901575083951603062e+01
2.222162987045859666e+02 2.248178714260804156e+01 3.900171671888446667e+01
2.222184721651919972e+02 2.247363891529466073e+01 3.904112025469538594e+01
2.221914254054145204e+02 2.259403985802757475e+01 3.892735444170074288e+01
2.221885263329602083e+02 2.268478296330879118e+01 3.895215574217717602e+01
2.221980875346634434e+02 2.272389737936000031e+01 3.892893391307282513e+01
2.221886399559008112e+02 2.277446971273645815e+01 3.893649040111147741e+01
2.221897064365708445e+02 2.279276188119090207e+01 3.895883924603866433e+01
2.222380029361967786e+02 2.283760131847610353e+01 3.896876944105387963e+01
2.223104257485333051e+02 2.283546273223797840e+01 3.907293017814052405e+01
2.223547578200144983e+02 2.281509047648511412e+01 3.910606532756593623e+01
2.224022240846884699e+02 2.285948442184485430e+01 3.912673457793577825e+01
2.224102035650603852e+02 2.287048897238737410e+01 3.914351252383550417e+01
2.224006164888261310e+02 2.285031808798465391e+01 3.914738020373381033e+01
2.219931016250330345e+02 2.252777180913595956e+01 3.878658799309262406e+01
2.206182797936787381e+02 2.159397798414903846e+01 3.797623368076453687e+01
2.200989723311265038e+02 2.125888818265168823e+01 3.767123708382785452e+01
2.201594242354357220e+02 2.129709474015783499e+01 3.767819845765295383e+01
2.205249694849280786e+02 2.133591216159206994e+01 3.785403614559486130e+01
2.208340058836433570e+02 2.132930628132364959e+01 3.822598815396470684e+01
2.210930538133996208e+02 2.133858061322638378e+01 3.839763416788071027e+01
2.211949150921639671e+02 2.136415364971509945e+01 3.852577947024710170e+01
2.213154802819198892e+02 2.141911340356956117e+01 3.864878136583774193e+01
2.213782350194902619e+02 2.149613738250994288e+01 3.870778542138923939e+01
2.213879987175232316e+02 2.163705457838576507e+01 3.868624768676068015e+01
2.213657927450065017e+02 2.173655452494923424e+01 3.861641232752656094e+01
2.213789932557472468e+02 2.182109899258075814e+01 3.861598708523408163e+01
2.214111440480141368e+02 2.184760688712517052e+01 3.860802335457670154e+01
2.214721415674340790e+02 2.192646795776826707e+01 3.865539287100421006e+01
2.215529488528020465e+02 2.195106563693532920e+01 3.859312074968641326e+01
2.215798921144554186e+02 2.201436486463682840e+01 3.855515718777596845e+01
2.215885668322261779e+02 2.201459773541604648e+01 3.858616275080014191e+01
2.215970188040341782e+02 2.205424314184305246e+01 3.858536289029761690e+01
2.216172526872950357e+02 2.206907037309948905e+01 3.858280356168544500e+01
2.216374213217385432e+02 2.207388416084958394e+01 3.865266592043019500e+01
2.216256855344497012e+02 2.212859304425107254e+01 3.871219309150021815e+01
2.216395677828339501e+02 2.212456899218701523e+01 3.873851086449057846e+01
2.216765413626878001e+02 2.213476130745130277e+01 3.873781787705097912e+01
2.217314437425821723e+02 2.219414335615167033e+01 3.880105748083315831e+01
2.217594231104561118e+02 2.228684167599462285e+01 3.870127853932647355e+01
2.218254087894656834e+02 2.237682991995770010e+01 3.862317682991995582e+01
2.218493663552348210e+02 2.236687722535029010e+01 3.859331987107733397e+01
2.218647122020913400e+02 2.238681298901457239e+01 3.861776680297669628e+01
2.218695811138423153e+02 2.243407563237916236e+01 3.861555284310471592e+01
2.219044374820706480e+02 2.245039683655733853e+01 3.878704023489574126e+01
2.219612275777501509e+02 2.245395289710373987e+01 3.890434635872225044e+01
2.219785871381081108e+02 2.246131476366990753e+01 3.896499175952435934e+01
2.220039498034098244e+02 2.248020429629713135e+01 3.896966829976206981e+01
2.220250847953380742e+02 2.249449603725932434e+01 3.898300043311714802e+01
2.220506522069287598e+02 2.257972111755474387e+01 3.898186982860935501e+01
2.221294401538972068e+02 2.265742233422019325e+01 3.901761268077016354e+01
2.221772045381677572e+02 2.269708461534134614e+01 3.904844499693442827e+01
2.222100809422829286e+02 2.272190054055270281e+01 3.903023607697110720e+01
2.222065057570831641e+02 2.274708995899449349e+01 3.904005039908651753e+01
2.222378229394592211e+02 2.278783672045944186e+01 3.903541323313515221e+01
2.217878389704186475e+02 2.238216344828749982e+01 3.877941624808050136e+01
2.204191741524684858e+02 2.146655716865131680e+01 3.795254386014253356e+01
2.199530321012931608e+02 2.109991393905985291e+01 3.764243985577761720e+01
2.199757296898993673e+02 2.091128073303671542e+01 3.770092867066784237e+01
2.203155792801255473e+02 2.093544866999285503e+01 3.795819350774267065e+01
2.206035504356483443e+02 2.098056597724166394e+01 3.815718552601234137e+01
2.208753005101782492e+02 2.096886056440227009e+01 3.829841321626045669e+01
2.210143997390047446e+02 2.102304858224444573e+01 3.839726517456870880e+01
2.210277487470539484e+02 2.110388624206186137e+01 3.834421338613237396e+01
2.210753578841383558e+02 2.119504221485985695e+01 3.828432622158723575e+01
2.211246904899848573e+02 2.123586997485670480e+01 3.834516736884143739e+01
2.212205815019602824e+02 2.129136634398501471e+01 3.835517968736816385e+01
2.212704495981010382e+02 2.136861644382695502e+01 3.839992125142731538e+01
2.213003931803736180e+02 2.139420635500981405e+01 3.838223882192135505e+01
2.213267199532008362e+02 2.141995038839921150e+01 3.850641857116340105e+01
2.213848948987799474e+02 2.142569003436812736e+01 3.862895360021599345e+01
2.214145718608850189e+02 2.143895804388545301e+01 3.864823350076780173e+01
2.214559632356663599e+02 2.144515555655553740e+01 3.871584365033383790e+01
2.214613541379562491e+02 2.152618446290660970e+01 3.868429922207659644e+01
2.215096438877045273e+02 2.154576810795304453e+01 3.870219652268802690e+01
2.215479044442319605e+02 2.164324759113740981e+01 3.868923225766533136e+01
2.215840747886444433e+02 2.163540760823710229e+01 3.875076864231835572e+01
2.215920025199543204e+02 2.166484944960372516e+01 3.874147293580303852e+01
2.215856250105466927e+02 2.165853268909501139e+01 3.876682435130863524e+01
2.215915311534978400e+02 2.172808905338590790e+01 3.865931229996456153e+01
2.216345953729588700e+02 2.182861948127190033e+01 3.861425011671663299e+01
2.217316743634021634e+02 2.187411703162880272e+01 3.871818473290171880e+01
2.218192270265101342e+02 2.197426159150865388e+01 3.873221547859444769e+01
2.218686946299098395e+02 2.199629656712471970e+01 3.879324562242309327e+01
2.219447308767528568e+02 2.201855541368312785e+01 3.885281891765711748e+01
2.219836709209645562e+02 2.203131830735567931e+01 3.881440198896395088e+01
2.219984374033220718e+02 2.208414734982928351e+01 3.882886810176565717e+01
2.220615577592656109e+02 2.211099161327700813e+01 3.889126059590169859e+01
2.221329050910952105e+02 2.214718895720015013e+01 3.898684336346403967e+01
2.221449153734088497e+02 2.222071424955422714e+01 3.900287544788250926e+01
2.221676399615257083e+02 2.228597769165433817e+01 3.905656734971678645e+01
2.222016345953729513e+02 2.230420236133220158e+01 3.907430265326441088e+01
2.222231700800423084e+02 2.233235610104566859e+01 3.910535434045257830e+01
2.222312406837625929e+02 2.236129395154712896e+01 3.911112548585057169e+01
2.222458890432610872e+02 2.238302743262778449e+01 3.913502117774115163e+01
2.223133068213138586e+02 2.236988317086752787e+01 3.912498185970379438e+01
2.218553231222684019e+02 2.205983204054426494e+01 3.876877056603348848e+01
2.206348631181059829e+02 2.119874002283708592e+01 3.807089284006727326e+01
2.202243096843869807e+02 2.091380518728098181e+01 3.788089165883868503e+01
2.203282499254700895e+02 2.084278072459936837e+01 3.794199942626040212e+01
2.205528059803916108e+02 2.095353946709715842e+01 3.820102935634291441e+01
2.207863764969259819e+02 2.107208306849438273e+01 3.836541587683723264e+01
2.209684488218651097e+02 2.121338613237634974e+01 3.847766971723637397e+01
2.211284130475135044e+02 2.122772624746176362e+01 3.851586165000759365e+01
2.212246674279028582e+02 2.130175778064022651e+01 3.853954809569076900e+01
2.212919288337898820e+02 2.132502460892896323e+01 3.858606937749253518e+01
2.213421209240582641e+02 2.140317356747909017e+01 3.853848386497994483e+01
2.213696649248232404e+02 2.142651576940167857e+01 3.857343135655666089e+01
2.213968624318684135e+02 2.144420044886686583e+01 3.855704940347956011e+01
2.214464121587796228e+02 2.148094453288033989e+01 3.861423549198170946e+01
2.215090375236948717e+02 2.154135143800518648e+01 3.861537172138754670e+01
2.215635022865210431e+02 2.155848937738003457e+01 3.865554474325152512e+01
2.216264707702172814e+02 2.158363154667821604e+01 3.871642301483285564e+01
2.216611021425236743e+02 2.170713630815441419e+01 3.866636142219922334e+01
2.216319167965080510e+02 2.171918146483594825e+01 3.867025047671010896e+01
2.216657516832507326e+02 2.175012515398158541e+01 3.874506612067656164e+01
2.217005450526209245e+02 2.176562624802425461e+01 3.871013550379399248e+01
2.217375478819446357e+02 2.178822371344519482e+01 3.874011396043447064e+01
2.217353665464813446e+02 2.183089194008358547e+01 3.870955388933575847e+01
2.217436801457973559e+02 2.186961598821021369e+01 3.867930543758894402e+01
2.217553506842688478e+02 2.189204020677125229e+01 3.879018680286419851e+01
2.218292764693640038e+02 2.191578290143491259e+01 3.882240284394845276e+01
2.218439484534342796e+02 2.196220631001063239e+01 3.886577868276137337e+01
2.218632407287617809e+02 2.198788059466422240e+01 3.885230030205702434e+01
2.218767404840787378e+02 2.199530658506814618e+01 3.885908842902222204e+01
2.219285784195161568e+02 2.206655604367171009e+01 3.884887248918613523e+01
2.219809124709614707e+02 2.208121340300706947e+01 3.890829616213206066e+01
2.220512540710199687e+02 2.220357518519976736e+01 3.892850192090268280e+01
2.221353069225620231e+02 2.227816245830544162e+01 3.902436480838785116e+01
2.222014737232887569e+02 2.227597437296449101e+01 3.900682187635349152e+01
2.221964450644332203e+02 2.231544315759276742e+01 3.896774683458862398e+01
2.222267610149565940e+02 2.235051552190616420e+01 3.901067380653725536e+01
2.222494349789910189e+02 2.240562939796716080e+01 3.900113510442623266e+01
2.222741777805277366e+02 2.242670701593533522e+01 3.912720031949420729e+01
2.222933181836079086e+02 2.246185587886219537e+01 3.913637790315050324e+01
2.223126532081606115e+02 2.249819272025694517e+01 3.913607078371704517e+01
2.218098233219522797e+02 2.213475455757364330e+01 3.884475956373290728e+01
2.209493072938053047e+02 2.146965198755772519e+01 3.829701486660554366e+01
2.207269606988373312e+02 2.131802161085830249e+01 3.818513114449800838e+01
2.209764598016660955e+02 2.146034053132786923e+01 3.835680415792463549e+01
2.213028445109432312e+02 2.160994819468897177e+01 3.854562748550182505e+01
2.215475804501043342e+02 2.174324365370877743e+01 3.867305730083641890e+01
2.216750271401330963e+02 2.183887704535355212e+01 3.874099931938733476e+01
2.217302613890123268e+02 2.189542527041697539e+01 3.884830887440165270e+01
2.217979660368655743e+02 2.192408975087326439e+01 3.894898329967769257e+01
2.218472412687520148e+02 2.197316811132798264e+01 3.899154802819198551e+01
2.219252653545654539e+02 2.203675533380957319e+01 3.907146545468863508e+01
2.219692081831016708e+02 2.207742784662028157e+01 3.907290317862988616e+01
2.220270625094920263e+02 2.208890038868045380e+01 3.914881680269544972e+01
2.220462906609817821e+02 2.217498607837733005e+01 3.898276868731754519e+01
2.220586721865666107e+02 2.225078045460426068e+01 3.887560762961171434e+01
2.220724588116840437e+02 2.232185779132753112e+01 3.884108425534787301e+01
2.221137343135655726e+02 2.235026802639202259e+01 3.885624560554840201e+01
2.221748657055590854e+02 2.237780415229973840e+01 3.888404835162362616e+01
2.221808494721033185e+02 2.238566100989419638e+01 3.899336599524133362e+01
2.222045561674194687e+02 2.237692554322453020e+01 3.907400003374938535e+01
2.222320990432048404e+02 2.241402287083546696e+01 3.909997131301994955e+01
2.222074282403631571e+02 2.244907498551588887e+01 3.905444788813202450e+01
2.222556189919057772e+02 2.248170051917809076e+01 3.906914349677412446e+01
2.222463997840039269e+02 2.250556696159882009e+01 3.916695934886180197e+01
2.222925070733093094e+02 2.252895978760384921e+01 3.918980655975610716e+01
2.223020660250533069e+02 2.256540912695957246e+01 3.923009207958105549e+01
2.223310308750653803e+02 2.258685573823974480e+01 3.920757223775319034e+01
2.223346836838582306e+02 2.262257384084913525e+01 3.921717506370197270e+01
2.223441616370703287e+02 2.269944257260337039e+01 3.916501650907576959e+01
2.223643763956778230e+02 2.272704169736923419e+01 3.912748606431508591e+01
2.224040623013708000e+02 2.280125097732603479e+01 3.913586828738728940e+01
2.224398299030829946e+02 2.281896153132224470e+01 3.915385446138788694e+01
2.224738042872972983e+02 2.287767196719559593e+01 3.916073483668108679e+01
2.224929053160911394e+02 2.292619346274348757e+01 3.919150865390565031e+01
2.225455881112154941e+02 2.296661173016239132e+01 3.927479989425191320e+01
2.226062886360184621e+02 2.303987152732856813e+01 3.929662562366057443e+01
2.225513963809405880e+02 2.299975475444507467e+01 3.928952475236386022e+01
2.221804883536485988e+02 2.259881989638937938e+01 3.902577103290003180e+01
2.215608619593769788e+02 2.208324736614148875e+01 3.864420382380569663e+01
2.215423211704287780e+02 2.199885364577767177e+01 3.866072414937479351e+01
2.217637711566477776e+02 2.217363947778446587e+01 3.876907431052811859e+01
2.219610340812572815e+02 2.234532936590524344e+01 3.888263987715222925e+01
2.219958184507905798e+02 2.238457990448923240e+01 3.893240222520967109e+01
2.220113004201798788e+02 2.249880695912386486e+01 3.889890933226835301e+01
2.220370962026313180e+02 2.255773676602111522e+01 3.891932546222599854e+01
2.221352191741524678e+02 2.261048368498320826e+01 3.894519099341324164e+01
2.221586941236690222e+02 2.263032157542144418e+01 3.901303738869732740e+01
2.222303834492999783e+02 2.263408688217526077e+01 3.910063505098970182e+01
2.223188214713608204e+02 2.265247129895770684e+01 3.919017330310887814e+01
2.223229883958353241e+02 2.266232837029828673e+01 3.924811650288838649e+01
2.223476625736158496e+02 2.273382419943638411e+01 3.924016739696592992e+01
2.224378296893368940e+02 2.275087776534050477e+01 3.932939402973320853e+01
2.224582345694984156e+02 2.282872635433482600e+01 3.932036944330383932e+01
2.225041168628818582e+02 2.295852875166637475e+01 3.935262710863365498e+01
2.225119084716589555e+02 2.305534224692177503e+01 3.928762016188456840e+01
2.224949370292663389e+02 2.311312569959669361e+01 3.932750293900922856e+01
2.224765008634218475e+02 2.311766949224045220e+01 3.931595389833559295e+01
2.225175468694629899e+02 2.308422497342235502e+01 3.927905006721753267e+01
2.225408564469769033e+02 2.310062830111204235e+01 3.923483949353418154e+01
2.226413081262901983e+02 2.312473773912847719e+01 3.927406415758714076e+01
2.226750766392359253e+02 2.316114995415708222e+01 3.926857313211198175e+01
2.226778125896468055e+02 2.319997300048936495e+01 3.931519003718057803e+01
2.227244216198581341e+02 2.321243439962650612e+01 3.932016357203525558e+01
2.227587649973844179e+02 2.313313008701717166e+01 3.929595851075199420e+01
2.228266113926684966e+02 2.308837727316192456e+01 3.939217576681422628e+01
2.228405375152575232e+02 2.307239468784628400e+01 3.939941051068449696e+01
2.228942102924384585e+02 2.312623508698904828e+01 3.940641238377554600e+01
2.228962532554097322e+02 2.312139317474870737e+01 3.944900973669852107e+01
2.228955760176846752e+02 2.321116767258593327e+01 3.935581867578650161e+01
2.228507140808072791e+02 2.322327020322756752e+01 3.937678267081409444e+01
2.227888087028422603e+02 2.314719233213898164e+01 3.932369263307102614e+01
2.221244756188794156e+02 2.262807161620195728e+01 3.886024153312221330e+01
2.214627794871217930e+02 2.213197473295796414e+01 3.845290329112784633e+01
2.213936056158982240e+02 2.216197568919063343e+01 3.842729538027123226e+01
2.216102350644894443e+02 2.236610098941956792e+01 3.864309121897165511e+01
2.218475483881854586e+02 2.250130553883710860e+01 3.875341346938086673e+01
2.219788110090504745e+02 2.262658101821904566e+01 3.882733700451679226e+01
2.221000039374286246e+02 2.275852762668676732e+01 3.891475467007160205e+01
2.222035673103424926e+02 2.280423892316951751e+01 3.896586924361995585e+01
2.222552466236549549e+02 2.285155894049420411e+01 3.906522519279337757e+01
2.223111536103408241e+02 2.287518801221727927e+01 3.907580000112498197e+01
2.223670009731073662e+02 2.291339006980498638e+01 3.912564897261237462e+01
2.224131555115563401e+02 2.294664221710981522e+01 3.911310657494333043e+01
2.224161209578076352e+02 2.298059972662995420e+01 3.914619222526591358e+01
2.224176779295875122e+02 2.301815379596244782e+01 3.923843492836692093e+01
2.224625308666280432e+02 2.308345436238968063e+01 3.930842103486874350e+01
2.224774210967426313e+02 2.314361264702077392e+01 3.932498073472418554e+01
2.225004888036404225e+02 2.316993941984801353e+01 3.930730280513665775e+01
2.225241077505470173e+02 2.313222897834976877e+01 3.927855282623002608e+01
2.225686310685618707e+02 2.314983040932382963e+01 3.928909726011215753e+01
2.226584865649310245e+02 2.324297759603107139e+01 3.931638814046495156e+01
2.227778390266676354e+02 2.330143041157379002e+01 3.941534697183613645e+01
2.228431677175851178e+02 2.341172003757431952e+01 3.949578413891248374e+01
2.228451330569633342e+02 2.345646610155191070e+01 3.950824778800884474e+01
2.228178433015901589e+02 2.352065293816549740e+01 3.937687266918287321e+01
2.227884723339389552e+02 2.355356309166896267e+01 3.939683880729661780e+01
2.228286903549873159e+02 2.360780173359357903e+01 3.946891175097451310e+01
2.228282201135104401e+02 2.358029935707415348e+01 3.939346949336542991e+01
2.228466754040082947e+02 2.355619216901693491e+01 3.944778800884233760e+01
2.228457011716662635e+02 2.356348428684730223e+01 3.944733351708000413e+01
2.228711425855406389e+02 2.354248429247219931e+01 3.948538370242039264e+01
2.229085234080132238e+02 2.355323347264330991e+01 3.951069124372120456e+01
2.229538983355926689e+02 2.364724689365005261e+01 3.954034458125446605e+01
2.227960108223038560e+02 2.352059556420539721e+01 3.947084109100522653e+01
2.216732001732468689e+02 2.261792542510167081e+01 3.880133422581715763e+01
2.207135284422969903e+02 2.196935893036938836e+01 3.814783919541458346e+01
2.204534399064016839e+02 2.162943734144818464e+01 3.801981201590721327e+01
2.205360145347365517e+02 2.137621343113156058e+01 3.814502787136983386e+01
2.208098829458716068e+02 2.134088907138558255e+01 3.835234248879238805e+01
2.210467361529072150e+02 2.131216834194880150e+01 3.848214038620550070e+01
2.212039711780223854e+02 2.127748297062115768e+01 3.859858590063055317e+01
2.213330243389338534e+02 2.132560734836681249e+01 3.861889628250487760e+01
2.214210776179681659e+02 2.133163836405465119e+01 3.871696637998436330e+01
2.214292067206282013e+02 2.136490401111479898e+01 3.875086201562596955e+01
2.213991562652927030e+02 2.140720211946158358e+01 3.872559722355032363e+01
2.213973596728559414e+02 2.141367187719722409e+01 3.875444282572378540e+01
2.214058150196027839e+02 2.137789752560734868e+01 3.873200848234625937e+01
2.213674239654406222e+02 2.133170023793318748e+01 3.873409644450194378e+01
2.213838576675797754e+02 2.139430310325625229e+01 3.864374708208413978e+01
2.214320056698972223e+02 2.146249936719896922e+01 3.866567405965766824e+01
2.214897396234693190e+02 2.155928811290295499e+01 3.866948774053470572e+01
2.215461573508980280e+02 2.157685354452950577e+01 3.874543736394777937e+01
2.216031128185801720e+02 2.160801210478060241e+01 3.870909152271615028e+01
2.216359442235109611e+02 2.158926206962498640e+01 3.878001923715132904e+01
2.216773029738835987e+02 2.169441841366625212e+01 3.881410161940814874e+01
2.217453406157013376e+02 2.173711926471332845e+01 3.880533690326862484e+01
2.217434214004871080e+02 2.174967291217846821e+01 3.886840101023168614e+01
2.217737193513367515e+02 2.177263262103374331e+01 3.889141584308784161e+01
2.217770999150640421e+02 2.187372103880617047e+01 3.885877680967032433e+01
2.218211304920098428e+02 2.196974929829396928e+01 3.877271024462681481e+01
2.218083619734392187e+02 2.202306995685703228e+01 3.876791558153008310e+01
2.218187781596458592e+02 2.204920210821178728e+01 3.872776168431947497e+01
2.218098323217891732e+02 2.205317778615262725e+01 3.872230890815104232e+01
2.218406882625252479e+02 2.199333337083265505e+01 3.888129890145741285e+01
2.218961666319797814e+02 2.202462917859613967e+01 3.890634094757032813e+01
2.219324325996591369e+02 2.205043846080289782e+01 3.900172346876212970e+01
2.220150544771375962e+02 2.210809591576152755e+01 3.906899837440446532e+01
2.217842739100353810e+02 2.189348243063094657e+01 3.892370500784673482e+01
2.203607235868850012e+02 2.092094655784363866e+01 3.803851817685804093e+01
2.192280086173438178e+02 1.995755451932433644e+01 3.733403344564379722e+01
2.187204470668969236e+02 1.925685084457844098e+01 3.701558546751340373e+01
2.188155393433493998e+02 1.904090763354914273e+01 3.709847846507781810e+01
2.191240278769947167e+02 1.907768996686935026e+01 3.726881500272807557e+01
2.194482436255842970e+02 1.915624729301781315e+01 3.744613316383640722e+01
2.197031403805806065e+02 1.928789915682778400e+01 3.760614238866920545e+01
2.198608287724784986e+02 1.931413705626585653e+01 3.776044909186020959e+01
2.199762865548061939e+02 1.934668609131459505e+01 3.775058639562158191e+01
2.200846940899196227e+02 1.939352124242748232e+01 3.781306776314679041e+01
2.201493939172352441e+02 1.953546554468700336e+01 3.776471163960152921e+01
2.201657938699861177e+02 1.964300122060287634e+01 3.778138946231599249e+01
2.200676101495660362e+02 1.960936095533268286e+01 3.772827804996034473e+01
2.200191224034064419e+02 1.953794162480804886e+01 3.769844246573030944e+01
2.200195802701076104e+02 1.951499654068770084e+01 3.763969040561139678e+01
2.201281216777945815e+02 1.959033867511151428e+01 3.770624082438505553e+01
2.202437358322880527e+02 1.969038198682648755e+01 3.781275389383567642e+01
2.203263295852762553e+02 1.977140526827951206e+01 3.786040803010445188e+01
2.203739713467693377e+02 1.982562478555076169e+01 3.786551881247152096e+01
2.204473661414886863e+02 1.985368177701779047e+01 3.797605143406775596e+01
2.204927151945371122e+02 1.996587599349761888e+01 3.798601537847126508e+01
2.205341436936455466e+02 2.002448968112452832e+01 3.801627732997339137e+01
2.205125643347714401e+02 2.009289631625426864e+01 3.798818321417924437e+01
2.205587526226087220e+02 2.013046276036246951e+01 3.801714918917094366e+01
2.205518171233146347e+02 2.007268268262637889e+01 3.802446043165467415e+01
2.206125705221592739e+02 2.006246674279028852e+01 3.805497887850782490e+01
2.206531609114584853e+02 2.007642211484916928e+01 3.808810615307597658e+01
2.206916183394176016e+02 2.010866515544405786e+01 3.803351089261506957e+01
2.207643662708613306e+02 2.018477902588015738e+01 3.813995983822793079e+01
2.207829081847891644e+02 2.022007076121745328e+01 3.815009815447095320e+01
2.208001653720026241e+02 2.029552201866341221e+01 3.818158633374770261e+01
2.208068938750485017e+02 2.034535861537509760e+01 3.819528746041478229e+01
2.208250611707662756e+02 2.043529286031690617e+01 3.820915508406410055e+01
2.208324747863944992e+02 2.043391138535614004e+01 3.821687019422773091e+01
2.208629842334107707e+02 2.045937754878193005e+01 3.827156670285351225e+01
2.209040133647577591e+02 2.043529286031690617e+01 3.821304188861576989e+01
2.209392252265427601e+02 2.048135740039711905e+01 3.818475090138991135e+01
2.208781444586316809e+02 2.044909636012847187e+01 3.818857020716499306e+01
2.195635472857054538e+02 1.952956615161350129e+01 3.739727979930363944e+01
2.177870604845287232e+02 1.820736524150499847e+01 3.629898020598376718e+01
2.168633014776607126e+02 1.718393529117284757e+01 3.571286132938840296e+01
2.168007301117667112e+02 1.682579128253300382e+01 3.570354424826049922e+01
2.171497325360977868e+02 1.679560582964433735e+01 3.590650631957295502e+01
2.175979435372733803e+02 1.691798898644962179e+01 3.619099228826477344e+01
2.179430085329703388e+02 1.703660571152147796e+01 3.641535597167301574e+01
2.180693617428184155e+02 1.710074079907301581e+01 3.651654001271226946e+01
2.181067785646385175e+02 1.710502472142692554e+01 3.658732710469622873e+01
2.181644967684960648e+02 1.714293540929570625e+01 3.667214156743408893e+01
2.182569835921723893e+02 1.721015406595755337e+01 3.676377115664778472e+01
2.184095240773760906e+02 1.728218538538989080e+01 3.683224641553371725e+01
2.185060102035650687e+02 1.738034885617698322e+01 3.687671348456809284e+01
2.185618688161277134e+02 1.745141156816532657e+01 3.688496521000556783e+01
2.186198930144390999e+02 1.747161620195634057e+01 3.693156186544118924e+01
2.186861509385142313e+02 1.751473104549980064e+01 3.698012836017347382e+01
2.187578042647976986e+02 1.755561617945674868e+01 3.706394046607905324e+01
2.189198148283562375e+02 1.765690596857931993e+01 3.715981572833992175e+01
2.189996118820346283e+02 1.773421456736096502e+01 3.720205983766544477e+01
2.191254442263233955e+02 1.781978051647813999e+01 3.727816695822388482e+01
2.192444648190751479e+02 1.789261957127027003e+01 3.736987079609182416e+01
2.193329838396679179e+02 1.796011497291611647e+01 3.738666336672648072e+01
2.194035886849550820e+02 1.804326896574999495e+01 3.736278117459121262e+01
2.194202878822821390e+02 1.811490204240048030e+01 3.734166755727552101e+01
2.194809962819423959e+02 1.821432099043205000e+01 3.731128860789398516e+01
2.195664441082005283e+02 1.827825245667422394e+01 3.735382746187725189e+01
2.196247776759046246e+02 1.831679538308368294e+01 3.741973439231414034e+01
2.196414858730685467e+02 1.837745090870227926e+01 3.747080396667810476e+01
2.196942316670510422e+02 1.840140397455296295e+01 3.751167672585934554e+01
2.197289676624611161e+02 1.849816684572592251e+01 3.751747374578835803e+01
2.197983564047901552e+02 1.855630241701869210e+01 3.755255285997941428e+01
2.198521383049932183e+02 1.860988744579004361e+01 3.760405780145234900e+01
2.199043373588853569e+02 1.867881157154026539e+01 3.763583622546841667e+01
2.199297551481879509e+02 1.870001181228590070e+01 3.767512951327757520e+01
2.199628396735309082e+02 1.878197332673345343e+01 3.767262418368667198e+01
2.199886905799832277e+02 1.881398124658990412e+01 3.769442291358468822e+01
2.200826792514385772e+02 1.885876105995578911e+01 3.770528684167599209e+01
2.201410353187348505e+02 1.888019529646025063e+01 3.778164708264662863e+01
2.201959703230378977e+02 1.893308621281239112e+01 3.776056046484157491e+01
2.202046427908494195e+02 1.893559379236251417e+01 3.778466765289878992e+01
2.202497297236487555e+02 1.900415117475995785e+01 3.779807065996929083e+01
2.201053925897593047e+02 1.891677625843031763e+01 3.768029541964551754e+01
2.190592740506578195e+02 1.815716190144053499e+01 3.699424122937772097e+01
2.170842643477087108e+02 1.677356297917100392e+01 3.581979064129462387e+01
2.159013966621855047e+02 1.556197568919063379e+01 3.517023641446498772e+01
2.156875526631079936e+02 1.515785151394130992e+01 3.500785348265562646e+01
2.160036595586705062e+02 1.510633082275383821e+01 3.525406989498315369e+01
2.165725538724610715e+02 1.529965406877000333e+01 3.559601757218150198e+01
2.169935504918973379e+02 1.546551993745113407e+01 3.589120322194160195e+01
2.172237179451122415e+02 1.559511871347331891e+01 3.590548933800575071e+01
2.173151124135875136e+02 1.557620555627429226e+01 3.603815030852565826e+01
2.174187635349109371e+02 1.574518424353558643e+01 3.618855333247084616e+01
2.176128247675510750e+02 1.590295813388382307e+01 3.632709907132932869e+01
2.177593781112717295e+02 1.600350318650474435e+01 3.647546138226244494e+01
2.178520561814817142e+02 1.609829846834026057e+01 3.651333269584488761e+01
2.179084210348687520e+02 1.614948279062441827e+01 3.656078546076352609e+01
2.179385063645721345e+02 1.625199430760317298e+01 3.643428712854579743e+01
2.180201663844842699e+02 1.632763343664396061e+01 3.646368059578919940e+01
2.181132471973945428e+02 1.644204048801615414e+01 3.643120693437431612e+01
2.181696851744562196e+02 1.653097687604412158e+01 3.649630500447179315e+01
2.182326896574999466e+02 1.657438758922494415e+01 3.648512833204897987e+01
2.182752622608715285e+02 1.660934970553658729e+01 3.653475793251246984e+01
2.183792441262002058e+02 1.666651666938536636e+01 3.667777996523813044e+01
2.185033788762578695e+02 1.674999128140802540e+01 3.674934554311202817e+01
2.186003071194334666e+02 1.684004927410690655e+01 3.679762179310500159e+01
2.186547910069130012e+02 1.688973399857127689e+01 3.685689359380361196e+01
2.186900186184125516e+02 1.692576372053256506e+01 3.679865339940713653e+01
2.187352292989689602e+02 1.694641497122864493e+01 3.681916627761121674e+01
2.187615909461640911e+02 1.698854770757279908e+01 3.674990690793729442e+01
2.187738127246443582e+02 1.700816735196674401e+01 3.681099330074642495e+01
2.188215051102198743e+02 1.709032573784600118e+01 3.685617698179220270e+01
2.188558518626850002e+02 1.715118713473318124e+01 3.684489681124529881e+01
2.189048064753826282e+02 1.722544141387437477e+01 3.693082725375602848e+01
2.189472452061806393e+02 1.729620150634769615e+01 3.693588291212221719e+01
2.189616111957970759e+02 1.734033220647875595e+01 3.693451943683520966e+01
2.189836135470044667e+02 1.740542802661701671e+01 3.695068089390879607e+01
2.190669869108622265e+02 1.744779700867921690e+01 3.701723131268245481e+01
2.191123843380338769e+02 1.745825819407023261e+01 3.709175896186881261e+01
2.191615166975098532e+02 1.749961581946327271e+01 3.713618665661685014e+01
2.191920497690979346e+02 1.754842980970969890e+01 3.711826460645400516e+01
2.192432824655053025e+02 1.759123978377892072e+01 3.717794814968979011e+01
2.193015305347590527e+02 1.760231858297568408e+01 3.721634482874998184e+01
2.193686501932152453e+02 1.760232308289412373e+01 3.729755598179782794e+01
2.194226649641975371e+02 1.765811419668018445e+01 3.727786433870885929e+01
2.194507444552567392e+02 1.768090403361438945e+01 3.734125018984030930e+01
2.195104324984109780e+02 1.774998565650997406e+01 3.730957413896872765e+01
2.190304430732192884e+02 1.744534455312997423e+01 3.701324438494552282e+01
2.172758686248811841e+02 1.641572721494422993e+01 3.591619351899246482e+01
2.160954016458451576e+02 1.548622068725004297e+01 3.520320844184698927e+01
2.159261507135183251e+02 1.507416878069085087e+01 3.514320652938165779e+01
2.163145971729262271e+02 1.509954382076824864e+01 3.533773237860063432e+01
2.168623846192787710e+02 1.531882484629966079e+01 3.567875982247822009e+01
2.172472300189559178e+02 1.550442173235610177e+01 3.585790832541160000e+01
2.174969923670133483e+02 1.561350425523537311e+01 3.603074344277509766e+01
2.176056417727428709e+02 1.564928648168251968e+01 3.609002311833098275e+01
2.177112166091989707e+02 1.572779205876893549e+01 3.615467907144183357e+01
2.178389602938446785e+02 1.579022955208936807e+01 3.625714558923619535e+01
2.179191342156923383e+02 1.599001918090234575e+01 3.627979142878035645e+01
2.179421704231610875e+02 1.607358604125300161e+01 3.634327515313785284e+01
2.179846417783677737e+02 1.618331542740787654e+01 3.634441925740095769e+01
2.180006558631124847e+02 1.626438708298412195e+01 3.632447674385901593e+01
2.180903212379275544e+02 1.622208222475967787e+01 3.651381756205668694e+01
2.181801947339704384e+02 1.629905895455645037e+01 3.656892468824002407e+01
2.182640518390604143e+02 1.634925216980442286e+01 3.661915615279473002e+01
2.183000376868169212e+02 1.634861993126374458e+01 3.669306731315494829e+01
2.183871628576732178e+02 1.638674886517681983e+01 3.674614385114269766e+01
2.184262806486632371e+02 1.645014146618592576e+01 3.676167531963483270e+01
2.184819502646514593e+02 1.654382639314662384e+01 3.673866161175828893e+01
2.185039661156141619e+02 1.656824407557612844e+01 3.671945820981994757e+01
2.185486705553461775e+02 1.661947564700389890e+01 3.669040448641868579e+01
2.185852965165006481e+02 1.665394952216491120e+01 3.668977337285761564e+01
2.186306073202423192e+02 1.666780252107930593e+01 3.678893245059933292e+01
2.186549721286301633e+02 1.671713400194621357e+01 3.683979390373549734e+01
2.187037737441008858e+02 1.675409408204476236e+01 3.684967909956632326e+01
2.187658242444355778e+02 1.675705052845917109e+01 3.688040116772883437e+01
2.187609182083574808e+02 1.680597026678891481e+01 3.687371428892851100e+01
2.187904601729093770e+02 1.692679532683470001e+01 3.685968691817461007e+01
2.188507557050528476e+02 1.706755952548359900e+01 3.684710627119883242e+01
2.188535085301578818e+02 1.713634077882338502e+01 3.680571939633593814e+01
2.188988485833694142e+02 1.718362704675977781e+01 3.680667225406539700e+01
2.189751334507062097e+02 1.724261085267829685e+01 3.685321041056131008e+01
2.190033715638903971e+02 1.727942918534601446e+01 3.690377486908050031e+01
2.190566460982894625e+02 1.729125609598326108e+01 3.699042979845989976e+01
2.191428656605598917e+02 1.733112312339338956e+01 3.703237466320923232e+01
2.191804624791175797e+02 1.736133557579269038e+01 3.714716533262834730e+01
2.192642498354717304e+02 1.742808511595727339e+01 3.717075503006508086e+01
2.193229265219567878e+02 1.748715442032613154e+01 3.725340278207457345e+01
2.193176604924035757e+02 1.744102238146933459e+01 3.725967004348046174e+01
2.193542763287415482e+02 1.746138113746688347e+01 3.725023821443236471e+01
2.193332043356714109e+02 1.749755260685899927e+01 3.725881393399744468e+01
2.185616370703280893e+02 1.698634724745614122e+01 3.676499063454475191e+01
2.170177308036291777e+02 1.603470112104218259e+01 3.590585720633813338e+01
2.163745619610644439e+02 1.542521866791164342e+01 3.542886585180643522e+01
2.164574403338939419e+02 1.528127415190599692e+01 3.549725898718085659e+01
2.168855783238928723e+02 1.542356832282414913e+01 3.570807116621011090e+01
2.172718929469403406e+02 1.558812021532109782e+01 3.593018826533769072e+01
2.175066638167183157e+02 1.576725296853994607e+01 3.597816302079525030e+01
2.176744421507360130e+02 1.588060591401780819e+01 3.612270377599406146e+01
2.178107334304565654e+02 1.596680860159409576e+01 3.622558991118285832e+01
2.179179484871836792e+02 1.602570240914383604e+01 3.628023579572619894e+01
2.179983080306669478e+02 1.609628587981842784e+01 3.632057868951125101e+01
2.180624059938913604e+02 1.617075165512624935e+01 3.635935898661836774e+01
2.181334034570623430e+02 1.623543573272734264e+01 3.638319842952846273e+01
2.182253176661172915e+02 1.631476029496965197e+01 3.646099526946073865e+01
2.182867809270956911e+02 1.636609086460308049e+01 3.649777085290329381e+01
2.183235283860479967e+02 1.646053515280035384e+01 3.650818928906913641e+01
2.184053571529016153e+02 1.656219843515336265e+01 3.653697976724171781e+01
2.183942074799894328e+02 1.653870998588150698e+01 3.657855563867904891e+01
2.184517535619666830e+02 1.660764986134626398e+01 3.657950624644928439e+01
2.185277088102778009e+02 1.665681372025132134e+01 3.668460971644888957e+01
2.186030138203745139e+02 1.671635326609705174e+01 3.672295464644703600e+01
2.186424511055737128e+02 1.677868276137494874e+01 3.677214775482194398e+01
2.186692469948982307e+02 1.683109781135216920e+01 3.677699304200111641e+01
2.187028782603315449e+02 1.692193653990021573e+01 3.681802217334810479e+01
2.187753449468728491e+02 1.702275946248474270e+01 3.683124743364026443e+01
2.188569442178860527e+02 1.709773485355577805e+01 3.692335851412693160e+01
2.188748021442111451e+02 1.714807881607145745e+01 3.694010271063837081e+01
2.189609800822360057e+02 1.714623384951147855e+01 3.691813523379888551e+01
2.190442296983367214e+02 1.715216024209561141e+01 3.693369595176087472e+01
2.191027410128191377e+02 1.724576079558557851e+01 3.695773114112306956e+01
2.191827776871544131e+02 1.731559952975852212e+01 3.702404081426023907e+01
2.192562557303648987e+02 1.740198333905198069e+01 3.701281464273460386e+01
2.192555312434962218e+02 1.748738054122769014e+01 3.712841079755429519e+01
2.192572389625437950e+02 1.752248552994976905e+01 3.716708084665965117e+01
2.193130919502083884e+02 1.761754405701396564e+01 3.721401949589663616e+01
2.194122836523588091e+02 1.770135166300110896e+01 3.728962262558991370e+01
2.195229411466917213e+02 1.777510307625674457e+01 3.736089008386723265e+01
2.195877984711527233e+02 1.782526816701447459e+01 3.732068331261496041e+01
2.196375180699849921e+02 1.785815807088496499e+01 3.731443967578087495e+01
2.196465089070260603e+02 1.787209656824969883e+01 3.724967009972944254e+01
2.196846985898380638e+02 1.795662191122785956e+01 3.731885072083068167e+01
2.197252338551363664e+02 1.800233883260865753e+01 3.737315573655227752e+01
2.197589213695501655e+02 1.797289474128281483e+01 3.737729903645496421e+01
2.192479432560284920e+02 1.762059387673598465e+01 3.700326244086826222e+01
2.180276643735832351e+02 1.685668322261658858e+01 3.630514509424516945e+01
2.175255297247737474e+02 1.652586609367705250e+01 3.602163785781382899e+01
2.175640940257957823e+02 1.646850900827422493e+01 3.601947339704467765e+01
2.179956857031966422e+02 1.650291763461787298e+01 3.641346488094903577e+01
2.183146624217436056e+02 1.655157187775971650e+01 3.674171143148030438e+01
2.185174084969710009e+02 1.661864541205190804e+01 3.687401353350470856e+01
2.185900034311877960e+02 1.670961913815312272e+01 3.686620842497229944e+01
2.186917195875824689e+02 1.671984857774452848e+01 3.694987990842665937e+01
2.187294187792846287e+02 1.683512411337544634e+01 3.689747498326592989e+01
2.187978377891900834e+02 1.692874379151878017e+01 3.692537447758759583e+01
2.188762769924795180e+02 1.702205297528982442e+01 3.697406022015850624e+01
2.189213706751565098e+02 1.709671562202935036e+01 3.698377104414982597e+01
2.189593286121689175e+02 1.715085526574830865e+01 3.697702904134862223e+01
2.190306984435907225e+02 1.720940145459863402e+01 3.693616415702465616e+01
2.190971408643218297e+02 1.723489124259622685e+01 3.696833294896529765e+01
2.191707966543106352e+02 1.733034013758500791e+01 3.691121210928051966e+01
2.192386947986567804e+02 1.741517372497623484e+01 3.697761628070491469e+01
2.193261315888649392e+02 1.744358733497955427e+01 3.700766111114236168e+01
2.193621804354796154e+02 1.752693369932670109e+01 3.711200746986460786e+01
2.193832794280603764e+02 1.761460336031409568e+01 3.717748915800900988e+01
2.194318695473644425e+02 1.768419122403406263e+01 3.721508035166862527e+01
2.194667911644101537e+02 1.773075075514256227e+01 3.724487318667349456e+01
2.195310589995556256e+02 1.778612337651379960e+01 3.726159713355195180e+01
2.196077241100005040e+02 1.781939464847199517e+01 3.728601819092028791e+01
2.196872882928996944e+02 1.776982692188704149e+01 3.738831146185475518e+01
2.196866290548483676e+02 1.782701526034840711e+01 3.734040533015338781e+01
2.197195268335761398e+02 1.785730646132038757e+01 3.735623041832366908e+01
2.197643763956778287e+02 1.793024001439973958e+01 3.739569920295194549e+01
2.197995612579522060e+02 1.793995533830949185e+01 3.745670347224956487e+01
2.198245436801458084e+02 1.800917758365629595e+01 3.748530832878653740e+01
2.198512315714277747e+02 1.804050151591002304e+01 3.752190954038957926e+01
2.199163971403018252e+02 1.807811183422300516e+01 3.754632834779869910e+01
2.199680573289609242e+02 1.812452849292106549e+01 3.758479477559469473e+01
2.199828564357271148e+02 1.814576248305499462e+01 3.756121182803561709e+01
2.200195791451280058e+02 1.818811346544343976e+01 3.751737249762348370e+01
2.199916245268054524e+02 1.825489225507787694e+01 3.747364116525388056e+01
2.200125502725263118e+02 1.831904309234395001e+01 3.747532300977044883e+01
2.200965322503529649e+02 1.836130407636361639e+01 3.763745507112683697e+01
2.199867972393000457e+02 1.834450025593286071e+01 3.755822950709018215e+01
2.193006260511528183e+02 1.787049684724464527e+01 3.715508518908094970e+01
2.188165012009157238e+02 1.750263076481738622e+01 3.687588212463649029e+01
2.189225609035836158e+02 1.761883553360595300e+01 3.694072482436256166e+01
2.191689224382808163e+02 1.779555745552112000e+01 3.709970244289322494e+01
2.193383589922432577e+02 1.792440924508243327e+01 3.720322419156152449e+01
2.195180812347776111e+02 1.807824683177617331e+01 3.726730078017335757e+01
2.196850349587413689e+02 1.819921476423239781e+01 3.738421653607528583e+01
2.197997783790168853e+02 1.827542088299649592e+01 3.744876899106203894e+01
2.199170563783531520e+02 1.837947812195903907e+01 3.750882602752825079e+01
2.200236076971104922e+02 1.849774497837226761e+01 3.759354374201967630e+01
2.201339591969895650e+02 1.855751064511955661e+01 3.763893666927287285e+01
2.202229923332639601e+02 1.862766324860361777e+01 3.772099043204841706e+01
2.202489692374325614e+02 1.865560886708928479e+01 3.775694365539624897e+01
2.202429888458271705e+02 1.869160933958071880e+01 3.772539247726135159e+01
2.202301809529702155e+02 1.876828569982168915e+01 3.765718158858370401e+01
2.202230530821628918e+02 1.882466517794365046e+01 3.760977269786985033e+01
2.202506409571326458e+02 1.891550278151208531e+01 3.746628042366732103e+01
2.202506645817044557e+02 1.893082725375602493e+01 3.753276109370517588e+01
2.203060934520561887e+02 1.889140684325096586e+01 3.767287617911925679e+01
2.203360179096753768e+02 1.887279968050578915e+01 3.772499873439793561e+01
2.203547128208301160e+02 1.890969338680736556e+01 3.778032973152361507e+01
2.203691654338765034e+02 1.897207800608613937e+01 3.776769958544501549e+01
2.203686175688065703e+02 1.894173393107249836e+01 3.780628076116120440e+01
2.204122634027258130e+02 1.898667911644101380e+01 3.784256472851429720e+01
2.204155494681658922e+02 1.905685984441532099e+01 3.789176121182803314e+01
2.204555121188428473e+02 1.916075283635484183e+01 3.790629257344710368e+01
2.204813866498669768e+02 1.919238951294007833e+01 3.791985757758140352e+01
2.204826331272745676e+02 1.921747768321699112e+01 3.793796524937985737e+01
2.205503647746384672e+02 1.927909619138153019e+01 3.788840652263177589e+01
2.205879694680533873e+02 1.936546312598084185e+01 3.787719160090223625e+01
2.206281188653455558e+02 1.940306781939577263e+01 3.786746840213520926e+01
2.206657708079040958e+02 1.943471349581788843e+01 3.791706537819001710e+01
2.206429089722748813e+02 1.947043947328454649e+01 3.788344873749163355e+01
2.206786034503124654e+02 1.948270512596959136e+01 3.792070131228871332e+01
2.207444068826252419e+02 1.948477283849230091e+01 3.788643893329433610e+01
2.205165433876510974e+02 1.933114899792441221e+01 3.773496155382184014e+01
2.196179243001220698e+02 1.868670105354340549e+01 3.715907436677710507e+01
2.190841934739932810e+02 1.830407186369746952e+01 3.684666527919181789e+01
2.192087827158132711e+02 1.835022752712606930e+01 3.697677142101799319e+01
2.195109724886236506e+02 1.853981584083788547e+01 3.717769952919603327e+01
2.197003830555571255e+02 1.866002216209831133e+01 3.732990252051681779e+01
2.198502550891265059e+02 1.874808894088794631e+01 3.743620184384158023e+01
2.199395829700586660e+02 1.884063988840202342e+01 3.747640861509385246e+01
2.200103959365736443e+02 1.894046045415426960e+01 3.749828721854416358e+01
2.200596700434804518e+02 1.899540108335536459e+01 3.749475703252878844e+01
2.201011716662635536e+02 1.908556819907639124e+01 3.752034469375242764e+01
2.201682587003110427e+02 1.915570730280513700e+01 3.755786501369662744e+01
2.202240374393214211e+02 1.921850366462107829e+01 3.756146719840702985e+01
2.202372390750417708e+02 1.935994960091348460e+01 3.756639123415887838e+01
2.202852532047856755e+02 1.941976139182477468e+01 3.759643493961672078e+01
2.203285525449851150e+02 1.944043176717422128e+01 3.767237218825408718e+01
2.203676602111586647e+02 1.947887907031685018e+01 3.764090763354914060e+01
2.204304138237494328e+02 1.957780977719778903e+01 3.771195459582295229e+01
2.204920098323217985e+02 1.960839009792947607e+01 3.779413998121284379e+01
2.205313357445396321e+02 1.970038868045516622e+01 3.775654878755322841e+01
2.205535203424437896e+02 1.968773940972319991e+01 3.776635635979097572e+01
2.205668941000444363e+02 1.970923102018775808e+01 3.777852863916841386e+01
2.206353074850518396e+02 1.977233675139638081e+01 3.781803004820537950e+01
2.206974502337145054e+02 1.980422992333263821e+01 3.793238760047474045e+01
2.207588167464464846e+02 1.982918197107677472e+01 3.796162919547083447e+01
2.207579932613721496e+02 1.980018449665599789e+01 3.806956873906660377e+01
2.207823749444541193e+02 1.983043744832124844e+01 3.805807707235306481e+01
2.208385598011035995e+02 1.988635343484399343e+01 3.814813281509272969e+01
2.208713439568907688e+02 1.995203986927737105e+01 3.810787879469684469e+01
2.209235452607421450e+02 1.996183394175980652e+01 3.809110084879711877e+01
2.209785128894538673e+02 2.000966694978653493e+01 3.812188479083816617e+01
2.210081651020075242e+02 2.003486086814676526e+01 3.815353159223989366e+01
2.210721865666184840e+02 2.004650553208723096e+01 3.820785798257406896e+01
2.211285064208211111e+02 2.008098165720746309e+01 3.819395435957723350e+01
2.211662393619115790e+02 2.011523166142613661e+01 3.821563609159584018e+01
2.212188434084632149e+02 2.011601014731607862e+01 3.824057463958465775e+01
2.211210421811104538e+02 2.011440705137219354e+01 3.810838953543967023e+01
2.203137444383820593e+02 1.956229518339980089e+01 3.760808747841445410e+01
2.190814935229298897e+02 1.878200032624408777e+01 3.687871144835499848e+01
2.187210984300909615e+02 1.853427981617833353e+01 3.664378983130930578e+01
2.187803511061362087e+02 1.844153424719176826e+01 3.675083839105415962e+01
2.191417249312356148e+02 1.857142664289209932e+01 3.690202102586890476e+01
2.194290525984216629e+02 1.867615099476321916e+01 3.710727018072797279e+01
2.195838565426001594e+02 1.872801142979283640e+01 3.723267390778541852e+01
2.196840123522761132e+02 1.881050505959579411e+01 3.725254667259155639e+01
2.197770020418379886e+02 1.885021571484016789e+01 3.730779329624650842e+01
2.198607623986815156e+02 1.889699124203373870e+01 3.737786940111710265e+01
2.199331570865278138e+02 1.893850973951096961e+01 3.738148283562360774e+01
2.199870492347326092e+02 1.897171576265180093e+01 3.745465263442100223e+01
2.200425647285142929e+02 1.902366282111136897e+01 3.751448130002643921e+01
2.200697419859264983e+02 1.903437712691457406e+01 3.761598146033603030e+01
2.200935803038569816e+02 1.911532728469296671e+01 3.758570600907858505e+01
2.200935645541424606e+02 1.908705767207969473e+01 3.762074687396290784e+01
2.201501442786349401e+02 1.917631467929643918e+01 3.764834262378994367e+01
2.202092034581873179e+02 1.917147276705609826e+01 3.767756734409189079e+01
2.202548945050371003e+02 1.927379078754197650e+01 3.772203666308548264e+01
2.203077640467766400e+02 1.931781461461011062e+01 3.772503585872505738e+01
2.203745889605750961e+02 1.933195335834538042e+01 3.777266637042203712e+01
2.204042130486384963e+02 1.939502421518610120e+01 3.778058285193581156e+01
2.204445401927090131e+02 1.940806610380186825e+01 3.782416118707848085e+01
2.205060327031572456e+02 1.947013235385108487e+01 3.788069478740698059e+01
2.205595614829481121e+02 1.954501437161451349e+01 3.790159465859681376e+01
2.206268048891613773e+02 1.958818996405690172e+01 3.796747458952306431e+01
2.206275946248474327e+02 1.964882299008330335e+01 3.795776826545019134e+01
2.206440665762933122e+02 1.969349480540665098e+01 3.794150331025250011e+01
2.206921335800788597e+02 1.974291178472390129e+01 3.799073579291375324e+01
2.207185042271108841e+02 1.982460892896316196e+01 3.794063707595299917e+01
2.207786535119051052e+02 1.986555143688020664e+01 3.801631782923934821e+01
2.208224984672152686e+02 1.989123359639106425e+01 3.797715953898335783e+01
2.209039481159404090e+02 1.982643589584938937e+01 3.814676821482610336e+01
2.209551065636935334e+02 1.981667557275524416e+01 3.821108329911520229e+01
2.209638386554243823e+02 1.978856345728733501e+01 3.826091989582688768e+01
2.210121475298260236e+02 1.984457956699534975e+01 3.827813658377441897e+01
2.209694005546149356e+02 1.992480748786428180e+01 3.824365595873575074e+01
2.209466005928642574e+02 2.000061648882613952e+01 3.815367221469110603e+01
2.204640012149779693e+02 1.973529117284749290e+01 3.783780381480585930e+01
2.188399446510032078e+02 1.873293884048351643e+01 3.679549895658141168e+01
2.178144841124754691e+02 1.805711183984790225e+01 3.617745878355955114e+01
2.175069090622732517e+02 1.754655559367986584e+01 3.600531440367643654e+01
2.178020508378285740e+02 1.736393090375236881e+01 3.623506223949691218e+01
2.181743797143676886e+02 1.737307923793881059e+01 3.640477778840258338e+01
2.183946270973838466e+02 1.744968809940319687e+01 3.660305206968124025e+01
2.185878918444603300e+02 1.753141561809192339e+01 3.666595642953971179e+01
2.186648933238085135e+02 1.763237466320923019e+01 3.671267795771201747e+01
2.187564509143271891e+02 1.777226250274213726e+01 3.680885246454908355e+01
2.188770971026150107e+02 1.788288174776832307e+01 3.684972409875071264e+01
2.190067960018224653e+02 1.801974339215101750e+01 3.685754270703843360e+01
2.190687542538291552e+02 1.808649968219325999e+01 3.695228736479151621e+01
2.191557433021526435e+02 1.816606948999049465e+01 3.701696581749455817e+01
2.192928243175592513e+02 1.821985589011199025e+01 3.708649855721365185e+01
2.194013274759394960e+02 1.825338365742121027e+01 3.720842947221581909e+01
2.195206439383286181e+02 1.833255184749776490e+01 3.734279141190565809e+01
2.195939836090470862e+02 1.839762741800304724e+01 3.738269443866330022e+01
2.196422171098148794e+02 1.847813545879481012e+01 3.730130778879632913e+01
2.196993863236228890e+02 1.857451808685967620e+01 3.725178843633459280e+01
2.198007199869502415e+02 1.866793076875481461e+01 3.724213611128298140e+01
2.198901423661696128e+02 1.875656228730854380e+01 3.729546464470331557e+01
2.199574757707516426e+02 1.884458294193417771e+01 3.730406511381981005e+01
2.199901980526603040e+02 1.884183236678835272e+01 3.733747813320883324e+01
2.199994622597465366e+02 1.890344075013640435e+01 3.747705997828789037e+01
2.200347697447983819e+02 1.893863236228843405e+01 3.758457877950962001e+01
2.201010422936084296e+02 1.901949702161648403e+01 3.757717191375906651e+01
2.201544192011519669e+02 1.910708455909236747e+01 3.767715335159549994e+01
2.202126492707319585e+02 1.906055090251489048e+01 3.772881129029536140e+01
2.202617186313497939e+02 1.907792621258739629e+01 3.777211175547443389e+01
2.203743403400813463e+02 1.908826927511938720e+01 3.785837969186808749e+01
2.203833964259397931e+02 1.912722056912718571e+01 3.787174219967263156e+01
2.204100415679965863e+02 1.921935077426721605e+01 3.785172093755800660e+01
2.204345852481423833e+02 1.918330417761178097e+01 3.788645918292731096e+01
2.204242815598967127e+02 1.926686541306438727e+01 3.774229642087737346e+01
2.204845894668159190e+02 1.936746446470657546e+01 3.773420556752408572e+01
2.205080666662916826e+02 1.944358058510189480e+01 3.775170237539444429e+01
2.205503040257395355e+02 1.948630056080233430e+01 3.777814502112148887e+01
2.205682587003110484e+02 1.944509030773817315e+01 3.781272239440659888e+01
2.205874958516376978e+02 1.944151624751801322e+01 3.784291234721370500e+01
2.206248631743549709e+02 1.946179175502443925e+01 3.787185582261321315e+01
2.201890516984379644e+02 1.920332543972640593e+01 3.758279118690973775e+01
2.184081482273133759e+02 1.809074535524043625e+01 3.658247281768017700e+01
2.174381593083625432e+02 1.737028366360859621e+01 3.599884239598157620e+01
2.172216929818146980e+02 1.684759451234946326e+01 3.593466005928642204e+01
2.175073309296269031e+02 1.682092012082280874e+01 3.605944392257890030e+01
2.179300690174990507e+02 1.694298603337814413e+01 3.632598759147490597e+01
2.182660666775414597e+02 1.711395593454868802e+01 3.651096123882754796e+01
2.185005315528655956e+02 1.726181537959624634e+01 3.666514531924109122e+01
2.186026110776742257e+02 1.737303086381559325e+01 3.670341375062577072e+01
2.186361984689027622e+02 1.745568986562118496e+01 3.671070811841535431e+01
2.186836962330057759e+02 1.755811250921076905e+01 3.679428172864366786e+01
2.187347815570842897e+02 1.759114303553248249e+01 3.684707477176976198e+01
2.187548939425472838e+02 1.762078174833080979e+01 3.681546734465437964e+01
2.188082359757229369e+02 1.763066356922280775e+01 3.682687463789719118e+01
2.189469864608703915e+02 1.768586856863219481e+01 3.682988058341442894e+01
2.190385755508181376e+02 1.777666454795506823e+01 3.686684516343141382e+01
2.191125103357501587e+02 1.784577767027972683e+01 3.690454660509278284e+01
2.191514008808590290e+02 1.792508198288906129e+01 3.699706717815739410e+01
2.192339710092754501e+02 1.798337280136797389e+01 3.701737868501133732e+01
2.193494996653185751e+02 1.802672501560909168e+01 3.717122189660312159e+01
2.194228832102418210e+02 1.815743302152648653e+01 3.720435592104892919e+01
2.195137410634432342e+02 1.818264943947890799e+01 3.726790376924418524e+01
2.194993570741530391e+02 1.824775650941326788e+01 3.727756509413266883e+01
2.195315731152372791e+02 1.822350194902717391e+01 3.727632649158233846e+01
2.196191291532840921e+02 1.830789116947255479e+01 3.728573469605863266e+01
2.196924451994307503e+02 1.838060760148722395e+01 3.735462957233900028e+01
2.197367288967887475e+02 1.838924744489006002e+01 3.739173364982760006e+01
2.197942479792553740e+02 1.848716004522417933e+01 3.742291920958932394e+01
2.198455324247248086e+02 1.853710239001918225e+01 3.744748313936809581e+01
2.198863331852110150e+02 1.858638549676287255e+01 3.743480461916627888e+01
2.199786265123944702e+02 1.865992653883148478e+01 3.752742306545693651e+01
2.200393776612799002e+02 1.868534095319522237e+01 3.752665920430192159e+01
2.200569925920092658e+02 1.874196230193327750e+01 3.748655705615335876e+01
2.201051799686130721e+02 1.872375450694956101e+01 3.758338067622524648e+01
2.201445036308716965e+02 1.875419533020964025e+01 3.771222121599046062e+01
2.202071278708073407e+02 1.874532936590524201e+01 3.779870852340800980e+01
2.202548663805468436e+02 1.885580798848020834e+01 3.783451549940657088e+01
2.203442043862955018e+02 1.891133023213954090e+01 3.789871696075508822e+01
2.203791912521585630e+02 1.897171688763141262e+01 3.773813737126014445e+01
2.203942648539495224e+02 1.902271671325957314e+01 3.768255325372227560e+01
2.204573570854028333e+02 1.908601031606302101e+01 3.769640512765705864e+01
2.204505217092940086e+02 1.913728013679752138e+01 3.770388849202107906e+01
2.194269893858173930e+02 1.852226278398704196e+01 3.706953386469870537e+01
2.176231734549811279e+02 1.738765334878305424e+01 3.602455267998267630e+01
2.167466444670690464e+02 1.651135048177251718e+01 3.559726854950753960e+01
2.167969265557061647e+02 1.614103644371445867e+01 3.552804630416073906e+01
2.172409413829374216e+02 1.633891248221125991e+01 3.587974305465713343e+01
2.177070125603973452e+02 1.655036702459767994e+01 3.615052227178382083e+01
2.179765745495862745e+02 1.667959793228747856e+01 3.637669604738414364e+01
2.182050286588555537e+02 1.680756548787553228e+01 3.644227223381576408e+01
2.183180306106951889e+02 1.685004134300065815e+01 3.655542380794348389e+01
2.184435603354689306e+02 1.694915767151720232e+01 3.661269651987557694e+01
2.185647645136431834e+02 1.701334113319196106e+01 3.670691018725285915e+01
2.186969034936241769e+02 1.714166418233669376e+01 3.671142135548792851e+01
2.187346353097350118e+02 1.720009337330760957e+01 3.672373875723502579e+01
2.188051715312659837e+02 1.724179861740006103e+01 3.674905979829115665e+01
2.188508862026875761e+02 1.730314600547865211e+01 3.678081797267424236e+01
2.189478054460262797e+02 1.740274495024777579e+01 3.680274157530894996e+01
2.189798403653933860e+02 1.753922297658354879e+01 3.679334574560836302e+01
2.190132848842114868e+02 1.759940151084761695e+01 3.676587711847722773e+01
2.190772725994341386e+02 1.768950225277166766e+01 3.676551150010406133e+01
2.191663811093423817e+02 1.780757786265123954e+01 3.678746772714744395e+01
2.192414971228646436e+02 1.789623750569520766e+01 3.684061963876904855e+01
2.193304953847711545e+02 1.787012222903459957e+01 3.703534348439934831e+01
2.194071087461539662e+02 1.787719497584106421e+01 3.713620465629060163e+01
2.195131920733936681e+02 1.792138979980988012e+01 3.722403181442336262e+01
2.195779200251995462e+02 1.799564970384911788e+01 3.724645153306596512e+01
2.196413486255561622e+02 1.805950579645744014e+01 3.729530489759873291e+01
2.197057874576023266e+02 1.812689994993840870e+01 3.737649017611555990e+01
2.197640951507754039e+02 1.820564177274286877e+01 3.743793881235902887e+01
2.198035065614435837e+02 1.824310359374736379e+01 3.750816116457889393e+01
2.198713597066053183e+02 1.827068696879868881e+01 3.752933440581389135e+01
2.198919468334636349e+02 1.831645226430271123e+01 3.753712376463176525e+01
2.199532930965626178e+02 1.834892817567681433e+01 3.757387347354329421e+01
2.200370309538139679e+02 1.837449671224709036e+01 3.763263678345830243e+01
2.200600120372818367e+02 1.846024378308143099e+01 3.762635939723592315e+01
2.201382273696289360e+02 1.849725898718085659e+01 3.770032455661741011e+01
2.201709822759462440e+02 1.851830173078112907e+01 3.771947395953448279e+01
2.201895838137933765e+02 1.858385766757977464e+01 3.766231037062453169e+01
2.201816054584010658e+02 1.863488786765739746e+01 3.757658467440277406e+01
2.202598849145859106e+02 1.869589551189384835e+01 3.762022375844437505e+01
2.202961711318982339e+02 1.875787738847233399e+01 3.764753938834858360e+01
2.203465409689449359e+02 1.886099526946074079e+01 3.765992991377031274e+01
2.202232173291858999e+02 1.872862566865975609e+01 3.762956783908291669e+01
2.191290666606667799e+02 1.800825847531513446e+01 3.693142349294919313e+01
2.179645833919260269e+02 1.728493146061727614e+01 3.619191702150398271e+01
2.176720346943711775e+02 1.703338264493956089e+01 3.604706014703483419e+01
2.178444625691159331e+02 1.698762747425202946e+01 3.615435507731422149e+01
2.182613327633436597e+02 1.708162514554423694e+01 3.641735956035796562e+01
2.185583183804793634e+02 1.719489709249019782e+01 3.663160855209499545e+01
2.187709957757015786e+02 1.731990482672501486e+01 3.671156760283719933e+01
2.189217565431626440e+02 1.740616376328178916e+01 3.677193400869609263e+01
2.190202552578734583e+02 1.749364667765396675e+01 3.689440828884976753e+01
2.191093502680263896e+02 1.761675094638909655e+01 3.692598984143412366e+01
2.191637272824430056e+02 1.765597561044205932e+01 3.707557613018263964e+01
2.192581749455790998e+02 1.773103312502460938e+01 3.712865604310921697e+01
2.192853859523796132e+02 1.776132432599658983e+01 3.715790101304413895e+01
2.193122954646447056e+02 1.784454919254588390e+01 3.714401426474145040e+01
2.193518823721319961e+02 1.789141471810823347e+01 3.715022302720763037e+01
2.194016919693330578e+02 1.791280845534674526e+01 3.721250639832152984e+01
2.194967538713360682e+02 1.797438758922494628e+01 3.721310376249430618e+01
2.195292376575674496e+02 1.801557534269691274e+01 3.725027421377987480e+01
2.195842626602392897e+02 1.806615555093063819e+01 3.725616010709806147e+01
2.196653703151630452e+02 1.819592757381272463e+01 3.727879582182573159e+01
2.196994391976645318e+02 1.828748066441295705e+01 3.729937619880639943e+01
2.197353024226435991e+02 1.835471169585051143e+01 3.722815486469307444e+01
2.198020620876246483e+02 1.844244885561449365e+01 3.732900591176785099e+01
2.199042451105573832e+02 1.852016919693330621e+01 3.743659108678654945e+01
2.199388989824559530e+02 1.847658073697414238e+01 3.747591812398400180e+01
2.199998762522429274e+02 1.846664604204048743e+01 3.755624279309937208e+01
2.200384799275513217e+02 1.845872843554710485e+01 3.768082753500092963e+01
2.201009286706678552e+02 1.849942119799078810e+01 3.768631743549648405e+01
2.201252822292595965e+02 1.855425832906778538e+01 3.767311692475573892e+01
2.201843875329759612e+02 1.861082792874379166e+01 3.768507658298693030e+01
2.202095960760711080e+02 1.864692852442049542e+01 3.767789471315832373e+01
2.202296510875740410e+02 1.869596976054808835e+01 3.767457714828918824e+01
2.202759124990859618e+02 1.873531142248046777e+01 3.771317744865874033e+01
2.203082174135593903e+02 1.880603214066745110e+01 3.768095578267644186e+01
2.203181464835949726e+02 1.884125300228933497e+01 3.771919721455048347e+01
2.204103093131436992e+02 1.889126172088131028e+01 3.777316136145032033e+01
2.204342905034846183e+02 1.892780105860581230e+01 3.782074124906485935e+01
2.204515263160855341e+02 1.897571394018483559e+01 3.779186752240115510e+01
2.204941652932540705e+02 1.900130272638808293e+01 3.780318031735674822e+01
2.205588133715076538e+02 1.897883463362226664e+01 3.789750760767461202e+01
2.205176604924035644e+02 1.898667236656335433e+01 3.785634572873366466e+01
2.198823901316788749e+02 1.858504452106805616e+01 3.746492032331914146e+01
2.188304846974648683e+02 1.788528470421473671e+01 3.686490682356382109e+01
2.185970019293400242e+02 1.778724160624588535e+01 3.670627569875296103e+01
2.188669846609030287e+02 1.794927354441700729e+01 3.684325209105585230e+01
2.191385693634302925e+02 1.815407158245256980e+01 3.696688622518716727e+01
2.193354205455026147e+02 1.827664711077111903e+01 3.709022898959956649e+01
2.194345019996512463e+02 1.837025553911835374e+01 3.712045719171339897e+01
2.195151022887710042e+02 1.844675302760137470e+01 3.714228179614244141e+01
2.196059151427880352e+02 1.853615178224894677e+01 3.716629786085127307e+01
2.196924260747773872e+02 1.862805924142625003e+01 3.723726382459317819e+01
2.197624706802189110e+02 1.873399069641862624e+01 3.725175018702785934e+01
2.198219089778997670e+02 1.881374387589224995e+01 3.732657595581080301e+01
2.198813112762331059e+02 1.888458834183630586e+01 3.730947739072229297e+01
2.199657421209240624e+02 1.886541306438820698e+01 3.744916498388466408e+01
2.200349373667602322e+02 1.894210292438449628e+01 3.750902514891917860e+01
2.200785944504755776e+02 1.898446853150786495e+01 3.751512366338359783e+01
2.201278325580348962e+02 1.901106867438027592e+01 3.757247849882720914e+01
2.201557466770914857e+02 1.902499029705086642e+01 3.756661735506043698e+01
2.202502280896158879e+02 1.910289176008684819e+01 3.760041511747599685e+01
2.203134418188670338e+02 1.913851761436824006e+01 3.764103025632660149e+01
2.203325462225997171e+02 1.917791215034227648e+01 3.762937771752886817e+01
2.203857195088339154e+02 1.923547848195251575e+01 3.764142624914923374e+01
2.204194317727991290e+02 1.928856401977714086e+01 3.765547836945455629e+01
2.204740799073016717e+02 1.929335755789426443e+01 3.772163504536480616e+01
2.204950742767787233e+02 1.932793380619976276e+01 3.774151118510977199e+01
2.205150460397905192e+02 1.937352135492544036e+01 3.779114416051208991e+01
2.205241055005878081e+02 1.936505363340289421e+01 3.774638909669761944e+01
2.205724424994797062e+02 1.941588021217115312e+01 3.784098750710143122e+01
2.206051659063679438e+02 1.954304115737902237e+01 3.781212503023382965e+01
2.206217874801019150e+02 1.959189452191179015e+01 3.780129710149003586e+01
2.206895540018337272e+02 1.967827383128680907e+01 3.785401364600266305e+01
2.207338545738858500e+02 1.974490974851080693e+01 3.786752577609530590e+01
2.207680809535327171e+02 1.980477441346375755e+01 3.790298625837406377e+01
2.208356202293833519e+02 1.976184969147434245e+01 3.792738369117059705e+01
2.208567034722495634e+02 1.977222200347618752e+01 3.799122515904399222e+01
2.209703759119365998e+02 1.980535490294238343e+01 3.807613187010985456e+01
2.210416883693983152e+02 1.988292562197310076e+01 3.810871127960805893e+01
2.208958235131988204e+02 1.983571472767055965e+01 3.805806019765891790e+01
2.203092872691682373e+02 1.952503023382701031e+01 3.761569684049476336e+01
2.197021380237483186e+02 1.912903741119692214e+01 3.721698831708675215e+01
2.196774570960901372e+02 1.916837569819047005e+01 3.716186431620926811e+01
2.198655435620229355e+02 1.935747014585360759e+01 3.729506190200302740e+01
2.200583853167661346e+02 1.948647830758067556e+01 3.746175463069732103e+01
2.202124422744837773e+02 1.957407596987304643e+01 3.756396352816105377e+01
2.202956322666651658e+02 1.964051839060417137e+01 3.764464481581271116e+01
2.203634752870104307e+02 1.972161592071143588e+01 3.765440063898842027e+01
2.204526456707972102e+02 1.977655767489214256e+01 3.770840641013381855e+01
2.205049763473037103e+02 1.988933238085059685e+01 3.773376007559863154e+01
2.205839307912544029e+02 1.987437690191865158e+01 3.789077235475107130e+01
2.206302304520730502e+02 1.992859529421029308e+01 3.790778879632806309e+01
2.206626242399356386e+02 1.996311641851491459e+01 3.795605604648415721e+01
2.207082174135593675e+02 2.000286869800484979e+01 3.800780960845084877e+01
2.208000269995106351e+02 2.012749506415196166e+01 3.802048137877500977e+01
2.208765942367294599e+02 2.020288444771938430e+01 3.800863196854557202e+01
2.209297776477801278e+02 2.024339496346628664e+01 3.794154830943688950e+01
2.209430535321547211e+02 2.026597330423386012e+01 3.795742964658765572e+01
2.209551875622254329e+02 2.030677406472007718e+01 3.798928456921718322e+01
2.210237021953977035e+02 2.037568244075576018e+01 3.801192478386329299e+01
2.210505262092124497e+02 2.045088732766718564e+01 3.800722911897221934e+01
2.211176278679948837e+02 2.049858083822230626e+01 3.800070086229687405e+01
2.211464419707392892e+02 2.051367243968703136e+01 3.798214657359335433e+01
2.211649433854011306e+02 2.059803578560138604e+01 3.799368661443011064e+01
2.212014230992063233e+02 2.060939132978214872e+01 3.808309661887378184e+01
2.213208621843729134e+02 2.059618631912296749e+01 3.822270208852464890e+01
2.213408620718749376e+02 2.061715818900782438e+01 3.829525652347550846e+01
2.213351303007632964e+02 2.053422694213667299e+01 3.836068308761903722e+01
2.213879278438078302e+02 2.060544490131116291e+01 3.842953746463345510e+01
2.214079221064118315e+02 2.068268937625505544e+01 3.839734392314139200e+01
2.214343231278932933e+02 2.078250769204808179e+01 3.839933626203025341e+01
2.214967662461117754e+02 2.081431199059517212e+01 3.842117549119421938e+01
2.215318633599765974e+02 2.086840663512973748e+01 3.842818411416293145e+01
2.215260877146601786e+02 2.095910924114500418e+01 3.845350740517827859e+01
2.214306399446510056e+02 2.089137871876072339e+01 3.835616066958786519e+01
2.208294643409588218e+02 2.048963725032483651e+01 3.797156389040448943e+01
2.198228168364448436e+02 1.978052885291453933e+01 3.734240779385873310e+01
2.196338787609474537e+02 1.966965086257811635e+01 3.724337471383331177e+01
2.198401370225164726e+02 1.982039025542662003e+01 3.736968404947660360e+01
2.201485074333027683e+02 1.993919597707291658e+01 3.759679155815300788e+01
2.203721601295976598e+02 2.002941146691716057e+01 3.775415258098446714e+01
2.204745141494310303e+02 2.013739713467693448e+01 3.777387009860446199e+01
2.205803904804225510e+02 2.020305881955889404e+01 3.785682609502702434e+01
2.206746322722900686e+02 2.024950022780837244e+01 3.794619447522513411e+01
2.207330400886483801e+02 2.029617450683706181e+01 3.795372396375315560e+01
2.208070007481114487e+02 2.037335935786163787e+01 3.799861740005962218e+01
2.208805586648742008e+02 2.044349396167194399e+01 3.800603551560627835e+01
2.209202895697515601e+02 2.051424280434916980e+01 3.800835634854118439e+01
2.209706965311253839e+02 2.055023540198333976e+01 3.802118674099031637e+01
2.209783430175328078e+02 2.058085847194019635e+01 3.807300217683554422e+01
2.210256405352652962e+02 2.058896619998762390e+01 3.811904871724200206e+01
2.210733767950455899e+02 2.061447736259780328e+01 3.814861205640647768e+01
2.211339006980498425e+02 2.063368076453614108e+01 3.821242314983040700e+01
2.211651447567512889e+02 2.069419904264235299e+01 3.822312733081712821e+01
2.212204982534691453e+02 2.070520584314409263e+01 3.822796474313903303e+01
2.212311878097209501e+02 2.081884340846321990e+01 3.819153340345706482e+01
2.211766161738318601e+02 2.089169146309223279e+01 3.822090549608788024e+01
2.211984284034851953e+02 2.095406595755451917e+01 3.826276373740726200e+01
2.212489861121267154e+02 2.101182241071880696e+01 3.826846963398788404e+01
2.212721393174748812e+02 2.104967459964788290e+01 3.828099178202395336e+01
2.213161653945022351e+02 2.099536958392629060e+01 3.838766122364032185e+01
2.213539298350217450e+02 2.102522766774852059e+01 3.839494096669498191e+01
2.214008201101354985e+02 2.098933181836079243e+01 3.836510088254650697e+01
2.214267058909557306e+02 2.105209443078844345e+01 3.840613788875076295e+01
2.214576113307946343e+02 2.104143749894533144e+01 3.845407551988120076e+01
2.214685630072955007e+02 2.109350830516196851e+01 3.837045691046849782e+01
2.214784020789623185e+02 2.116742509042023457e+01 3.831721387549850988e+01
2.215070530596632921e+02 2.120967032472536573e+01 3.830549608788340521e+01
2.215218352917353286e+02 2.123150842890972712e+01 3.832693819924514145e+01
2.215224034064382579e+02 2.126419021155241396e+01 3.824577429534089390e+01
2.213247422390469126e+02 2.110344075013640364e+01 3.810486722428156270e+01
2.200652026932011722e+02 2.024388995449457340e+01 3.741795017465308604e+01
2.189994262603990194e+02 1.965806919749579507e+01 3.676065158818996537e+01
2.188250037968061861e+02 1.944419932388725414e+01 3.670520246820526467e+01
2.189323606009641026e+02 1.934557798639899673e+01 3.679248513620690630e+01
2.192154167205719375e+02 1.939658231194559690e+01 3.705953504592729075e+01
2.195136510650744412e+02 1.950833216147957216e+01 3.731899021830229657e+01
2.197048694742407804e+02 1.956796058071447320e+01 3.744404520168072281e+01
2.198170085667197213e+02 1.962853848274000157e+01 3.753296471501454334e+01
2.198977776027809625e+02 1.966503282128011421e+01 3.750580995719452915e+01
2.199753325720971304e+02 1.969923895129400648e+01 3.747904556729909586e+01
2.200669914107806733e+02 1.977104752476361327e+01 3.750023793318746357e+01
2.201385502387769293e+02 1.983400700862296873e+01 3.750901164916385966e+01
2.201908741654057451e+02 1.988928288174776782e+01 3.754974153593466468e+01
2.202664525455476223e+02 1.993639365286504272e+01 3.754432813405257008e+01
2.202753275096888785e+02 2.006911874722270639e+01 3.752498635962223261e+01
2.203187685973191776e+02 2.016244030576945789e+01 3.745339040729886904e+01
2.203254723508136408e+02 2.024758776247180592e+01 3.748007942356044708e+01
2.203688853139536832e+02 2.030184890398861697e+01 3.748236313216823135e+01
2.204908218538539018e+02 2.028920638313430658e+01 3.771752211991157822e+01
2.205443900079310993e+02 2.031567827833120532e+01 3.780256270355099701e+01
2.206222745962729448e+02 2.032145279866802312e+01 3.792791243158717407e+01
2.206837738565988616e+02 2.031258683436362844e+01 3.801211378043772982e+01
2.207454621134992010e+02 2.042580140734949268e+01 3.801238940044211745e+01
2.207920036449339420e+02 2.039818765784870180e+01 3.806151388506083322e+01
2.207569256557224833e+02 2.053775937811127150e+01 3.791382543691395313e+01
2.207600519740579728e+02 2.060691412468149153e+01 3.786173550604395643e+01
2.207920373943222216e+02 2.069159021492735562e+01 3.781868478633824537e+01
2.208124996484438611e+02 2.073897885600823443e+01 3.776473863911216711e+01
2.209184007289867964e+02 2.068001979964112991e+01 3.786137551256883427e+01
2.210072876179119135e+02 2.067121120929683187e+01 3.793070913089700014e+01
2.210312519335587069e+02 2.067373003864305048e+01 3.796041084255347897e+01
2.210531057874576106e+02 2.066523531760986998e+01 3.798358992243265675e+01
2.211085256579724501e+02 2.069840871634201562e+01 3.803659333674577425e+01
2.211425697909225505e+02 2.074322902897385035e+01 3.802356157294649108e+01
2.211666432295914717e+02 2.080899758691873558e+01 3.804230710818366390e+01
2.212410786304498345e+02 2.089457703579122594e+01 3.812863579347624210e+01
2.212600244120575326e+02 2.096111957970761708e+01 3.813124912110968268e+01
2.212554176205556189e+02 2.096801007981730436e+01 3.819304762601177572e+01
2.209059573295234031e+02 2.064079288562894732e+01 3.806222262221497488e+01
2.193776882793999334e+02 1.962337820127010346e+01 3.718048160377092870e+01
2.183169427554125548e+02 1.892466686541306586e+01 3.660834959866352278e+01
2.180538302743262875e+02 1.849695299272700666e+01 3.647815345846856872e+01
2.183307653798774766e+02 1.837862538741485352e+01 3.658959168865064271e+01
2.187565127882057254e+02 1.842691851210196674e+01 3.680826185025396313e+01
2.190187286605430188e+02 1.853222335345171956e+01 3.702989520814935531e+01
2.191654361264702118e+02 1.861980526602955166e+01 3.711359256613474145e+01
2.192868056766471057e+02 1.865264229585838862e+01 3.723676883356489498e+01
2.194264718951968973e+02 1.872805080407917444e+01 3.728958887620161988e+01
2.195518036235593229e+02 1.879861965001884272e+01 3.732848167126970651e+01
2.195753539467097255e+02 1.888270062605115385e+01 3.735775589067448266e+01
2.195852875166637546e+02 1.893812837142326799e+01 3.735076076746108953e+01
2.196482638752172534e+02 1.899610982050950270e+01 3.729551076886731664e+01
2.197178236144469849e+02 1.910278376204431439e+01 3.733647577637655246e+01
2.197781652707544708e+02 1.914006783627046815e+01 3.737850501459661245e+01
2.198301472035819302e+02 1.925670459722917371e+01 3.747816808320349224e+01
2.198377801902340423e+02 1.925563699157952868e+01 3.750551971245521088e+01
2.199226194025233383e+02 1.934415488719266918e+01 3.753311321232302333e+01
2.200009427329129608e+02 1.944074901142416678e+01 3.758854545761358423e+01
2.200417052440924408e+02 1.948218538538989009e+01 3.762660576777045662e+01
2.200881804017302272e+02 1.957848476496363332e+01 3.758349429916582807e+01
2.201341943177280029e+02 1.964886123939003681e+01 3.754157980886596135e+01
2.202053234035133187e+02 1.969785522637402053e+01 3.760569352180491620e+01
2.202374516961880033e+02 1.975683228241488010e+01 3.759204414419988893e+01
2.202880364043401755e+02 1.980269770110416871e+01 3.757463733469830913e+01
2.203209713073950411e+02 1.972366563356039038e+01 3.761096517625617963e+01
2.203034261254014723e+02 1.970747042709851016e+01 3.765594861093142498e+01
2.203438770172290617e+02 1.969683824480681267e+01 3.768829289969119145e+01
2.203822793211872977e+02 1.967295380271232474e+01 3.774617535057176809e+01
2.203834335502669148e+02 1.970129541402062046e+01 3.768008729841771753e+01
2.203931938733610423e+02 1.973800574864580426e+01 3.778357417271811869e+01
2.204451240571264634e+02 1.974285666072302448e+01 3.784478543826393349e+01
2.204999375636316472e+02 1.980829559964225695e+01 3.785021458986055620e+01
2.205954607072746683e+02 1.988145864856199552e+01 3.793669064748201691e+01
2.206554502449642996e+02 1.992189941557309396e+01 3.796860294407164105e+01
2.206896991242033721e+02 1.997615380721224554e+01 3.792669295369021398e+01
2.207470595845450418e+02 2.002408581344463201e+01 3.792239778154021224e+01
2.207884340846322289e+02 2.004470443973202975e+01 3.789073748038316580e+01
2.208376046934149315e+02 2.007289867871145006e+01 3.793380057486458412e+01
2.208457405459525944e+02 2.009713523942378544e+01 3.792540372705745000e+01
2.206909861008769269e+02 2.004596104195611517e+01 3.782546728840539885e+01
2.195901181791080035e+02 1.941457298586463054e+01 3.714106681816392097e+01
2.184712348338686354e+02 1.870130778879632771e+01 3.642988733329208628e+01
2.183490001743718381e+02 1.859564745388989948e+01 3.634650046967898618e+01
2.186265112694832453e+02 1.867080734161693201e+01 3.653966059365173891e+01
2.190228067116283626e+02 1.881918765222380330e+01 3.684747863944966184e+01
2.192736445401927199e+02 1.893446318785472116e+01 3.706343085031583939e+01
2.194761847441515101e+02 1.903221716606386593e+01 3.718067060034536553e+01
2.196157407146995411e+02 1.909280519290587819e+01 3.728690467485277082e+01
2.196875369133934441e+02 1.918609525202355570e+01 3.733610003318689508e+01
2.197934604935285563e+02 1.934537774002846078e+01 3.733237072578059212e+01
2.198733014214117247e+02 1.950174653084412668e+01 3.739425810407186646e+01
2.199686985673384640e+02 1.962375281948014560e+01 3.740586226874638243e+01
2.200264955197687016e+02 1.968707117183501154e+01 3.749952807105371022e+01
2.200514036933080604e+02 1.975968523070519467e+01 3.749971144273010282e+01
2.201619430647819513e+02 1.975810463435350073e+01 3.760216221080992938e+01
2.202625151169135052e+02 1.977552269365117610e+01 3.773840286644804820e+01
2.203600868484258797e+02 1.982229822084474691e+01 3.782135211299295463e+01
2.204293270934464317e+02 1.991268920750811233e+01 3.790935701790404977e+01
2.204848133377582542e+02 1.995280485541199411e+01 3.792358576000810189e+01
2.205622715588280016e+02 1.999159190239677031e+01 3.795145262992108570e+01
2.206135605042158545e+02 2.000527727934931121e+01 3.796984042164235973e+01
2.207141921802667355e+02 2.008530157890888290e+01 3.804465606560881241e+01
2.208217278561826049e+02 2.018504339608844589e+01 3.808467721522547578e+01
2.208976403552685497e+02 2.027551088136527468e+01 3.818574650834453621e+01
2.209727957430771426e+02 2.038666786664491681e+01 3.815927798808646543e+01
2.209439096416377595e+02 2.042978721010681653e+01 3.814197017679054369e+01
2.209724796238068052e+02 2.048021892103205488e+01 3.818471265208317789e+01
2.210497038491177477e+02 2.049365680247045418e+01 3.821881640895259125e+01
2.210949730286138504e+02 2.053157986511494570e+01 3.826982748437684734e+01
2.211525764845512185e+02 2.059691980582852011e+01 3.823437037703691743e+01
2.212289929745023471e+02 2.065814232117043048e+01 3.822714463300352605e+01
2.212580174484337476e+02 2.069564126650204372e+01 3.816763883654608946e+01
2.212822303845742908e+02 2.073118724723114426e+01 3.824605666522294456e+01
2.213675634629122442e+02 2.069401117104752430e+01 3.835666803539185565e+01
2.214095038277431229e+02 2.074873130424511203e+01 3.839435822725712910e+01
2.214417896175631881e+02 2.073674577148289089e+01 3.850729830521822095e+01
2.214682300133310093e+02 2.076964805012909210e+01 3.846994335727664804e+01
2.215258649686974479e+02 2.082866898037472936e+01 3.848565932242478027e+01
2.215430366574605898e+02 2.084106738065372610e+01 3.854312778080897317e+01
2.215930510009505952e+02 2.089138771859759913e+01 3.858197220175384246e+01
2.216513575691440678e+02 2.094045145431739030e+01 3.859271125710846206e+01
2.214618885032708704e+02 2.085050933451831057e+01 3.842953521467423172e+01
2.203940038586800654e+02 2.011796986179625435e+01 3.774697858601312817e+01
2.192876572862116973e+02 1.952235840725386851e+01 3.704986584618153955e+01
2.191454677383972296e+02 1.943310702493517184e+01 3.700342668789128453e+01
2.193965328128427643e+02 1.961447736259780328e+01 3.712561972314252046e+01
2.196847075896749288e+02 1.980882209009961770e+01 3.723951040887384067e+01
2.199410218189795216e+02 1.994991140785573336e+01 3.737224337808877550e+01
2.201230941439186495e+02 2.003620521878040961e+01 3.755162025188293740e+01
2.202265517687492036e+02 2.011137185638510161e+01 3.759255825988154243e+01
2.203397505920205219e+02 2.019162340182584359e+01 3.765959016992817254e+01
2.204408030104454497e+02 2.025069383117430988e+01 3.773070238101934137e+01
2.205222267846395425e+02 2.030711718350104888e+01 3.777896850619582381e+01
2.205884430844691053e+02 2.036863894341914971e+01 3.780978282268633706e+01
2.206841248502370831e+02 2.036524150499772290e+01 3.791758849370854989e+01
2.207202614452613147e+02 2.038094734532936414e+01 3.801914490299863303e+01
2.207707707797796104e+02 2.042443455712365363e+01 3.805903667996017248e+01
2.208155640929008143e+02 2.048037304323858976e+01 3.807972393000376599e+01
2.208473987658973670e+02 2.051370843903454144e+01 3.816256180356730709e+01
2.209043294840280964e+02 2.051004663040482257e+01 3.821300701424786439e+01
2.210094509537014744e+02 2.054425838531676618e+01 3.825669672237190611e+01
2.210174743082781674e+02 2.054689308756278621e+01 3.834904179861739948e+01
2.210389175446194940e+02 2.052784830774942293e+01 3.833122437155826390e+01
2.210742441543247025e+02 2.060473278921819684e+01 3.836592999251888614e+01
2.211225282791749294e+02 2.070312013094762804e+01 3.820885358952868671e+01
2.211729509902633026e+02 2.080816060208908880e+01 3.813301983901541803e+01
2.212289176008684706e+02 2.086136763771156666e+01 3.810867865519937681e+01
2.212363312164966942e+02 2.086578430765942471e+01 3.808810615307597658e+01
2.212714969541177084e+02 2.090938964231273189e+01 3.809069248119877926e+01
2.213031730049892758e+02 2.096182156698409926e+01 3.811478729448028702e+01
2.213567355341684504e+02 2.099095741389687220e+01 3.822197310173753237e+01
2.214191314032433127e+02 2.103742019675893360e+01 3.826004241173128406e+01
2.214046146663591799e+02 2.102580590726793019e+01 3.826820863871841993e+01
2.214161490822978919e+02 2.106603630309200526e+01 3.834101956902031105e+01
2.214483111243608846e+02 2.112100055686490663e+01 3.836498950956514165e+01
2.215206023140830496e+02 2.118880420292382283e+01 3.841060518278106173e+01
2.215585523762381683e+02 2.122412968764941255e+01 3.846485169956294214e+01
2.215767770459160317e+02 2.125031696300504436e+01 3.847902869260494896e+01
2.215946585968129341e+02 2.126238349429916497e+01 3.846932799343012022e+01
2.216557911137860515e+02 2.128366585855631499e+01 3.854915204661915595e+01
2.217436666460420440e+02 2.130886427683498141e+01 3.856081021031494060e+01
2.217933232460161719e+02 2.132273302546391491e+01 3.863965215630467043e+01
2.218040870509221918e+02 2.133103649996343876e+01 3.869121447173770179e+01
2.215574757707516653e+02 2.120798285531074612e+01 3.853189485940567494e+01
2.208159375861312412e+02 2.070980700974794786e+01 3.814980790973163494e+01
2.202418301168291350e+02 2.028091865834931795e+01 3.782740337831376820e+01
2.202609277706841624e+02 2.033764575517068707e+01 3.786867663023607378e+01
2.205340806947874057e+02 2.055843312839954606e+01 3.797794927466939896e+01
2.207338163245791236e+02 2.071283545485738031e+01 3.810061705131594323e+01
2.208809962819424015e+02 2.087369966419358747e+01 3.806133388832327569e+01
2.210107626799264153e+02 2.096534612810142661e+01 3.806520606814001439e+01
2.211215180474853810e+02 2.100589039323662277e+01 3.803042732350476030e+01
2.211564126650204400e+02 2.109482340632575870e+01 3.806492819817641049e+01
2.212395779076504141e+02 2.114183405425776741e+01 3.810990488297399281e+01
2.213075030515071830e+02 2.122171098148846013e+01 3.828109640512765566e+01
2.213633560391717765e+02 2.127416653073163033e+01 3.838368104578104578e+01
2.213887322042288019e+02 2.126614767607336987e+01 3.842658664311709060e+01
2.214178511764474138e+02 2.130590220552252489e+01 3.853860986269624078e+01
2.214413137511882610e+02 2.136739021605233546e+01 3.857008004229923159e+01
2.215300217683554536e+02 2.133346420596126691e+01 3.860937895500644146e+01
2.215869761110579930e+02 2.135226374021970841e+01 3.864120125322728683e+01
2.216148351061137021e+02 2.140067498776584642e+01 3.861305426339147573e+01
2.216404025177043593e+02 2.143567310342499965e+01 3.857700654175643251e+01
2.216634735995410210e+02 2.149687536913393515e+01 3.852039081791642872e+01
2.217132314476800161e+02 2.156192844004702280e+01 3.849725448726241694e+01
2.217353935459919683e+02 2.160295644641441015e+01 3.847352191741524763e+01
2.217584297534607174e+02 2.163784993896985753e+01 3.845242292483448665e+01
2.217754056957717523e+02 2.166112126717703390e+01 3.843684645715796222e+01
2.218554918692098568e+02 2.169857183838542980e+01 3.853515280035549040e+01
2.218755108813652726e+02 2.179799416135582391e+01 3.852979452247428327e+01
2.218945354115456610e+02 2.181518834971116050e+01 3.860861621883103112e+01
2.218958910119754080e+02 2.181874103531873388e+01 3.863289215382971520e+01
2.219424831674925827e+02 2.182213622378094442e+01 3.871350931764362002e+01
2.219370258914057104e+02 2.186462107874294603e+01 3.871424505430839247e+01
2.220046742902785013e+02 2.185557511770099026e+01 3.887060597026678721e+01
2.220511753224472784e+02 2.184587216856694525e+01 3.898959956350790890e+01
2.220925678222082240e+02 2.186904449856846355e+01 3.904514655671865597e+01
2.221484073101175056e+02 2.190081167278843211e+01 3.908233163273915522e+01
2.221625584286284720e+02 2.189177133664452413e+01 3.911467704647853338e+01
2.221522232409537594e+02 2.193051900934295517e+01 3.908166789476941005e+01
2.221686501932152566e+02 2.199268313261822172e+01 3.901934177443033747e+01
2.221262159623356922e+02 2.203464937198013374e+01 3.899138153120974692e+01
2.217968939312974896e+02 2.180596014197242738e+01 3.876207468739629292e+01
2.212537965249379965e+02 2.148151377256287375e+01 3.837886838301055548e+01
2.210500233433268988e+02 2.133272396937805482e+01 3.818066610042693299e+01
2.211922511404480929e+02 2.145732558597375572e+01 3.818541238940044025e+01
2.213035532480973870e+02 2.158054572760868695e+01 3.828352186116626399e+01
2.214274630022330825e+02 2.165832456786720783e+01 3.827125620848121912e+01
2.215379000005625016e+02 2.169037861188765959e+01 3.835904174236841868e+01
2.215426980385980471e+02 2.175483656858719428e+01 3.845476175744314418e+01
2.215777490282988538e+02 2.180860721899415466e+01 3.851077449221232740e+01
2.216641238377554544e+02 2.189117847239018744e+01 3.855053127162069870e+01
2.217340750698893714e+02 2.194451375568817753e+01 3.864875324134749945e+01
2.218193912735331708e+02 2.196637548444434529e+01 3.859980312856829698e+01
2.219023225204043115e+02 2.200956795158087687e+01 3.856759496234131035e+01
2.219358941619183270e+02 2.203410038193057829e+01 3.865035296235255657e+01
2.219911914096556984e+02 2.209250144841124808e+01 3.863426125401477407e+01
2.220144154887192656e+02 2.209166671354081757e+01 3.866376721921915305e+01
2.220421214865480692e+02 2.214977528532295281e+01 3.870731742987158697e+01
2.220683121368425077e+02 2.216214781107092335e+01 3.866242736850394834e+01
2.220837479820678197e+02 2.219579257625955648e+01 3.859752954477700371e+01
2.220799478009461154e+02 2.218206332510223078e+01 3.864734701683531881e+01
2.220808590344300057e+02 2.221088530270388972e+01 3.860729324280997332e+01
2.220656448101878198e+02 2.227963843155342971e+01 3.858351117385997497e+01
2.220916633386019896e+02 2.230597645417676844e+01 3.864928423172329985e+01
2.221125834594247976e+02 2.227656948717804397e+01 3.876643285840444264e+01
2.221443832580534377e+02 2.233951322132286421e+01 3.877892800692987407e+01
2.221479775679065938e+02 2.232865829306843963e+01 3.874654884380220921e+01
2.221302107649298989e+02 2.236364965884993339e+01 3.870906452320551949e+01
