2.196953469141282369e+02 1.942515428795461219e+01 3.884194243972123672e+01
2.197173618168012297e+02 1.945352772451460410e+01 3.886843670645068727e+01
2.197350764849159361e+02 1.947145081374362618e+01 3.888620545139507101e+01
2.198645916185420504e+02 1.962047303706741275e+01 3.902829344791612698e+01
2.200311437474792342e+02 1.971496666388771857e+01 3.905336031166279298e+01
2.200870986203648840e+02 1.983051645625522497e+01 3.886818209471105945e+01
2.202762514842963242e+02 1.995456870348547795e+01 3.848224139446118386e+01
2.204503845087908758e+02 1.999743923679567814e+01 3.836909576781211939e+01
2.205265055327356265e+02 2.003828301559440561e+01 3.822401552005010927e+01
2.205832985964809438e+02 2.004637313463102544e+01 3.807881585262261126e+01
2.206192461689946072e+02 2.014643892810710923e+01 3.809033647054052096e+01
2.206933021340068990e+02 2.023224984396581405e+01 3.813881634832688405e+01
2.207662247387976606e+02 2.022897143616793514e+01 3.822601072974428149e+01
2.208645589471241237e+02 2.020722579104262451e+01 3.824884917746889101e+01
2.208821643349789099e+02 2.027187576749667031e+01 3.826412024884354679e+01
2.208994227298434225e+02 2.028955325779100605e+01 3.828766958155799927e+01
2.209191303544510845e+02 2.031674489030289621e+01 3.829565154693531071e+01
2.209348160148531122e+02 2.033995511623138697e+01 3.830661449754739323e+01
2.209949584622352177e+02 2.043621412621982714e+01 3.832513130530200840e+01
2.210645485823984302e+02 2.045742688925290764e+01 3.838990633442463718e+01
2.210936678285674475e+02 2.042966181702654183e+01 3.841358409960952258e+01
2.210988186465921501e+02 2.045513087719377410e+01 3.839253469366602900e+01
2.211137607505864082e+02 2.054424723926518581e+01 3.837900534684653309e+01
2.209468210710366805e+02 2.052646384851277617e+01 3.823968991444594678e+01
2.202040927147244531e+02 2.011091495742576285e+01 3.776655370617805119e+01
2.194677127528936751e+02 1.960254318823468367e+01 3.732434606467138138e+01
2.194949753612444852e+02 1.965629217711062893e+01 3.734489413333994179e+01
2.197442289883351805e+02 1.990177957833591904e+01 3.753391969140155737e+01
2.200118428256946004e+02 2.001632669615355908e+01 3.771214903574253441e+01
2.201529765914923757e+02 2.013610687384100828e+01 3.775388733543181274e+01
2.202358031423144382e+02 2.020858672458895811e+01 3.779385123914801881e+01
2.203245173079652943e+02 2.027994786092340718e+01 3.783473444896836924e+01
2.204100037628460598e+02 2.037042740974239052e+01 3.785961880341495345e+01
2.205254397685511663e+02 2.045843970320833449e+01 3.788242119991978285e+01
2.205967580940621247e+02 2.056895809721661905e+01 3.789789618600627108e+01
2.206311554641256691e+02 2.058887414293857887e+01 3.791790911938136333e+01
2.206528076013997008e+02 2.061473300691958244e+01 3.791467690220881082e+01
2.206737702590956189e+02 2.063115659072627395e+01 3.797125365863550428e+01
2.206985430800810377e+02 2.069817242847776129e+01 3.794082755574983423e+01
2.207466861042826736e+02 2.068172631265871075e+01 3.804641369225326741e+01
2.207885573428448538e+02 2.073670329620808772e+01 3.807262518222764669e+01
2.207967544889401665e+02 2.073049572680385566e+01 3.805159830829651213e+01
2.208104156480319489e+02 2.080142875490352949e+01 3.794358660066288991e+01
2.208505023512154821e+02 2.083512875918461305e+01 3.791889827472381569e+01
2.208565916275548489e+02 2.087971623183638314e+01 3.789752553440300176e+01
2.209044361025927685e+02 2.091604234215762048e+01 3.790935484089019525e+01
2.208838001590760030e+02 2.095534831111301344e+01 3.789442400290212021e+01
2.209307377206165768e+02 2.098304466070169028e+01 3.794732353491222909e+01
2.209742673152881878e+02 2.098663063046823751e+01 3.813259300651400707e+01
2.209988035501438617e+02 2.102025853230977859e+01 3.825710828659818219e+01
2.210293265406826890e+02 2.101126149977580582e+01 3.835229364619783610e+01
2.210706975685705515e+02 2.107296879541608803e+01 3.841100756399654870e+01
2.211452492378546708e+02 2.111034151771128720e+01 3.832853138596661324e+01
2.211826095675430963e+02 2.119420566770238779e+01 3.823784228943271302e+01
2.212297116127738548e+02 2.122967330835284372e+01 3.824743304049228243e+01
2.212825627009573850e+02 2.125847147334575737e+01 3.831036945740660826e+01
2.213173735334476362e+02 2.132203766000545286e+01 3.833083979063253821e+01
2.213770225297591594e+02 2.137610322365500792e+01 3.830410668457210477e+01
2.214147963218742916e+02 2.134629224470666742e+01 3.843307429029793809e+01
2.211121294328917770e+02 2.112886395846899390e+01 3.828869704132145557e+01
2.200665764635105290e+02 2.042980038890253169e+01 3.769021524831403980e+01
2.194367413753089693e+02 2.002304236243643132e+01 3.732501413883775143e+01
2.195066277914346813e+02 2.011302733358418848e+01 3.732566418739423852e+01
2.198732484176894388e+02 2.035870400371327449e+01 3.753702122290243892e+01
2.202210390412178072e+02 2.057948167358775038e+01 3.774938543936297464e+01
2.204636457246633086e+02 2.073462471806819707e+01 3.782320932464799057e+01
2.205857782444408031e+02 2.080398275850414436e+01 3.788101745554997279e+01
2.206947881202218014e+02 2.089952412389903103e+01 3.797811014999560797e+01
2.207338800350597978e+02 2.092097347306185284e+01 3.806044437634769650e+01
2.208213233952137386e+02 2.098084666289630817e+01 3.808577486463893536e+01
2.208529594671629752e+02 2.106199232559659151e+01 3.815571535759430333e+01
2.209075793183164933e+02 2.109372190539709280e+01 3.817518977587407392e+01
2.209880118428256992e+02 2.103653002503306624e+01 3.832122763416123234e+01
2.210211023561725199e+02 2.098904042918977098e+01 3.834882033649306976e+01
2.210805541973759318e+02 2.096563079495192738e+01 3.847437546894750682e+01
2.211177545497766062e+02 2.101495111679919248e+01 3.854708176641963746e+01
2.211489422346799074e+02 2.109600214504757787e+01 3.850584705720652323e+01
2.211967055944733431e+02 2.113088057357490612e+01 3.856786867441918076e+01
2.212117885235448398e+02 2.126039570720100613e+01 3.846090019895766687e+01
2.212139572297341488e+02 2.134886540051778425e+01 3.849041375534290665e+01
2.212244582740929104e+02 2.140773704240299580e+01 3.847216620513594876e+01
2.212712268455408093e+02 2.146657826607152231e+01 3.843587051303138935e+01
2.213302426923050916e+02 2.145707651646076286e+01 3.847938546189498510e+01
2.213924445656165858e+02 2.141169704357465875e+01 3.851053258917607280e+01
2.214451942597445395e+02 2.144135029843650386e+01 3.850887197986539690e+01
2.214880580334510114e+02 2.150601154089672917e+01 3.858987343768659173e+01
2.215053592391390112e+02 2.157918875742711506e+01 3.854103868070561134e+01
2.215414589027360535e+02 2.159767852676690580e+01 3.859419958405905504e+01
2.215358957488852241e+02 2.163404519471038512e+01 3.857125974227884058e+01
2.215696971472219161e+02 2.167289263721432135e+01 3.853763184043729950e+01
2.215491141539341982e+02 2.169834592497290515e+01 3.849534826604899251e+01
2.216003553298348550e+02 2.175432783627338651e+01 3.852754313190465041e+01
2.215944260307832394e+02 2.178561128222922605e+01 3.862057443112301769e+01
2.215929929947973562e+02 2.179815823330997659e+01 3.867860788214856171e+01
2.215914067411274573e+02 2.179351438556328802e+01 3.864458454349016137e+01
2.215619844393922619e+02 2.178968281686205799e+01 3.865473296185555796e+01
2.209998343897091786e+02 2.143924242868054719e+01 3.828072634195032720e+01
2.191910737179848354e+02 2.033074402958002480e+01 3.722096017917456123e+01
2.183315033583964464e+02 1.969935873892833200e+01 3.661624490494870798e+01
2.181337736839614934e+02 1.923749191664056823e+01 3.653840581506175056e+01
2.184278119388120558e+02 1.904481617257718895e+01 3.671894694387050606e+01
2.188282395964066041e+02 1.910900874918039705e+01 3.686414661129800407e+01
2.191254852832161362e+02 1.920628169972488308e+01 3.700585832321270630e+01
2.192681298204423967e+02 1.935212240290392671e+01 3.710117211528278602e+01
2.193776906039255152e+02 1.940692588995815981e+01 3.717767393023638078e+01
2.195077442526469440e+02 1.950642500332347140e+01 3.727185661528616833e+01
2.195910417225272795e+02 1.959713663186973065e+01 3.725342655577912154e+01
2.196575810082174200e+02 1.965437808266094066e+01 3.733152701700941378e+01
2.197025019546520639e+02 1.966105431792218639e+01 3.745300948823039988e+01
2.197114313911489774e+02 1.961465414487633296e+01 3.751957581233537553e+01
2.197342529398643194e+02 1.961473751332205140e+01 3.755136510196862076e+01
2.197766773393298649e+02 1.968951224952851931e+01 3.760694143704668591e+01
2.198140061242009722e+02 1.971154405121075825e+01 3.763412405675363459e+01
2.198648935475076200e+02 1.982015285717182707e+01 3.769849914265692803e+01
2.199313077805291812e+02 1.992467548269203448e+01 3.771084105242523066e+01
2.199974640220092681e+02 1.996540096842588952e+01 3.776548568879235290e+01
2.200711155373997485e+02 2.004168084305777597e+01 3.779090968493487424e+01
2.201426197520126777e+02 2.010758810580131595e+01 3.780248099988057930e+01
2.202292868843409224e+02 2.011657387232911276e+01 3.782194865855664290e+01
2.202870488246175853e+02 2.016748608084936834e+01 3.775950231291106718e+01
2.203783812101042656e+02 2.019853068747422853e+01 3.777023769019834987e+01
2.204342955253676735e+02 2.022123506972531359e+01 3.781189825444500485e+01
2.204760608634717869e+02 2.027128768197416520e+01 3.791065155820131594e+01
2.204831595739647128e+02 2.035491186603366742e+01 3.789855750056893413e+01
2.205339557426213162e+02 2.042793473827941142e+01 3.792605556844887360e+01
2.205671352574169646e+02 2.044750942401416793e+01 3.795211046093737650e+01
2.206032292880109367e+02 2.046821409016860827e+01 3.796889906334424580e+01
2.206386687636459385e+02 2.045827183971627861e+01 3.804942509570471998e+01
2.206839614882844671e+02 2.055683812777002828e+01 3.801674353838215836e+01
2.206995435014296447e+02 2.059443279038694286e+01 3.798541390180098176e+01
2.207610333631506876e+02 2.060497777216981063e+01 3.802019431607456568e+01
2.207464168467350021e+02 2.064361116055636103e+01 3.797010339940470658e+01
2.207623773976877715e+02 2.064841273238954145e+01 3.798465344638395180e+01
2.207977650496943625e+02 2.064517375561328905e+01 3.807335183962614877e+01
2.207913175143585249e+02 2.064716333230436973e+01 3.813571707002724054e+01
2.199899845205075053e+02 2.011767794093458406e+01 3.766866450509561304e+01
2.179454961887101092e+02 1.889971226620220790e+01 3.646796849123391837e+01
2.168886107437141391e+02 1.795379810866288395e+01 3.581186670962770080e+01
2.167475006365293382e+02 1.744067884446827676e+01 3.573551135275442903e+01
2.171234168444817954e+02 1.740938413250625771e+01 3.599067850648809497e+01
2.176659640434146752e+02 1.759599651204448634e+01 3.627182507046887139e+01
2.180431397908578504e+02 1.776838555878264003e+01 3.655235425731107313e+01
2.182902663959820870e+02 1.790814149202479300e+01 3.665486139432599089e+01
2.183659525520883733e+02 1.810594664870114201e+01 3.667020682134142362e+01
2.184133080824581441e+02 1.825921390315290438e+01 3.668605358563178953e+01
2.184697969640366466e+02 1.837322588567707626e+01 3.668745169699850806e+01
2.185575906969827429e+02 1.850290324979214063e+01 3.673921674218646416e+01
2.185870704553494477e+02 1.852207123270386546e+01 3.675194620256729650e+01
2.186884723971582503e+02 1.847608677528598875e+01 3.675901562144416346e+01
2.187247534434548015e+02 1.846642279518626140e+01 3.678297616338412723e+01
2.188277224867230188e+02 1.849081707836408484e+01 3.683344561786157811e+01
2.189407295414960686e+02 1.855909020240506635e+01 3.688371453742905004e+01
2.189868593303936564e+02 1.863623305311020673e+01 3.699982537690423356e+01
2.190793622539222554e+02 1.867861238855103423e+01 3.711190298616759975e+01
2.191941662366807577e+02 1.878203883167009636e+01 3.718205302683787750e+01
2.192739982830606493e+02 1.884213058202441005e+01 3.723235011142079998e+01
2.193818410006016109e+02 1.892955591656846437e+01 3.732305047396088327e+01
2.195063078368592073e+02 1.901157920115003463e+01 3.741450340571366695e+01
2.195359644715229024e+02 1.910508592582912257e+01 3.736611365597672574e+01
2.196133833393794248e+02 1.916665126979155787e+01 3.741667887150669003e+01
2.196819189613643459e+02 1.924524292889122279e+01 3.742098473906803235e+01
2.197297262585818771e+02 1.932266179674773099e+01 3.743323201438443704e+01
2.198168868419807325e+02 1.936073977102968868e+01 3.747292215415050975e+01
2.198563629276294193e+02 1.933575965553059461e+01 3.751325107646689361e+01
2.199347270134042844e+02 1.938471495877768191e+01 3.752651905194304760e+01
2.200015569620538258e+02 1.942906359209847267e+01 3.756708568698979178e+01
2.200281300908265507e+02 1.944123313197225045e+01 3.758283894342887521e+01
2.200106091980180736e+02 1.952969606568532157e+01 3.755447226647259384e+01
2.200649823236363147e+02 1.958755151381324922e+01 3.762416603389265646e+01
2.200824908238379578e+02 1.963027108264066101e+01 3.769634170247378790e+01
2.201401761552725986e+02 1.971363840175930093e+01 3.764835640235865100e+01
2.201377336851331563e+02 1.976149752260524295e+01 3.768820201300998463e+01
2.202024343586149939e+02 1.975816616457832353e+01 3.774022166993756144e+01
2.202287990662734103e+02 1.980558703778392982e+01 3.776265228823851317e+01
2.202836735291665775e+02 1.983476374058443525e+01 3.781170898554120896e+01
2.202964243949591321e+02 1.988705378166029547e+01 3.779003544285543370e+01
2.200381523299227240e+02 1.972302861790889494e+01 3.762067920498047613e+01
2.183834880907048728e+02 1.872860867076899538e+01 3.663325206787543209e+01
2.168461412802238897e+02 1.760913154864774199e+01 3.566807754617372694e+01
2.164078598418703336e+02 1.695172291032484324e+01 3.538797083456320536e+01
2.167508725521785209e+02 1.679259169965728660e+01 3.560103241680617714e+01
2.172498541052199812e+02 1.703911332024974357e+01 3.583430296093174405e+01
2.176451917812231613e+02 1.726696040900108997e+01 3.610780103331808988e+01
2.179152717473350265e+02 1.741524020251772598e+01 3.629042749987043948e+01
2.180819478023401814e+02 1.751422558600131296e+01 3.640106869334606898e+01
2.182504771153616616e+02 1.760382638633839036e+01 3.647780709442940861e+01
2.183730129581603023e+02 1.769226566143848700e+01 3.654403093194656549e+01
2.184312379312908945e+02 1.773876497533871088e+01 3.657264884084062118e+01
2.184448900775777247e+02 1.780728482491499776e+01 3.657541802515924445e+01
2.184958788949399775e+02 1.790131541888137434e+01 3.657626297562261897e+01
2.185168167674223128e+02 1.794696414931513928e+01 3.662992296304975071e+01
2.185526471734717120e+02 1.802758143632566146e+01 3.664344667686615509e+01
2.186424530151212196e+02 1.810217704303389041e+01 3.669159758727211340e+01
2.187337583621930719e+02 1.812652175578453040e+01 3.676590591082280213e+01
2.188246975640641381e+02 1.823752346145786518e+01 3.682201625459371286e+01
2.189160524815631845e+02 1.833885442742776917e+01 3.686311126533021820e+01
2.190188987253640676e+02 1.841012543571278925e+01 3.698619576262975528e+01
2.190880066604628666e+02 1.846709650235572298e+01 3.696526126994928063e+01
2.191728205347747860e+02 1.856552421853348278e+01 3.701699364371931722e+01
2.192672386793536816e+02 1.865685660402016310e+01 3.707719467433356186e+01
2.193522147841545973e+02 1.875375214335767637e+01 3.713832515045751137e+01
2.194235286032630938e+02 1.881066575336910063e+01 3.720613524164456720e+01
2.194775389634823739e+02 1.888684310734475957e+01 3.722807240887490821e+01
2.195857883838463636e+02 1.887230432637169386e+01 3.733076205518990776e+01
2.196360201255934328e+02 1.891566831075250121e+01 3.736652373860162157e+01
2.197248109000863110e+02 1.892029976589239126e+01 3.741497319817130318e+01
2.197610896931815887e+02 1.897870950152428904e+01 3.744212427306094781e+01
2.197950781072208315e+02 1.905583995962263444e+01 3.750041796882921119e+01
2.198258590893011331e+02 1.913929177378760826e+01 3.750226784704369010e+01
2.198805104852719410e+02 1.923674723363218320e+01 3.750017011669329037e+01
2.199399476806673022e+02 1.928088631923805707e+01 3.750502125895366135e+01
2.199353398841404044e+02 1.932297837152133724e+01 3.752469395894216575e+01
2.199964568410569257e+02 1.937126222080020099e+01 3.756330594191697969e+01
2.200453625738768437e+02 1.942257099273793131e+01 3.764098505451620724e+01
2.200849411801817439e+02 1.945544632536676488e+01 3.760038349485030551e+01
2.201153515106587690e+02 1.946553503389941397e+01 3.768804090912163218e+01
2.201753914373846612e+02 1.953429822920914916e+01 3.773348910464542172e+01
2.202281287389058093e+02 1.963061694903033327e+01 3.775252302208362210e+01
2.202810023591017057e+02 1.961773201776424003e+01 3.779899755077025958e+01
2.196959079612359176e+02 1.925241036202184119e+01 3.740726612334474055e+01
2.179794767165450367e+02 1.818825383663840256e+01 3.642914358074234116e+01
2.170986079722766249e+02 1.752043202880492601e+01 3.592628764817614950e+01
2.170278889982943156e+02 1.720526888576945623e+01 3.583793962772609376e+01
2.174847638532444876e+02 1.719313990351792398e+01 3.605432355519103993e+01
2.179666909261333103e+02 1.737551513813250281e+01 3.629653254861845113e+01
2.183072014564692722e+02 1.755692600261821923e+01 3.648931644634114235e+01
2.185061456063702394e+02 1.766134160107973372e+01 3.661687918109654305e+01
2.186681620412200573e+02 1.772004763267412031e+01 3.668351310123858156e+01
2.186900552710263241e+02 1.778928625344457970e+01 3.680441649974201113e+01
2.188008057447618739e+02 1.792590798376793870e+01 3.690455214245639581e+01
2.189278423570287373e+02 1.803853875393465245e+01 3.698744854251678049e+01
2.190003627653989327e+02 1.811853528400475000e+01 3.699200564201589714e+01
2.190243683713636074e+02 1.817538693098219227e+01 3.706630720596287176e+01
2.190166759423450742e+02 1.828424922208227343e+01 3.706867081405907527e+01
2.190463652484266959e+02 1.839378747355305066e+01 3.702318882051675075e+01
2.191276877874239801e+02 1.848013690450707713e+01 3.710365063664200846e+01
2.192379684687019221e+02 1.854908936872060821e+01 3.712142388798886117e+01
2.193115478816528707e+02 1.860989200406477551e+01 3.722619661884622388e+01
2.194362276454272376e+02 1.864570325790366567e+01 3.723260134335857430e+01
2.194902334992440558e+02 1.867825187635332895e+01 3.726786732249843936e+01
2.195740796236252663e+02 1.871260305579151506e+01 3.724215604319837070e+01
2.196253219261265315e+02 1.879385123914801881e+01 3.736873638221503313e+01
2.197499386002663186e+02 1.888800125277988684e+01 3.743960519407949050e+01
2.197843765279520767e+02 1.896837406745633814e+01 3.742205726285619960e+01
2.198450383382190125e+02 1.901121530915047586e+01 3.743322074837826108e+01
2.199200113561342391e+02 1.907963376467115779e+01 3.741721400680015819e+01
2.199509399228954578e+02 1.913208941603783586e+01 3.743163787451020852e+01
2.199937203281562290e+02 1.915983871585555320e+01 3.750162117828905650e+01
2.200699123279399316e+02 1.914535288511152089e+01 3.755505584559262644e+01
2.201273903648608723e+02 1.916226090718388164e+01 3.754413570580402393e+01
2.201872432758842137e+02 1.916598657542703776e+01 3.765631696232421888e+01
2.202183273135306933e+02 1.920628169972488308e+01 3.763653272887454904e+01
2.202449838107491189e+02 1.927036048966569126e+01 3.763776522995045326e+01
2.202710398298382302e+02 1.930168449324377633e+01 3.761027054187236729e+01
2.203304511134194001e+02 1.940820458165939399e+01 3.762656006020553434e+01
2.203329138623699635e+02 1.939533091639947315e+01 3.764902222332379012e+01
2.203921460164528696e+02 1.945495850729924570e+01 3.769215863437979408e+01
2.204092928778562168e+02 1.942019386543431736e+01 3.780462830065815893e+01
2.204435268908301566e+02 1.945464981872996191e+01 3.790813923882355851e+01
2.204425197098778142e+02 1.949232446999073787e+01 3.795743702865846814e+01
2.200784688596323235e+02 1.930300486916787150e+01 3.776999772426675150e+01
2.190256515694673283e+02 1.867230567829243526e+01 3.714603560508592750e+01
2.184518873940150456e+02 1.833110116197587658e+01 3.680689276789999553e+01
2.186647653403573202e+02 1.847076246076613515e+01 3.682041197531392385e+01
2.190448510971963287e+02 1.871866642031666572e+01 3.696738603871450124e+01
2.192884931266096373e+02 1.889202321698553177e+01 3.706225820334239529e+01
2.194659417367224421e+02 1.901537246543026072e+01 3.716222598256472764e+01
2.195264784943207985e+02 1.912074342121569259e+01 3.727279282039958019e+01
2.196596900045740028e+02 1.920714242259690607e+01 3.739894279798023291e+01
2.197183385795368906e+02 1.928871394033072662e+01 3.744120384035618798e+01
2.197647049545641948e+02 1.938296647461881506e+01 3.749214872029435952e+01
2.198431817004008337e+02 1.941747763134473459e+01 3.753737722869767168e+01
2.199200136093354558e+02 1.946332239028599886e+01 3.757629677364115395e+01
2.199399375412617417e+02 1.945521311903887351e+01 3.764034289216404261e+01
2.200460621928605178e+02 1.947971217607415895e+01 3.771914973198171595e+01
2.200934582808525306e+02 1.954023428786448235e+01 3.776373382483163255e+01
2.201497026900969445e+02 1.957366278139667060e+01 3.778486209281837205e+01
2.201882943942606516e+02 1.968365392631581301e+01 3.768035523970681311e+01
2.202473147474273958e+02 1.976117306162730713e+01 3.761278624105197110e+01
2.203321477739498278e+02 1.987236628940567229e+01 3.762588409983484183e+01
2.203976967776969218e+02 1.992940945848814849e+01 3.767285320619269839e+01
2.204828925696182864e+02 1.999748880722286160e+01 3.771465121571472423e+01
2.205476022559050762e+02 2.002693364097040885e+01 3.778786786326673308e+01
2.205812436769540454e+02 2.009227084380133022e+01 3.790535090229443682e+01
2.206537347937081677e+02 2.011134419226115355e+01 3.794133114622599834e+01
2.207094485740616108e+02 2.020847068472532371e+01 3.802336231701189462e+01
2.207466410402579413e+02 2.026065031894063395e+01 3.804691390292758513e+01
2.208018501035346048e+02 2.017481123806648213e+01 3.814754862971567206e+01
2.208533087133544939e+02 2.026553187941768286e+01 3.818848366316444043e+01
2.209399251486549645e+02 2.025722883286429266e+01 3.827466748382764905e+01
2.209763211082145062e+02 2.030371462755710255e+01 3.827815318613920681e+01
2.210032220777669920e+02 2.033980865815106753e+01 3.830935889665241945e+01
2.210242940157228304e+02 2.036538812517884622e+01 3.833069107935099140e+01
2.210859832857532297e+02 2.049372934096117049e+01 3.823775779438637556e+01
2.211098672188511784e+02 2.053918429608866703e+01 3.820949814448878357e+01
2.211215286618463267e+02 2.061154585377174797e+01 3.821881062519574357e+01
2.211111628095616766e+02 2.064536865752017292e+01 3.818673743220680450e+01
2.208596447152291660e+02 2.051726177466635548e+01 3.798399663822375771e+01
2.198679128371634022e+02 1.996714607278290643e+01 3.739867466703318399e+01
2.191537449331137282e+02 1.953607487838346302e+01 3.692235468541930743e+01
2.192834132844238582e+02 1.956846802594786539e+01 3.698632870150265717e+01
2.196046882358110395e+02 1.985796720690921546e+01 3.718362463469974699e+01
2.198877995912692995e+02 2.004141158551011515e+01 3.741803755185179625e+01
2.201183234830886022e+02 2.009453756424440130e+01 3.754738031558336786e+01
2.203169938690394360e+02 2.016885152079817445e+01 3.768039917713090858e+01
2.204629032948561758e+02 2.021025522010396358e+01 3.784693215385759402e+01
2.205694797133026839e+02 2.026218812878396847e+01 3.795943449155387839e+01
2.206693686304817561e+02 2.038289887858174509e+01 3.804391601868354655e+01
2.207605613174918346e+02 2.045782119946914435e+01 3.809953065818261564e+01
2.208371431210892979e+02 2.049323476328994431e+01 3.818871236308986283e+01
2.208997854952423552e+02 2.058538844062702111e+01 3.821418705626017953e+01
2.209355415456509775e+02 2.062554273984763853e+01 3.824037488762159143e+01
2.209834108059024800e+02 2.062523743108020824e+01 3.823214844991021266e+01
2.210546739279831741e+02 2.066042792797867733e+01 3.832570023861401154e+01
2.211087845556574507e+02 2.069184431280742231e+01 3.840647975611349807e+01
2.211108327155806705e+02 2.073330772194595539e+01 3.841007361208436777e+01
2.211273092496163883e+02 2.072802847145081273e+01 3.842704810359317946e+01
2.211680381151521146e+02 2.085359149010957225e+01 3.832503667085011045e+01
2.212042448058078605e+02 2.096196596314213423e+01 3.824711195931620011e+01
2.212224439121882540e+02 2.099632390218402733e+01 3.829794643239382168e+01
2.212653899277398466e+02 2.102353919330889198e+01 3.832706680516343312e+01
2.212958475754428207e+02 2.106144817749818188e+01 3.833862009449926234e+01
2.213121472331815482e+02 2.111344530241340323e+01 3.830149184453812694e+01
2.213675388057582722e+02 2.115531316117373706e+01 3.828071169614229063e+01
2.213851971438421060e+02 2.119307005427961954e+01 3.827333246209552442e+01
2.214446579978504417e+02 2.128983490794546185e+01 3.831093275771552698e+01
2.214374240952833759e+02 2.134068064702926648e+01 3.825528882660039187e+01
2.214559961064682625e+02 2.128929188644767123e+01 3.831587290142469726e+01
2.214973660077555166e+02 2.125436388749315597e+01 3.841051185972470705e+01
2.215815963029474176e+02 2.127673704916259823e+01 3.847647319929789944e+01
2.216403530315695889e+02 2.134904903641849216e+01 3.849815350158738170e+01
2.216644115877633112e+02 2.138541683096259050e+01 3.854111866934947983e+01
2.216903098827659448e+02 2.142500782987429275e+01 3.852203856128594595e+01
2.217178518880699869e+02 2.141310304114570684e+01 3.862583340280703936e+01
2.215395504412894638e+02 2.131834916958268522e+01 3.850703449425771652e+01
2.203945974993972641e+02 2.059939884591032566e+01 3.780477701193971285e+01
2.192129365295743924e+02 1.978766845495738025e+01 3.706659561572103456e+01
2.190555797148799115e+02 1.966736102818078891e+01 3.695127001687647805e+01
2.193100269708187966e+02 1.976108631337973520e+01 3.715514191787983123e+01
2.196854564873043500e+02 1.990331851477987257e+01 3.741673069513511507e+01
2.199711150867595109e+02 2.008228014952243257e+01 3.755461534475105623e+01
2.201950596309706896e+02 2.021893680446494201e+01 3.770730465308587043e+01
2.203482198583637626e+02 2.032307638577508868e+01 3.777683731661758770e+01
2.203883797905874644e+02 2.040236315745595519e+01 3.781015878309107592e+01
2.204757904793235070e+02 2.048985270823522598e+01 3.788837190438314906e+01
2.205694538014884643e+02 2.057548336799507993e+01 3.789396209664881354e+01
2.206449101310687126e+02 2.068300500435994493e+01 3.789774860132533263e+01
2.206623859598524575e+02 2.071936603930033627e+01 3.791473548544094285e+01
2.206657961799226371e+02 2.072555670969530084e+01 3.798179188081466862e+01
2.206863228431794539e+02 2.074817772350066392e+01 3.809587821897961391e+01
2.207540033752954400e+02 2.083549377778478728e+01 3.814720726972846876e+01
2.208221458136647755e+02 2.085066908810692965e+01 3.821237998886918774e+01
2.208546257094767498e+02 2.086350782874769294e+01 3.821590174240051851e+01
2.208859226746399997e+02 2.092318273687341446e+01 3.818265350496718469e+01
2.209600575016955304e+02 2.095626987041839584e+01 3.818064815586745198e+01
2.210013767059549821e+02 2.096534013199253010e+01 3.821283738872002544e+01
2.210283013341204423e+02 2.097969527706489146e+01 3.819847435744333808e+01
2.210607496851151268e+02 2.103845876529078751e+01 3.822381160533828393e+01
2.210829076660665748e+02 2.105568223553613905e+01 3.827291336666569066e+01
2.211499280102205205e+02 2.109084907382163365e+01 3.833280908851250501e+01
2.211884059277218171e+02 2.111168442564773784e+01 3.832762897887172926e+01
2.212198741361789871e+02 2.114869100274214730e+01 3.837011083496878427e+01
2.212387334305214210e+02 2.119505963097070023e+01 3.838162919968545594e+01
2.212965055102036160e+02 2.125166342581222167e+01 3.838110645699877921e+01
2.213180044297936320e+02 2.128900460329012390e+01 3.832357997625125989e+01
2.213934269613553454e+02 2.129460606156196434e+01 3.839364552187520729e+01
2.214204834017930921e+02 2.134271866754691871e+01 3.837578664888140167e+01
2.214385371766937851e+02 2.141489546272867273e+01 3.844178403967436708e+01
2.214646652982224566e+02 2.146203468577982321e+01 3.847976850610504584e+01
2.214777642836059215e+02 2.148691566042454681e+01 3.850425517053353275e+01
2.214819462250993070e+02 2.146281654660859317e+01 3.856079249593860681e+01
2.215145737055922268e+02 2.149080017935481735e+01 3.859744870024086794e+01
2.215585561937122066e+02 2.155458605313499021e+01 3.858296512269807010e+01
2.215203373943530210e+02 2.156794077685872324e+01 3.850430812076257325e+01
2.206724408703665858e+02 2.108501102942004835e+01 3.799150993774404839e+01
2.190293941367197306e+02 2.007564559848404784e+01 3.702284633392893198e+01
2.185309848967921198e+02 1.964987505999148354e+01 3.672300495929592046e+01
2.186476196055545813e+02 1.953156847591215239e+01 3.686973793016428402e+01
2.191170200061737603e+02 1.961428799967553971e+01 3.710676118094783504e+01
2.194967441242144730e+02 1.962721799496634745e+01 3.736507155040523998e+01
2.197145610876652881e+02 1.968906724228447658e+01 3.750804618161252790e+01
2.198439815868395044e+02 1.966269239522051038e+01 3.759505016752551398e+01
2.199769058139351614e+02 1.969138916615781909e+01 3.764081831762476327e+01
2.200787910674090142e+02 1.978687758132366525e+01 3.770999610196186325e+01
2.202037085439137627e+02 1.987492254620752519e+01 3.776088690507037882e+01
2.202875929727159985e+02 1.991388490197448036e+01 3.781424496353194087e+01
2.203340404629877867e+02 1.994466926385662475e+01 3.782839281409061982e+01
2.203885116028597508e+02 1.996148152487646854e+01 3.787112477552482659e+01
2.203812472820760036e+02 2.011957513637500483e+01 3.782821706439423792e+01
2.204091666985870290e+02 2.021998228983828838e+01 3.790273718886107446e+01
2.204536201057652534e+02 2.024613632318115819e+01 3.782694513229670719e+01
2.204695468586994878e+02 2.030212048768287403e+01 3.782419622678921201e+01
2.205265258115467475e+02 2.036785876033374265e+01 3.787743711878651709e+01
2.205845603891729070e+02 2.040149116857775624e+01 3.790961621223353006e+01
2.206581240297152249e+02 2.044504329526174402e+01 3.798480441086673665e+01
2.206703713050316367e+02 2.047245574149472702e+01 3.797994988880451928e+01
2.207201298745192162e+02 2.048746544152604798e+01 3.801691928807854026e+01
2.207867525286550858e+02 2.054112655555380229e+01 3.805053254411204477e+01
2.208597618816934300e+02 2.053770844927931449e+01 3.816948016394292154e+01
2.209221496441068666e+02 2.056293979671618288e+01 3.820391020542435712e+01
2.209775693816990554e+02 2.059497243208288353e+01 3.824895169812511142e+01
2.210216498840727866e+02 2.066333455757267146e+01 3.822000144204879035e+01
2.210569169898132884e+02 2.065421585217197276e+01 3.829341637130954012e+01
2.210674574651936837e+02 2.071788117968603871e+01 3.819470925817855544e+01
2.210729034525802490e+02 2.080149635094059946e+01 3.817794093458280713e+01
2.211323462809787088e+02 2.084826942879095313e+01 3.821868669912778671e+01
2.211442916273295225e+02 2.087111688932050058e+01 3.823473287172750901e+01
2.211544637043078865e+02 2.087004774533418328e+01 3.823946572092300045e+01
2.212099138601167567e+02 2.085862626827064403e+01 3.825131643282193039e+01
2.212244492612879867e+02 2.090039836597846445e+01 3.824430334397595033e+01
2.212098575300858556e+02 2.089129430638579876e+01 3.821760628913528990e+01
2.212153744933113728e+02 2.090289716614880433e+01 3.822490328133695670e+01
2.212512353175774535e+02 2.091101995660334367e+01 3.826890830146930966e+01
2.212412446232985417e+02 2.093455689671100117e+01 3.835766527794363867e+01
2.212611685552248275e+02 2.097786117125906458e+01 3.846229155072068551e+01
2.212614885098003015e+02 2.099509252770874213e+01 3.844655181348901607e+01
2.209046231182953193e+02 2.079721414199223517e+01 3.823520153758452267e+01
2.194732578811346286e+02 1.991433216241975757e+01 3.738838880339241655e+01
2.184210072710803843e+02 1.926748540488899764e+01 3.672654586503774965e+01
2.182979148875765247e+02 1.902958903862662865e+01 3.655472575161159909e+01
2.186573613210969427e+02 1.903213628262353652e+01 3.672246982400245230e+01
2.190044962630657608e+02 1.923284694229326419e+01 3.701185296510016798e+01
2.192818653351749560e+02 1.936316534215987417e+01 3.713794435944868866e+01
2.194582650801125681e+02 1.940119149281341393e+01 3.732503329104825696e+01
2.196035841672055540e+02 1.948421857854546957e+01 3.742264760157994630e+01
2.197510539348779730e+02 1.951793998823828957e+01 3.744489233077895562e+01
2.198601978761325029e+02 1.959089075804449109e+01 3.752268185023872604e+01
2.199380842832454164e+02 1.964439414798575001e+01 3.755432355519103993e+01
2.199652398645375513e+02 1.977631119412905747e+01 3.757715299011069732e+01
2.199810528308093751e+02 1.983573036391453215e+01 3.752357637112928046e+01
2.200427319614342139e+02 1.990568324947669510e+01 3.753571774598761124e+01
2.200838618967898697e+02 1.991582152843652764e+01 3.755534650855202727e+01
2.201752156876882793e+02 1.987278538483550605e+01 3.770471121846362905e+01
2.202323850360399433e+02 1.989432824184960680e+01 3.783330929918682273e+01
2.202900331896541957e+02 1.991594545450448805e+01 3.791225921728295134e+01
2.203731875812560759e+02 1.995860193369729885e+01 3.800931811371005153e+01
2.204470002005349158e+02 2.000962792887995789e+01 3.805515048004452439e+01
2.204906965320979850e+02 2.006923073456613338e+01 3.802315727569944670e+01
2.205280771405975031e+02 2.010523125730882299e+01 3.798675455653619792e+01
2.205547753220387790e+02 2.020184401989126144e+01 3.790353256889726197e+01
2.206225628812134971e+02 2.024568906273588098e+01 3.788711799789550838e+01
2.206659865754270413e+02 2.025669707737267800e+01 3.786293664223445177e+01
2.206708568698979036e+02 2.027205827679675920e+01 3.788175425235403537e+01
2.206847951727416728e+02 2.036286566639553186e+01 3.787434122028872707e+01
2.206998093791754627e+02 2.036855049311309074e+01 3.790042765759452692e+01
2.207234634857473736e+02 2.040033752954510149e+01 3.796028620162095280e+01
2.207735746812283537e+02 2.045773107141971892e+01 3.798502184478598309e+01
2.208016642144326624e+02 2.045792372012536831e+01 3.796950292127539939e+01
2.208314909657896408e+02 2.047509987314477087e+01 3.804277139245583328e+01
2.208113980437706800e+02 2.049974088185789967e+01 3.798568991895235314e+01
2.208586352810755784e+02 2.052911023336405094e+01 3.802395941533934121e+01
2.209079612359259386e+02 2.056067420287373437e+01 3.807124171666895762e+01
2.209480513189113537e+02 2.057943097655994791e+01 3.812533093893148362e+01
2.209601521361474283e+02 2.061134869866362607e+01 3.816616908472712311e+01
2.209853417993614357e+02 2.065982069024566670e+01 3.815353651199941964e+01
2.210301534655361593e+02 2.070602370818340177e+01 3.821694610117324231e+01
2.210646781414694999e+02 2.071086471103820870e+01 3.823075033854348703e+01
2.210995622029999197e+02 2.078946988934528761e+01 3.822415972492919423e+01
2.210973371667797096e+02 2.081448380286291666e+01 3.820821043998260791e+01
2.209552379042524706e+02 2.068127792561281453e+01 3.810208128198137700e+01
2.199389292337087909e+02 2.009761093072983584e+01 3.752280577630669001e+01
2.189056990218853400e+02 1.939025107421369043e+01 3.688003956621369639e+01
2.188188538866594683e+02 1.938676875170398262e+01 3.678721668810963052e+01
2.191100384621450985e+02 1.963958919635071609e+01 3.703593517990685058e+01
2.194662797169077919e+02 1.988877635400495336e+01 3.719412905886037635e+01
2.196861144220651454e+02 2.001879057170474852e+01 3.728008755940001606e+01
2.198523826476466354e+02 2.007870657236268386e+01 3.741441891066732950e+01
2.199691029780560712e+02 2.017697205805147576e+01 3.747760768612005222e+01
2.200510992242228099e+02 2.025878917471998264e+01 3.753171380739185281e+01
2.201349780200219470e+02 2.037956977375606371e+01 3.764057609849193398e+01
2.201741668225130866e+02 2.039616910725913712e+01 3.770058898680299819e+01
2.202268027299786297e+02 2.045988400520039008e+01 3.771725929614499506e+01
2.203484034942644882e+02 2.049929474801324147e+01 3.779529666774069341e+01
2.204366850452780682e+02 2.051224502211517020e+01 3.786048290608882638e+01
2.204736871159700229e+02 2.058177881224749939e+01 3.785119971699792529e+01
2.205332144394147917e+02 2.061273779722540667e+01 3.791019528495109370e+01
2.205524962089889129e+02 2.066170098667681998e+01 3.789321403383857501e+01
2.205856734705833446e+02 2.069317257493583995e+01 3.794907427227233399e+01
2.206552027543131942e+02 2.079939298758711530e+01 3.791738412349345566e+01
2.207237113378832873e+02 2.085370189697011867e+01 3.788422263430769021e+01
2.208027885618492405e+02 2.091975111139150911e+01 3.784174866441496476e+01
2.208254895642984650e+02 2.099217125230671499e+01 3.787008717635580979e+01
2.208867315738835941e+02 2.098260415986012006e+01 3.796031887303887231e+01
2.209332714454060635e+02 2.101136852683449874e+01 3.799753950425066762e+01
2.209987686255247183e+02 2.099965413361032773e+01 3.808730816807980091e+01
2.210498588369425761e+02 2.103781434973738840e+01 3.808454236356303113e+01
2.210821235520365633e+02 2.107599033827310109e+01 3.807783120368263496e+01
2.210895264446963040e+02 2.113676706180305587e+01 3.809812691381279848e+01
2.211444786430321017e+02 2.114712164808151229e+01 3.820638084057924999e+01
2.211622203495616361e+02 2.121255235876371259e+01 3.821473120435859272e+01
2.211353069874023447e+02 2.126370565981618554e+01 3.820006624411632856e+01
2.211892576377888986e+02 2.128055284545517978e+01 3.820176515784801552e+01
2.212390950693197453e+02 2.125612025785634884e+01 3.828222810057388870e+01
2.212764058285809483e+02 2.130636439221023437e+01 3.831800668299486290e+01
2.212687471975809501e+02 2.132265165734217049e+01 3.830990642455268613e+01
2.213149355697106557e+02 2.136190354946790748e+01 3.832889415136555300e+01
2.213304544932212536e+02 2.132407117412063258e+01 3.839193759533857531e+01
2.213175075989211678e+02 2.133067305374110134e+01 3.837512420771811605e+01
2.213150178115557765e+02 2.139369847210424069e+01 3.832169404681701508e+01
2.213554515077296116e+02 2.141344440113291014e+01 3.836799958541097055e+01
2.213989382915777639e+02 2.148747558093160848e+01 3.840360467133680089e+01
2.214062071187639731e+02 2.152320008652292671e+01 3.837549485932137827e+01
2.212298208930337751e+02 2.142323230730059791e+01 3.832528226978479324e+01
2.205042585503353791e+02 2.090902587350979047e+01 3.777592139031528973e+01
2.196573263964777993e+02 2.039565199757555547e+01 3.719327960199453287e+01
2.195439261580891070e+02 2.035279948987524179e+01 3.712588522643545730e+01
2.198544139085605877e+02 2.058603398278103569e+01 3.730257338113123922e+01
2.201680662801675510e+02 2.081027031655224135e+01 3.749456189881774293e+01
2.203750374594705477e+02 2.090099771750714908e+01 3.772759811001480301e+01
2.205583748110127544e+02 2.095803975998900270e+01 3.783583626437260961e+01
2.206816902614389448e+02 2.100363441359311167e+01 3.803352988758778963e+01
2.207762041670703752e+02 2.111599705281278361e+01 3.803334625168708527e+01
2.208687014575958756e+02 2.118993585136082203e+01 3.812988803843060026e+01
2.209495542041355236e+02 2.128029936031616742e+01 3.816267098980877392e+01
2.210056161040798770e+02 2.133807369319961467e+01 3.817065633498793176e+01
2.210502204757409004e+02 2.144813694055829956e+01 3.825810758134619505e+01
2.211090571930069757e+02 2.154911077413234821e+01 3.824713561792917460e+01
2.212125568651661922e+02 2.158973711901183634e+01 3.829211627419656594e+01
2.212253539215840874e+02 2.164100758652855916e+01 3.824196226789210584e+01
2.212804075139754900e+02 2.166671999242924329e+01 3.817160718590938018e+01
2.212852631626383300e+02 2.169641380491333038e+01 3.816267324301000485e+01
2.213272662134727966e+02 2.176921586343797799e+01 3.817035553262297753e+01
2.213864882281501423e+02 2.176724543895739927e+01 3.819894752970282781e+01
2.214033861108169390e+02 2.175298605493755133e+01 3.825313589281972071e+01
2.213890895489766990e+02 2.180460351544456898e+01 3.827043371870585275e+01
2.214427472832026069e+02 2.183527296406369445e+01 3.830676884183203157e+01
2.214450534346673010e+02 2.182579149326405599e+01 3.832614524585805071e+01
2.214710384779174888e+02 2.181976192675744031e+01 3.832728649228391049e+01
2.215163976719924790e+02 2.177998954514626817e+01 3.838148274160513296e+01
2.215574870497258928e+02 2.178831737691324832e+01 3.846388456399429145e+01
2.215845096921451045e+02 2.174531390473014625e+01 3.854318823468442901e+01
2.216483034521296247e+02 2.179491587673186714e+01 3.850930121470078404e+01
2.216422874048304266e+02 2.187219504611176291e+01 3.852426697730800953e+01
2.216526757891274144e+02 2.191283491019866503e+01 3.847872640053356008e+01
2.216422828984279363e+02 2.198993044367785643e+01 3.847846390258960270e+01
2.216933325522235805e+02 2.200645992794262540e+01 3.851149245290245915e+01
2.217221205778109265e+02 2.200397126717784246e+01 3.852140766493996438e+01
2.217123135194327403e+02 2.202935470569812182e+01 3.855141241919456974e+01
2.217355406443705022e+02 2.207035620858334468e+01 3.852536653951101187e+01
2.217703909078823870e+02 2.213584099609520095e+01 3.853124964793730811e+01
2.218250704688686312e+02 2.218052760960134151e+01 3.851769551590422225e+01
2.218514577085394137e+02 2.224361611759907831e+01 3.857111666400037819e+01
2.218527431598443513e+02 2.226128572168908804e+01 3.856307386218970379e+01
2.218620804257649013e+02 2.223780849141417804e+01 3.858882795231325247e+01
2.216001919727452787e+02 2.205020357673164000e+01 3.845261405141354771e+01
2.210621083654602330e+02 2.175016730019174815e+01 3.808910847586708570e+01
2.207165281323440240e+02 2.153363466144524807e+01 3.790506136593565145e+01
2.207392978574309552e+02 2.164486957344647422e+01 3.794410258374585965e+01
2.209693361843839625e+02 2.178375126460919375e+01 3.806865504165042324e+01
2.211039728444187062e+02 2.188813982465588026e+01 3.807458659390329103e+01
2.212052891645805914e+02 2.193731819482529843e+01 3.813653047567331100e+01
2.213203015684533739e+02 2.203247538940950179e+01 3.821621268417103323e+01
2.214171892215865682e+02 2.204867252649201248e+01 3.832422664500589349e+01
2.214855716258874736e+02 2.211233560080484395e+01 3.834295525367666357e+01
2.215413259638631587e+02 2.213805476630923508e+01 3.839165256538226600e+01
2.215940441131737941e+02 2.217553338906251170e+01 3.837627446694892086e+01
2.216042905457929351e+02 2.223006649196846496e+01 3.844000288409758070e+01
2.216597226759919295e+02 2.224838501801434276e+01 3.847274077145103632e+01
2.216664146836617988e+02 2.223874920293006241e+01 3.847221352236189773e+01
2.216875936486763692e+02 2.225536543544240331e+01 3.851352709361825788e+01
2.217787007140394735e+02 2.234327408165150786e+01 3.858523860274485173e+01
2.218805341438849155e+02 2.245488077185661524e+01 3.862667722666979131e+01
2.218938933740111281e+02 2.245029663394267416e+01 3.863663186972891594e+01
2.219370861150980261e+02 2.239556862912983703e+01 3.873123590340976818e+01
2.219477471367445389e+02 2.241227611629222238e+01 3.872830110880033061e+01
2.219812533657193399e+02 2.242624709055390397e+01 3.883247674133024674e+01
2.219625292634510458e+02 2.242867378828470493e+01 3.881760673977553466e+01
2.219435066120190356e+02 2.240533175008393130e+01 3.878587040037132994e+01
2.219253886208831261e+02 2.246575810082174129e+01 3.873301255258408560e+01
2.219330066942608823e+02 2.243739593026792889e+01 3.867239129993939173e+01
2.219133610326871917e+02 2.247154882799737763e+01 3.865972943559562225e+01
2.219243104640918602e+02 2.249548571132436336e+01 3.863741260395707400e+01
2.219637730305331331e+02 2.247685173710549122e+01 3.872836081863307101e+01
2.219490393476531835e+02 2.252145723536714783e+01 3.870913312588860578e+01
2.219730764984351481e+02 2.253421035436095821e+01 3.870394738324474559e+01
2.219752497110269474e+02 2.258580866265747034e+01 3.873345868642874024e+01
2.219667709147771575e+02 2.257683979513894457e+01 3.875635346418423666e+01
2.220164923064443769e+02 2.264881267560886968e+01 3.877604756958448462e+01
2.220398298382426958e+02 2.270806510850290394e+01 3.875954737693577812e+01
2.220672253854664007e+02 2.276834049475792909e+01 3.872919788289211596e+01
2.220897630308260489e+02 2.276867847494327535e+01 3.869445915284139659e+01
2.219914085436884363e+02 2.274500634276147792e+01 3.860447756149549292e+01
2.215806623510352438e+02 2.253213515602292105e+01 3.838446485344052661e+01
2.212354775547358940e+02 2.234510030125300517e+01 3.815521627352060108e+01
2.211620367136609389e+02 2.232656434128788447e+01 3.812410407085867092e+01
2.212256558505496571e+02 2.245886443164125268e+01 3.817749367413752992e+01
2.213474999605689675e+02 2.255084123268133212e+01 3.823886636939431583e+01
2.214274705788248525e+02 2.265095434338336133e+01 3.833511861977905255e+01
2.215954444777417507e+02 2.268571447884582071e+01 3.844876333050181216e+01
2.216812835586159167e+02 2.270550885170105460e+01 3.852763100675284136e+01
2.217218896246842803e+02 2.270546716747819360e+01 3.858054856437283320e+01
2.217864337006802486e+02 2.273801127952538437e+01 3.862069497738912816e+01
2.218465716416598923e+02 2.278308769684529267e+01 3.863762327827260634e+01
2.218885645530887984e+02 2.282035113888056443e+01 3.865708192414372490e+01
2.218840480112119167e+02 2.284766669746041856e+01 3.868133876204617394e+01
2.218830554760676250e+02 2.287820208060601956e+01 3.860538672819408390e+01
2.218906408780274546e+02 2.287192691516472109e+01 3.862240403052636850e+01
2.219519594964545774e+02 2.288537965314220202e+01 3.867089968072138362e+01
2.220076079339721957e+02 2.285457613904955565e+01 3.874036474821603093e+01
2.220251017883658164e+02 2.281812948246220785e+01 3.881746704129892578e+01
2.220282033198666909e+02 2.275986845811186399e+01 3.881728340539822142e+01
2.220124489368269849e+02 2.276911334278175758e+01 3.883035647896749509e+01
2.220316574773609659e+02 2.285251558651954795e+01 3.884816803473535174e+01
2.220327367607528402e+02 2.297339983281246845e+01 3.873486130419794193e+01
2.219959971880048499e+02 2.294785641700445922e+01 3.878945299033601657e+01
2.220119768911681319e+02 2.293116470225072234e+01 3.875779213317320426e+01
2.220030452014700018e+02 2.294609216043694033e+01 3.877382028016304361e+01
2.220250972819633546e+02 2.298242390376126920e+01 3.876775240923542043e+01
2.220123869737930136e+02 2.295284951094267356e+01 3.878728766394855398e+01
2.220292059944165715e+02 2.297881540198236650e+01 3.880811062316786320e+01
2.220034834491103197e+02 2.296526577635175315e+01 3.878788588887662314e+01
2.220254915921795771e+02 2.295065827274099846e+01 3.880062999506549204e+01
2.220601875114068378e+02 2.299350852724007765e+01 3.877566903177689994e+01
2.221130487389959285e+02 2.295844646281204149e+01 3.882207258462460686e+01
2.221673768005894374e+02 2.293312386072512510e+01 3.887478735413338171e+01
2.221775939415925052e+02 2.295421382429086066e+01 3.883627338541232632e+01
2.221646391610881039e+02 2.296127648356402418e+01 3.886522927449173181e+01
2.221741161254852841e+02 2.296600820615890015e+01 3.886886368808484349e+01
2.219698521674669394e+02 2.283629141102220927e+01 3.871454869505850382e+01
2.213138450203126126e+02 2.239701969072559962e+01 3.829658775204872256e+01
2.207678323978792889e+02 2.206852998898184737e+01 3.794863151822952574e+01
2.207731172813775231e+02 2.211965737822010780e+01 3.790706333523353067e+01
2.209274379074069543e+02 2.226105364196181569e+01 3.808483077332119393e+01
2.211566786011225361e+02 2.238921798144714259e+01 3.831171461854429339e+01
2.213051994871713930e+02 2.251811686453528694e+01 3.840233724564174622e+01
2.214352046920662644e+02 2.258346420677177235e+01 3.847586145516242340e+01
2.214889717065520927e+02 2.261981735550783768e+01 3.851411292593952851e+01
2.215638331910061254e+02 2.265873802705193540e+01 3.861325265370775384e+01
2.216269115595983124e+02 2.267037130503162246e+01 3.858487358414467394e+01
2.216830342959760003e+02 2.272178823062866471e+01 3.849773778595940144e+01
2.217690558861502552e+02 2.273850022419352257e+01 3.854909725492493777e+01
2.217503892405134707e+02 2.273353754847199326e+01 3.854746819043155881e+01
2.217876650751555303e+02 2.277674042896445172e+01 3.857021988990858574e+01
2.217492536270906953e+02 2.283105046494807411e+01 3.850038304421006075e+01
2.217607291809838728e+02 2.292667294558744473e+01 3.850991859183935873e+01
2.217433333408440035e+02 2.296467205782615650e+01 3.848348065514078797e+01
2.217734541349622361e+02 2.293477996363333204e+01 3.856820327480267707e+01
2.217716684729829808e+02 2.295117988882705262e+01 3.855721553897700460e+01
2.217993873545840131e+02 2.295056476488971597e+01 3.859560107522762706e+01
2.218329983574163009e+02 2.289456933438182418e+01 3.865084280992219590e+01
2.218658072206086729e+02 2.289767199248332119e+01 3.867825750935642048e+01
2.218633737632741827e+02 2.291251833542505523e+01 3.862341008487808836e+01
2.218802096829069797e+02 2.289244907201907253e+01 3.869506188417193471e+01
2.219156018413160609e+02 2.298316520696780074e+01 3.863476058610270769e+01
2.219519144324298736e+02 2.303323809802777333e+01 3.862002915642398904e+01
2.219961098480666521e+02 2.305303021768177274e+01 3.857841365620205210e+01
2.220032908004046703e+02 2.306673193439579350e+01 3.857124622307142658e+01
2.220225658103750845e+02 2.310525604252241294e+01 3.851760764105603130e+01
2.219946554066690112e+02 2.313100787944472003e+01 3.858452095815129468e+01
2.219906785064880808e+02 2.313332642351620905e+01 3.866334695017946643e+01
2.220076484915944377e+02 2.315443328609121565e+01 3.872587891747199507e+01
2.220222988060286582e+02 2.318354577265650107e+01 3.873296748855936755e+01
2.220293524524968802e+02 2.319294612821165558e+01 3.874244557955715607e+01
2.220349291255551236e+02 2.315995362911856859e+01 3.879763999702577593e+01
2.220437853330118685e+02 2.317575307618298552e+01 3.879357860179850803e+01
2.220567998233490243e+02 2.320457264658763918e+01 3.884604664577197752e+01
2.219720028480463725e+02 2.309805368477264054e+01 3.878573070189471395e+01
2.213152656636916902e+02 2.271924661963484482e+01 3.836009310227505864e+01
2.203172327083704261e+02 2.203186927827711372e+01 3.769047323985552822e+01
2.199612922559726655e+02 2.182027790984040649e+01 3.754456381403879561e+01
2.202309013030262861e+02 2.197710184244265008e+01 3.758139351483620061e+01
2.204842670223720233e+02 2.222054559014719999e+01 3.778197799523672984e+01
2.206792072336772605e+02 2.237057724762456346e+01 3.792896332464349030e+01
2.208609752305588074e+02 2.253194138071665265e+01 3.804343270701849633e+01
2.209756530340481220e+02 2.260587679946283757e+01 3.811489411080793133e+01
2.210346193103852386e+02 2.268941085547291436e+01 3.816510895354574728e+01
2.211340587139177956e+02 2.270248392904218804e+01 3.822774456809511889e+01
2.212158994891992734e+02 2.277737583171290581e+01 3.827558904313303145e+01
2.213097070162433226e+02 2.272811409309776920e+01 3.830606358984527304e+01
2.213666679434807065e+02 2.270427071762206239e+01 3.833063700252133543e+01
2.213960564471973669e+02 2.272017043214146526e+01 3.831864771874641207e+01
2.214285070513932681e+02 2.271665318501260700e+01 3.836507267700585544e+01
2.215172854332793406e+02 2.275638162919968721e+01 3.838021193610822479e+01
2.214986649782678683e+02 2.283872712155795170e+01 3.839931682938534863e+01
2.214937000493451080e+02 2.288339796265544379e+01 3.844216257748195886e+01
2.215520455687417893e+02 2.292951085254374988e+01 3.849085538278509233e+01
2.215456588698393148e+02 2.291990770887738904e+01 3.849424307084289865e+01
2.215775123757077836e+02 2.296432281163463074e+01 3.849090607981289480e+01
2.216013365989729778e+02 2.293216287039811974e+01 3.850387437952471004e+01
2.216144141789447417e+02 2.292391728047623545e+01 3.850470355757943253e+01
2.216596100159301272e+02 2.297207720368713879e+01 3.851445203272549378e+01
2.216854914119234934e+02 2.296068727144090005e+01 3.853612895521312254e+01
2.216830128905642709e+02 2.293840536442150224e+01 3.852968930608161457e+01
2.216741544299062809e+02 2.297574541529878545e+01 3.850714039471579042e+01
2.216889388098140330e+02 2.304924821940772262e+01 3.848286327800222040e+01
2.217344140437526505e+02 2.311207648266274362e+01 3.844502864945371101e+01
2.217848542066140567e+02 2.314888027164593964e+01 3.849293170772374850e+01
2.217949699535615196e+02 2.317108556982332601e+01 3.852792730271533372e+01
2.218159044462420013e+02 2.308461671920380809e+01 3.857449195945139309e+01
2.218686338615588056e+02 2.316160747882554105e+01 3.863159709156784771e+01
2.219130061534925744e+02 2.317400684522535315e+01 3.868180292150071864e+01
2.219705055958252728e+02 2.318895796202454562e+01 3.871912269356688796e+01
2.220260481328847959e+02 2.322624844247464537e+01 3.876491788208096523e+01
2.220877396561164403e+02 2.328649791691545801e+01 3.878264944920496049e+01
2.221490672873484868e+02 2.335872540912501449e+01 3.880729947072303077e+01
2.221707825142571266e+02 2.334307692654338595e+01 3.884146588765989350e+01
2.221791869548661396e+02 2.331703667986291606e+01 3.883081275221771023e+01
2.220016459635026536e+02 2.330689051469875750e+01 3.863678058101046986e+01
2.210061501127727297e+02 2.270123678215825080e+01 3.798895142774096456e+01
2.198095357729494310e+02 2.196155024751415397e+01 3.725280129243623151e+01
2.196321536322730594e+02 2.179682321157784841e+01 3.715461016238821657e+01
2.198770867459943759e+02 2.199937248345586838e+01 3.730654239510784720e+01
2.202388562299887553e+02 2.225521672416085295e+01 3.750186114422065486e+01
2.204635837616293372e+02 2.233157884063783527e+01 3.770488584155939549e+01
2.206730289558890661e+02 2.240524387523574035e+01 3.786472906381742121e+01
2.207761117858196940e+02 2.247828364649075183e+01 3.793898894354153839e+01
2.208666747030844135e+02 2.249045881936761759e+01 3.803084069191303485e+01
2.209672395806341854e+02 2.254397009551319897e+01 3.807254744678502334e+01
2.210509629055480616e+02 2.266076928796587708e+01 3.810015254172365218e+01
2.210893709738110431e+02 2.276167777870409381e+01 3.808909833646152521e+01
2.211055241734694619e+02 2.272885201650244724e+01 3.813165454819935718e+01
2.211195030339354730e+02 2.276981408836604714e+01 3.812847753445708321e+01
2.211490379957324421e+02 2.283862910730420381e+01 3.811966301122319578e+01
2.211879034638462542e+02 2.277793687882058293e+01 3.818808146674387416e+01
2.212364295322579437e+02 2.276802391998431929e+01 3.819684529294995912e+01
2.212597174936290685e+02 2.276263876903109917e+01 3.824733615283914645e+01
2.213157365827499348e+02 2.278946087654034613e+01 3.826797998256022026e+01
2.213615869746942906e+02 2.281515751003237824e+01 3.832562362977199655e+01
2.214263417250058126e+02 2.287597479118457500e+01 3.838244260533152641e+01
2.214490708924704734e+02 2.290105630073927401e+01 3.839004828610247699e+01
2.214981658941941873e+02 2.289479465450538953e+01 3.831440381421904817e+01
2.215104492207303508e+02 2.292343058900933528e+01 3.831143071518860665e+01
2.215161058824324698e+02 2.295956405062492678e+01 3.836943374799746920e+01
2.215214752609770414e+02 2.298739784548897802e+01 3.839351596280415180e+01
2.215455642353874168e+02 2.297546939814741762e+01 3.844519989274762395e+01
2.215614808489160907e+02 2.299193804597882362e+01 3.843802232021143794e+01
2.215861263640316849e+02 2.301037599169019288e+01 3.844692133849166282e+01
2.215956506456548141e+02 2.303818838114250767e+01 3.846396229943692191e+01
2.216216999051402183e+02 2.304928877702996459e+01 3.845255434158080021e+01
2.216665724077483048e+02 2.305872067740241960e+01 3.844239578380985023e+01
2.216624772145025020e+02 2.310794974459964024e+01 3.842050142740298213e+01
2.216761609056066504e+02 2.314803194138071518e+01 3.848345361672595999e+01
2.217160504536820724e+02 2.316276900406252182e+01 3.850321531816327791e+01
2.217505120399808050e+02 2.313971199581805749e+01 3.848795325959356717e+01
2.217665660987848355e+02 2.313123995917199238e+01 3.855309105411513571e+01
2.217773532997005361e+02 2.315055102036217960e+01 3.861632827339442287e+01
2.218049223434194062e+02 2.314939400152767135e+01 3.865626288549456291e+01
2.218513810996973916e+02 2.318611216886391446e+01 3.868787755203204881e+01
2.218447037378355162e+02 2.324680890375000430e+01 3.866933933886569008e+01
2.217432274403859367e+02 2.321464558271163625e+01 3.855743071969500591e+01
2.209527988139148817e+02 2.275321926126544270e+01 3.803191546890244013e+01
2.196096858361517263e+02 2.196332351688661788e+01 3.714340161284144415e+01
2.192215651637063445e+02 2.170946885287271755e+01 3.691107853983547216e+01
2.194689261017590809e+02 2.172313677156820688e+01 3.712363878480351076e+01
2.198524479904824886e+02 2.186777539188802422e+01 3.741144017863379645e+01
2.201346805974588392e+02 2.199700887535966842e+01 3.760350192536045455e+01
2.203314447751643286e+02 2.213440120050561788e+01 3.770815523655232937e+01
2.204985748502184606e+02 2.221558404102628970e+01 3.777603968338016216e+01
2.205715233668234134e+02 2.221999918884755587e+01 3.794267743396430603e+01
2.206611590917796377e+02 2.226554201882324335e+01 3.804482293218089950e+01
2.206993643719314093e+02 2.226822332829367213e+01 3.812996464727261525e+01
2.207311119773418113e+02 2.230997627379098702e+01 3.810330251705109816e+01
2.208006604132821735e+02 2.236588270285007596e+01 3.804865224768089149e+01
2.208304522400200085e+02 2.244576206645591654e+01 3.800339895406398938e+01
2.208515500897900665e+02 2.246131028158255916e+01 3.793601359130985173e+01
2.208903152904489104e+02 2.251515277830978334e+01 3.796406932649561838e+01
2.209104251114771387e+02 2.254969885965485332e+01 3.797471232253224116e+01
2.209364890167705653e+02 2.258000666947565804e+01 3.797576682071052545e+01
2.210273335841897335e+02 2.261608042125850204e+01 3.803938145119678893e+01
2.210557960221985354e+02 2.267611246178007534e+01 3.803325049063457186e+01
2.211032518200233028e+02 2.272003186026547183e+01 3.808027142062084636e+01
2.211544873629208610e+02 2.274243769335283005e+01 3.813334782892795261e+01
2.211761575258047969e+02 2.277838864566833266e+01 3.811801141471745780e+01
2.212215155932791504e+02 2.276204279730427160e+01 3.816808092597558044e+01
2.212527235569936011e+02 2.277071311565907408e+01 3.818312893042790535e+01
2.212921568318188008e+02 2.279001065764184375e+01 3.821092667407219068e+01
2.212990538808011536e+02 2.279873279962506771e+01 3.819061631813399060e+01
2.213041697742067129e+02 2.282677276240218234e+01 3.818625074073990788e+01
2.214140798038813784e+02 2.280444579135807359e+01 3.835589088197055929e+01
2.214428667028680877e+02 2.281527580309725067e+01 3.838863552892772191e+01
2.214823022308945326e+02 2.285465274789156709e+01 3.838698055262013753e+01
2.215102757242352141e+02 2.282124340656988437e+01 3.842679123865231361e+01
2.215453907388922801e+02 2.283722310973315217e+01 3.843319708976528659e+01
2.215186317210176412e+02 2.292195699540121723e+01 3.842999754401065360e+01
2.215311054430582374e+02 2.301801547047968555e+01 3.840032739013953744e+01
2.215152947299876303e+02 2.303404023766766784e+01 3.836202522233462986e+01
2.215400731839761477e+02 2.304014303321443791e+01 3.837597929758704396e+01
2.215729845678247329e+02 2.309120958601933538e+01 3.840460509268543632e+01
2.216044212314646131e+02 2.307260940981900177e+01 3.841508698483369955e+01
2.216193824876693554e+02 2.303429034300482314e+01 3.850589099463061871e+01
2.215434372134209582e+02 2.302026078551101307e+01 3.839352948201156579e+01
2.210617253212501794e+02 2.270542773645657064e+01 3.807360645136577659e+01
2.198558852489674678e+02 2.196071543645634705e+01 3.742071998792284404e+01
2.194131312061611538e+02 2.157291809838828556e+01 3.714774465822316785e+01
2.195799289340330347e+02 2.169913567200600113e+01 3.723882581177207385e+01
2.199019395556236418e+02 2.191497770457377214e+01 3.749206647844926010e+01
2.202159468064252223e+02 2.214572241011417120e+01 3.764942441974434928e+01
2.203801725050865912e+02 2.221470078614191124e+01 3.777265086872173327e+01
2.205106734142532900e+02 2.237096592483771218e+01 3.777444441690531818e+01
2.206262795366517082e+02 2.242808457616158080e+01 3.781189149484129786e+01
2.207418394684247573e+02 2.247425942908387242e+01 3.785146897454558257e+01
2.208160554107248004e+02 2.255603486152951831e+01 3.791276506096036059e+01
2.208819040902361905e+02 2.260036772244166059e+01 3.793980460238884689e+01
2.208612377285027719e+02 2.257117862703436018e+01 3.793736213224939036e+01
2.208619497400932516e+02 2.258478458269586397e+01 3.795493710188750924e+01
2.209114593308443091e+02 2.264850849344205841e+01 3.797702072719816613e+01
2.209484535153319200e+02 2.270016425837008001e+01 3.801744879036891689e+01
2.209992767224033514e+02 2.272043743648789160e+01 3.804963802322149036e+01
2.210562376496407353e+02 2.271738885521604701e+01 3.809519437240459183e+01
2.211195221861459572e+02 2.278219204935411923e+01 3.808636632996329752e+01
2.211773967864843939e+02 2.271308749405718075e+01 3.816074788255414063e+01
2.211768875630051525e+02 2.279297587046796636e+01 3.816839299434671773e+01
2.212450885846065773e+02 2.283739097322520806e+01 3.820590090871606037e+01
2.212752950003717842e+02 2.277310714197195551e+01 3.825362596408847793e+01
2.212935718421948081e+02 2.277370762010125915e+01 3.828406333298033104e+01
2.213032076572790743e+02 2.280176448188764127e+01 3.825205322962599297e+01
2.213337610660345547e+02 2.283075078918373180e+01 3.829499811857697011e+01
2.213609234069303966e+02 2.279511190523937003e+01 3.835036265273888034e+01
2.214079533497216232e+02 2.285601030163605074e+01 3.832052350877508928e+01
2.214682738000013558e+02 2.286997000989155282e+01 3.834611198860781656e+01
2.214868536973905577e+02 2.289094618679488846e+01 3.838664707883725669e+01
2.215330161577060721e+02 2.293097543334692645e+01 3.840542863773706728e+01
2.215587195508018112e+02 2.295779528765493538e+01 3.843263716925822138e+01
2.215545218368997666e+02 2.299879341073830474e+01 3.843449155387516925e+01
2.215673932489584672e+02 2.302712065667296670e+01 3.840440343117484190e+01
2.216078584899495922e+02 2.306570785443418714e+01 3.842877630894092533e+01
2.216694576319305554e+02 2.307110877779605218e+01 3.846461460119464704e+01
2.216905881531185400e+02 2.314148526519051785e+01 3.844785303720260572e+01
2.216617449241009297e+02 2.315769366827920805e+01 3.852204419428903748e+01
2.216550337642205193e+02 2.316184631815652040e+01 3.856608413904054089e+01
2.216209507157293785e+02 2.314645695371699219e+01 3.855560337349289313e+01
2.211032720988344238e+02 2.284825027658045116e+01 3.818417103599939821e+01
2.201718651774508544e+02 2.220853264775930569e+01 3.759149686917688626e+01
2.198367634566810693e+02 2.198329251283761465e+01 3.739056652238667766e+01
2.200798647177978182e+02 2.211858710763317148e+01 3.750527587069328916e+01
2.203982488119996503e+02 2.237141318528298939e+01 3.769997273626504608e+01
2.206176103448975141e+02 2.254466858789625405e+01 3.781291782800413870e+01
2.207980714850623940e+02 2.264250596535027071e+01 3.791925540711966391e+01
2.208794875319109678e+02 2.275526516798741739e+01 3.792650958849785781e+01
2.209280023343164885e+02 2.280567153283026727e+01 3.798711506873390675e+01
2.210023207972727164e+02 2.291787982776529731e+01 3.800070525198675853e+01
2.210614616967056065e+02 2.294446196934294235e+01 3.801156455534200518e+01
2.211110298706887818e+02 2.298352459256488700e+01 3.803884856910455881e+01
2.211376413038825035e+02 2.291084420690696177e+01 3.810305691811641537e+01
2.211137246993666281e+02 2.285505832411398330e+01 3.807632381205598193e+01
2.210987848485736151e+02 2.282977965945116594e+01 3.810826406617201201e+01
2.211770689457046046e+02 2.287807477473620565e+01 3.817960154389349015e+01
2.212235750192085391e+02 2.292421470303934328e+01 3.817798599860752518e+01
2.212675034304988912e+02 2.289839076367749371e+01 3.830673279061226566e+01
2.212840024965469752e+02 2.298568315934864614e+01 3.829594220989470443e+01
2.213020776768593976e+02 2.297684272430054975e+01 3.827500433741237629e+01
2.213588560947966926e+02 2.302881281080094666e+01 3.835063416348777565e+01
2.213863834542926838e+02 2.307314454511246993e+01 3.836140671859544682e+01
2.214133035760556822e+02 2.305898993495008042e+01 3.834854206614046745e+01
2.214134579203403348e+02 2.311259809874879778e+01 3.832533747321507178e+01
2.214744453181858148e+02 2.314503067733482311e+01 3.834618634424859351e+01
2.215162793789276066e+02 2.320186091890052893e+01 3.834469134522873190e+01
2.215451248611464621e+02 2.324267202628134044e+01 3.835180244832846341e+01
2.215571501961411798e+02 2.326444808962333255e+01 3.834273556655618620e+01
2.215484100285480622e+02 2.325914856031706890e+01 3.836398438080903617e+01
2.215598867090418764e+02 2.327251342344636242e+01 3.838711349149303942e+01
2.215753233907073536e+02 2.331478460522787799e+01 3.841866506839592432e+01
2.216361586974694262e+02 2.331307667869124955e+01 3.842308922902213197e+01
2.216573196368740923e+02 2.333474120857207978e+01 3.842776349498549848e+01
2.216452075536318205e+02 2.327705024413435453e+01 3.841682082318453695e+01
2.216774621293202188e+02 2.334303974872299747e+01 3.839426853201686640e+01
2.217154792671688313e+02 2.336426828416472645e+01 3.843735086624321440e+01
2.216211411112337828e+02 2.329643002796222717e+01 3.837720278585801026e+01
2.208697931335945555e+02 2.278927386083778472e+01 3.789772606931297361e+01
2.197692158634379780e+02 2.205636157570868860e+01 3.719205611372357367e+01
2.195541399192903214e+02 2.192342495600624730e+01 3.704039877155468474e+01
2.197615268142212983e+02 2.209066994432339825e+01 3.718950211012295881e+01
2.201128256720735976e+02 2.226280663252315861e+01 3.740588378438666695e+01
2.203398717477856792e+02 2.227989040429189771e+01 3.765935765739173746e+01
2.205063314954721818e+02 2.234212832882317556e+01 3.780149409773936497e+01
2.206000781860828681e+02 2.234694567306500801e+01 3.789641695939506150e+01
2.207120960855134797e+02 2.239877718768940795e+01 3.791785616915232282e+01
2.207634803396926202e+02 2.244885796495370656e+01 3.793871630619202051e+01
2.207922311874595778e+02 2.252775380622018631e+01 3.801903617063943841e+01
2.207758650602843886e+02 2.255877588083269458e+01 3.799790677605207634e+01
2.206976891168127111e+02 2.256865391504980778e+01 3.792426427346652673e+01
2.206362578383237860e+02 2.258260573710098740e+01 3.790946074134826915e+01
2.206961028631428121e+02 2.260966217753873764e+01 3.794056843760773035e+01
2.207384393877601667e+02 2.266027921669712342e+01 3.787012097437434477e+01
2.208116751875226669e+02 2.270963558976415797e+01 3.786272822112015746e+01
2.208500494577671134e+02 2.276648498354036576e+01 3.784050264413164655e+01
2.209130016470901126e+02 2.281590782604385126e+01 3.789754693981474531e+01
2.209265490195194843e+02 2.280644325425348029e+01 3.788209561234123157e+01
2.209793922214986992e+02 2.273812393958716882e+01 3.809175711391959851e+01
2.210286990241385467e+02 2.278077591237751065e+01 3.815285942502811167e+01
2.210673436785312731e+02 2.281356900316124126e+01 3.821062249190537585e+01
2.210740942694332887e+02 2.282452857397147028e+01 3.821633210383652823e+01
2.210968561083158761e+02 2.280738509236998368e+01 3.827654440045694884e+01
2.211554889108701047e+02 2.285623562175961609e+01 3.822482892569617974e+01
2.211739088309716124e+02 2.289674705337608529e+01 3.818702246216312091e+01
2.212130660886454336e+02 2.292318161027279544e+01 3.815212375482466456e+01
2.212401011236714510e+02 2.292627976197181994e+01 3.815718895120242138e+01
2.212267452733471202e+02 2.293553365944665856e+01 3.815254285025449832e+01
2.212290052341864737e+02 2.298175808279613364e+01 3.817318893317681017e+01
2.212344377023656250e+02 2.307070883457672394e+01 3.813644598062697355e+01
2.212585390693828344e+02 2.311828517866759114e+01 3.810600410533265148e+01
2.213006818186939029e+02 2.310060768837325540e+01 3.815764860425449712e+01
2.213002751158708747e+02 2.309675471426028537e+01 3.814416432145971214e+01
2.205639097998481475e+02 2.268641860423196377e+01 3.760419929114289062e+01
2.189913792520723916e+02 2.169533001511898007e+01 3.668746634280654462e+01
2.182573482525297948e+02 2.111340587139178027e+01 3.622549024025884989e+01
2.181079801628163182e+02 2.062333798243854943e+01 3.615488617953958084e+01
2.184176612672454496e+02 2.038586071160601421e+01 3.640068564913600824e+01
2.188670994315173175e+02 2.029114401786338107e+01 3.669393866335596499e+01
2.191816497038167029e+02 2.031417398769301386e+01 3.691317176378339582e+01
2.194535513831275750e+02 2.028391011529630816e+01 3.702664185141038899e+01
2.195607181402978370e+02 2.029737411927996860e+01 3.712608463474481368e+01
2.196409287244853203e+02 2.034979935242996518e+01 3.716937088368299413e+01
2.196115413473692684e+02 2.044804455930763609e+01 3.717881855646409406e+01
2.195696768684107951e+02 2.045109426718009615e+01 3.724180454380561400e+01
2.194863275749020488e+02 2.045312440149342237e+01 3.714640850989042775e+01
2.194285408494118030e+02 2.044085572076527768e+01 3.718469941168915938e+01
2.194459333097498188e+02 2.045226255202078391e+01 3.714990660480878404e+01
2.194666740271240428e+02 2.048431997260107451e+01 3.713937401563271123e+01
2.195722635434293295e+02 2.059004693418173915e+01 3.716784771964768908e+01
2.196664349624729198e+02 2.065097574879510134e+01 3.720901257962249531e+01
2.196904112768215498e+02 2.065657270066446927e+01 3.728925132882542925e+01
2.197649415406939397e+02 2.071838589676282538e+01 3.727400053626189447e+01
2.198057458884710513e+02 2.077033795765333579e+01 3.732880627651736205e+01
2.198834734448968504e+02 2.085256515694673141e+01 3.732268545536070548e+01
2.199425884325154925e+02 2.086802549722518307e+01 3.737770862953541240e+01
2.199972364486844754e+02 2.088970016651157025e+01 3.742211133968585557e+01
2.199978741046341497e+02 2.092296868275602506e+01 3.747900241768492435e+01
2.200681368053662368e+02 2.097236448684468613e+01 3.749190988096337662e+01
2.201200145106159596e+02 2.101837823587862530e+01 3.751516066451410580e+01
2.201336227194786943e+02 2.107485810465218634e+01 3.747687314251723478e+01
2.201455973574455811e+02 2.108838294506920619e+01 3.750642500332347140e+01
2.201940321712072546e+02 2.111490988321657980e+01 3.751629177153440509e+01
2.202419600146908749e+02 2.114192125962961910e+01 3.755168280334284958e+01
2.203017667350888757e+02 2.117123090130302643e+01 3.758443984290681072e+01
2.203448716013275828e+02 2.124225293085150668e+01 3.766521147420197480e+01
2.203478830047790495e+02 2.125406871813128618e+01 3.769543591557705753e+01
2.203692906697189926e+02 2.123010817619132240e+01 3.768001838612208587e+01
2.203975131417961961e+02 2.125463089183958232e+01 3.773162458062292046e+01
2.204467917794206073e+02 2.132650913785760949e+01 3.775096268022793566e+01
2.201649951668833580e+02 2.112106900879424387e+01 3.759435843474616235e+01
2.183185159064741185e+02 1.992090137062231037e+01 3.648540601559665930e+01
2.167109154080660005e+02 1.857317158352729791e+01 3.566369506977037673e+01
2.162566565197504360e+02 1.786843445324945279e+01 3.519198063148218125e+01
2.164392086306620229e+02 1.775384227140710180e+01 3.526989633021114656e+01
2.169591855128173279e+02 1.793094388852962950e+01 3.549363132670742260e+01
2.174941518161928684e+02 1.818095121143364423e+01 3.579121837350415802e+01
2.177649832249167900e+02 1.829743608231394703e+01 3.594197218197754751e+01
2.178359804692516946e+02 1.840950580537298364e+01 3.617979869900160850e+01
2.178874537248796344e+02 1.847348883426127841e+01 3.632729663168947098e+01
2.179415485801452519e+02 1.847984962134953335e+01 3.641842960886679492e+01
2.180240585561937223e+02 1.853924287932079551e+01 3.647758853390955380e+01
2.180440455777545878e+02 1.853605121977048853e+01 3.651930655478771115e+01
2.180707403793940102e+02 1.860801734063671020e+01 3.645222199439854194e+01
2.180379619344183197e+02 1.863018095459123558e+01 3.639609700481959464e+01
2.180544655068688940e+02 1.863051555497473188e+01 3.635180695473093238e+01
2.181217179307501226e+02 1.868647268106161974e+01 3.631913441021330868e+01
2.182268252619909674e+02 1.875513222911451550e+01 3.635880877757073648e+01
2.183294743506837392e+02 1.881492092390263338e+01 3.648574286918138654e+01
2.184157336535883474e+02 1.887447979216471694e+01 3.658645420481148847e+01
2.185552045568741732e+02 1.894921509734955833e+01 3.664564354807092172e+01
2.186150326826839319e+02 1.897910155853929481e+01 3.668072701791069790e+01
2.186971055376926643e+02 1.900439148920829169e+01 3.667915653664944386e+01
2.187547311592945789e+02 1.907181402978281426e+01 3.670897878160396033e+01
2.188289583676007624e+02 1.907886880285165176e+01 3.673121900440050069e+01
2.188327009348531931e+02 1.912279383434013980e+01 3.671198793185418197e+01
2.188909078823738810e+02 1.917526413151485087e+01 3.677633259954080103e+01
2.189679898966456619e+02 1.919013751287141289e+01 3.679467365759903430e+01
2.190057535493552336e+02 1.922533476937358898e+01 3.692770040535090459e+01
2.190497360374752418e+02 1.927230162253021106e+01 3.691904585940474703e+01
2.191001897195440336e+02 1.927618614146048159e+01 3.691490672873484868e+01
2.191447512803815982e+02 1.936270568910779843e+01 3.705939100477002768e+01
2.192229306036551293e+02 1.941082730789769428e+01 3.704831426749554169e+01
2.192470218312667782e+02 1.952935132589626832e+01 3.703910092764294859e+01
2.192886024068695576e+02 1.953413036571709327e+01 3.706036438770382802e+01
2.193393985755261895e+02 1.955264041386800145e+01 3.707041141201361967e+01
2.193458190724471706e+02 1.958166389898448045e+01 3.705166365113234406e+01
2.193864217587136807e+02 1.962136868455858618e+01 3.705884685667161449e+01
2.194162856878910759e+02 1.967592882587936742e+01 3.712942613217729360e+01
2.194884838884845522e+02 1.973493565983871534e+01 3.723880665956157543e+01
2.195262711998071268e+02 1.969950069060617892e+01 3.724850105787798071e+01
2.191658739153652675e+02 1.949364033951236053e+01 3.706275841401671300e+01
2.171661116280956207e+02 1.823172034167543387e+01 3.571231915243582478e+01
2.154946700524770620e+02 1.692564323262275039e+01 3.472268500472045361e+01
2.150778064184690379e+02 1.625393127285591177e+01 3.444063152724233134e+01
2.153802468607273681e+02 1.618256450351837472e+01 3.451476410109663107e+01
2.160620723142404529e+02 1.642798768850844837e+01 3.494632536676483170e+01
2.165858413340753827e+02 1.670313172439743710e+01 3.527885393172349637e+01
2.168630369096894412e+02 1.687267385137434061e+01 3.547209522929702530e+01
2.170208545040366062e+02 1.694087487297577965e+01 3.563544781247958326e+01
2.170309296933618555e+02 1.696967416456931232e+01 3.572184005425708619e+01
2.171367096051715464e+02 1.704283222888919269e+01 3.583106511075610712e+01
2.172807150759441583e+02 1.708374022392314018e+01 3.589085943854731653e+01
2.174165898700578907e+02 1.712487015927879597e+01 3.597151728318007713e+01
2.174259102369691732e+02 1.714418572687145215e+01 3.596064896701989255e+01
2.174335012719321014e+02 1.714610770752546642e+01 3.599334967655295969e+01
2.174883881274320458e+02 1.717028680998528500e+01 3.603229288010941644e+01
2.175822846559248944e+02 1.721893117146185403e+01 3.603143328383801247e+01
2.176815494363617063e+02 1.733179514795645915e+01 3.606072264670029881e+01
2.177737526841259807e+02 1.742009472457994690e+01 3.601033430746733188e+01
2.178769549337220894e+02 1.751791069662222711e+01 3.601029037004323641e+01
2.179621563586465527e+02 1.759208270149815334e+01 3.603015797193863534e+01
2.180551448470414471e+02 1.765436005705105416e+01 3.610288116842003348e+01
2.181481322088357047e+02 1.768791022344996477e+01 3.630834495609637713e+01
2.182287765342610442e+02 1.771236421646053572e+01 3.643210090736413775e+01
2.182548607183656202e+02 1.775505224047064701e+01 3.648102128599207106e+01
2.183519421468050723e+02 1.778764254314317128e+01 3.657980838776691712e+01
2.183724507844520133e+02 1.790875999576398314e+01 3.651130205739804779e+01
2.184770443858111548e+02 1.803973407719016819e+01 3.650184762501324087e+01
2.185425933895582205e+02 1.815895884077302824e+01 3.646542124723701050e+01
2.185661066710528928e+02 1.818812089776550067e+01 3.652370593020032885e+01
2.185863111265330190e+02 1.818535284004749641e+01 3.649945923170344031e+01
2.186059511551036110e+02 1.822283371600201107e+01 3.651222699650528369e+01
2.186277700292690724e+02 1.828294011216435777e+01 3.657140394715792553e+01
2.186807878543440609e+02 1.834791342299572037e+01 3.657027284013762625e+01
2.186891246989159754e+02 1.838213616996347710e+01 3.661047220338295460e+01
2.187261560612239748e+02 1.841417443833326217e+01 3.663285550445795735e+01
2.187612338980606808e+02 1.845580796416508917e+01 3.668424651824079064e+01
2.188251256722989240e+02 1.846293033327099309e+01 3.674777778028133213e+01
2.189158778584674110e+02 1.851995209694172928e+01 3.675302773916040877e+01
2.189539186549289980e+02 1.857452801067116255e+01 3.681445901764932671e+01
2.189732094373080429e+02 1.857855222807804196e+01 3.684354671900101863e+01
2.190139743540635493e+02 1.861525011660316409e+01 3.682364081268462286e+01
2.190596028056861826e+02 1.866338638120109295e+01 3.682107441647720947e+01
2.189053430160901144e+02 1.862960638827614446e+01 3.669760011536390465e+01
2.173104010022238981e+02 1.763581057787851947e+01 3.575176707306906110e+01
2.153384015339794075e+02 1.620430113583874387e+01 3.453926541133315453e+01
2.147314398181216006e+02 1.539289971226620146e+01 3.421446645321340441e+01
2.148789940808403571e+02 1.524575440557171646e+01 3.441601530374279605e+01
2.153951529135018461e+02 1.546354095080585722e+01 3.474451289169086721e+01
2.160861083384218091e+02 1.572845545308497073e+01 3.509873415154580556e+01
2.163961161570300931e+02 1.591958324789945323e+01 3.533086570244675073e+01
2.165951346625718372e+02 1.602276747188568251e+01 3.546101736542192384e+01
2.167181110062120695e+02 1.611237052542399439e+01 3.548218844423214335e+01
2.168610811310169026e+02 1.619300133164193056e+01 3.557734225901449321e+01
2.169764720726972769e+02 1.626421938969791370e+01 3.566802121614283294e+01
2.170442337200577754e+02 1.630421934463388922e+01 3.566811585059473089e+01
2.171118827073564717e+02 1.632875107308708706e+01 3.570383472318296469e+01
2.171025116434173867e+02 1.631557998526406550e+01 3.579500600478129257e+01
2.171537922503396771e+02 1.634754164479183913e+01 3.585508761573004932e+01
2.172307604779490475e+02 1.635618379813119461e+01 3.590119149281341748e+01
2.173320362404886623e+02 1.646254503585969786e+01 3.597645179388616299e+01
2.174176939386633478e+02 1.662711547431012704e+01 3.594965447159051308e+01
2.175088933852771333e+02 1.677025120940576386e+01 3.592172829547579482e+01
2.175401193746014599e+02 1.688782212328165144e+01 3.591875181664349270e+01
2.176030253732991184e+02 1.695061884171937194e+01 3.589025896041801644e+01
2.176757958870064726e+02 1.701247484864120807e+01 3.592728468972292433e+01
2.177311930925862953e+02 1.705495670473825598e+01 3.597459740926922223e+01
2.178121235745685738e+02 1.707424072751361521e+01 3.611551486774835240e+01
2.178655548620702973e+02 1.711108845392090672e+01 3.615894419496499523e+01
2.179417558746589236e+02 1.714738301942484711e+01 3.621159474823856073e+01
2.179694139198265930e+02 1.717598628251087689e+01 3.626199210027646558e+01
2.180397340771901611e+02 1.721709030605232371e+01 3.630330341833159480e+01
2.180473037067413600e+02 1.723479145495963394e+01 3.630265449637572317e+01
2.180963311124279755e+02 1.726206082291415456e+01 3.634667528891672816e+01
2.181879440214684962e+02 1.730649282468066374e+01 3.637791817725032928e+01
2.181999885086736981e+02 1.733881499640614265e+01 3.639951849089594305e+01
2.182402667339622724e+02 1.737547908691272980e+01 3.645315369310948483e+01
2.182722655713104416e+02 1.753834497862838759e+01 3.639401504687785405e+01
2.183283387372609639e+02 1.756886233616410564e+01 3.641806121046477074e+01
2.183727132823959778e+02 1.764560524364991423e+01 3.641368549366512752e+01
2.184129227850468453e+02 1.767489911291467308e+01 3.643636058430014657e+01
2.184535288511152089e+02 1.774120406567631036e+01 3.647691257353885419e+01
2.185147990257157744e+02 1.776440527879985609e+01 3.647773949839233865e+01
2.185621286442713540e+02 1.780738283916874920e+01 3.650200422249911725e+01
2.185970611496283311e+02 1.786027673817576300e+01 3.651431008104764686e+01
2.186335697692496751e+02 1.786031391599615148e+01 3.655638861412351304e+01
2.186265104897783544e+02 1.791391306698992736e+01 3.658090569676868142e+01
2.178001106321806617e+02 1.736804352283506958e+01 3.605758393737902878e+01
2.158198205099895688e+02 1.607962700506745080e+01 3.497124126602871286e+01
2.150383742702444465e+02 1.529310542953901830e+01 3.454390137287550999e+01
2.151154833229310555e+02 1.508907129804669900e+01 3.461302282718171597e+01
2.157085968639945293e+02 1.527171353700770418e+01 3.497283653250355684e+01
2.163137695380712273e+02 1.555491051411292602e+01 3.534526703814444204e+01
2.167012964919910019e+02 1.576062440712642498e+01 3.550420447350573028e+01
2.169236998465569854e+02 1.586110929603233721e+01 3.561819955702063822e+01
2.170294099091283897e+02 1.594095260841841011e+01 3.570647998143362400e+01
2.171486695973304109e+02 1.601827233542054785e+01 3.578118824820363386e+01
2.171794449464076138e+02 1.616534891947734920e+01 3.584959205791628278e+01
2.172492040566635012e+02 1.625612701746005584e+01 3.584682738000013558e+01
2.172571296920099257e+02 1.634305326793041147e+01 3.588886084905129081e+01
2.172847054953325028e+02 1.638866932694626044e+01 3.584409875330375428e+01
2.173307778275985527e+02 1.642332018214878886e+01 3.584042040228654713e+01
2.173886389087295754e+02 1.640857523326265621e+01 3.587988972833152701e+01
2.174938938246513658e+02 1.647748263345147635e+01 3.595232564165538491e+01
2.175872923956711418e+02 1.656484262515969519e+01 3.597988341936806478e+01
2.176458057785598896e+02 1.660994720749504694e+01 3.600439824881200224e+01
2.177036916449044952e+02 1.666768548915872117e+01 3.605618695261292572e+01
2.177900568482671702e+02 1.670815073014986041e+01 3.613726727247737358e+01
2.178825462525883552e+02 1.676406729861450629e+01 3.614268734804974059e+01
2.179391838454484116e+02 1.683999905365548244e+01 3.615314107518256748e+01
2.179350841458001469e+02 1.687126898040390799e+01 3.620345393217413488e+01
2.180320213693605069e+02 1.692120893259097869e+01 3.626091957648829833e+01
2.180583229873843152e+02 1.701881873672019552e+01 3.619229157325269597e+01
2.181015416402854328e+02 1.714802405517639272e+01 3.614893998147868359e+01
2.181790190913740730e+02 1.720051237796098675e+01 3.620785781398922865e+01
2.182396234450094994e+02 1.725992478814275444e+01 3.615273211915829421e+01
2.182993411639587009e+02 1.728431231171687088e+01 3.622656276404701714e+01
2.183829022583836093e+02 1.731540085576583010e+01 3.623787721405186346e+01
2.184712198606169693e+02 1.734157854772167440e+01 3.629414077550680418e+01
2.185286866315317411e+02 1.739912418067969924e+01 3.633488316024992315e+01
2.185722736828348900e+02 1.741900642838312407e+01 3.634068402683111998e+01
2.186297303143441013e+02 1.748995410229083092e+01 3.639913094028340623e+01
2.186496148152487535e+02 1.751464918783361568e+01 3.650083593765842949e+01
2.186825476045090966e+02 1.756292853071000692e+01 3.658154560591960802e+01
2.186802110348277211e+02 1.762951964002856897e+01 3.654862408266544804e+01
2.187366976632050068e+02 1.766649467230567794e+01 3.664013897745221726e+01
2.188164981647675802e+02 1.770935844601217113e+01 3.673067823610394811e+01
2.188908752109559543e+02 1.777449511393312065e+01 3.678606980868068632e+01
2.189529948424223846e+02 1.781272630589910477e+01 3.682851448695734575e+01
2.189507562869947606e+02 1.783663953061311958e+01 3.677786364978042855e+01
2.179990288702674377e+02 1.722022000256864871e+01 3.627464945821776610e+01
2.165578103841032203e+02 1.632886260654825250e+01 3.539535457501244764e+01
2.161534475105506203e+02 1.584268824933023545e+01 3.512716504473731050e+01
2.164667100783437945e+02 1.588647583554334908e+01 3.530757323467316411e+01
2.169717854141271118e+02 1.608986329828103123e+01 3.563831839085380437e+01
2.173187896704242519e+02 1.629258831985543310e+01 3.580111893973362669e+01
2.175008224184510084e+02 1.639020713678959495e+01 3.590564381845506858e+01
2.176033194160603728e+02 1.647373330659534574e+01 3.599252838470256677e+01
2.176932559433815584e+02 1.660551290746327879e+01 3.605092460112705055e+01
2.177688812630544817e+02 1.669414257806779034e+01 3.614091407867728378e+01
2.178722412367370964e+02 1.675619010709465329e+01 3.618107851730346169e+01
2.179631252351778699e+02 1.679913274284439595e+01 3.621711058486344825e+01
2.180514326980056978e+02 1.685573766428653641e+01 3.631804273421463591e+01
2.180947504917611752e+02 1.686632545689288065e+01 3.639744667235975584e+01
2.181308602947637780e+02 1.693072194820791765e+01 3.640447553361438082e+01
2.181843422792933040e+02 1.698845572346911936e+01 3.642603416303713715e+01
2.182387931403541472e+02 1.705417259070824798e+01 3.649059739124361101e+01
2.183252326993575991e+02 1.712254260240236192e+01 3.648057740534864735e+01
2.184089458848659149e+02 1.723424280045875179e+01 3.648281032777318700e+01
2.184290027556651239e+02 1.726523896325704754e+01 3.647791524808872055e+01
2.185011784242462340e+02 1.735122337561089978e+01 3.653017036454542676e+01
2.185692251015630347e+02 1.738881127862410381e+01 3.654732849195494282e+01
2.186350095648392369e+02 1.746518240790603116e+01 3.656837789789843640e+01
2.187013640880280718e+02 1.751303138934641268e+01 3.655985854402642588e+01
2.187439034007566363e+02 1.758826352540371829e+01 3.650863764693688296e+01
2.187971814705743157e+02 1.760297580287193142e+01 3.661518815356918566e+01
2.188663502421064777e+02 1.770224508971120869e+01 3.664414854905106722e+01
2.189458386752979209e+02 1.774747810451699337e+01 3.671640420627606716e+01
2.190302345807806432e+02 1.779447650249091240e+01 3.674850781748168771e+01
2.190782457927099927e+02 1.777462917940664155e+01 3.684468796542687841e+01
2.191417150917165486e+02 1.786438770383021790e+01 3.688070426057822004e+01
2.192446221719507946e+02 1.795336098762316723e+01 3.696285935743207318e+01
2.192915698728969289e+02 1.805407682965573457e+01 3.694225157893076528e+01
2.192915428344821009e+02 1.810672850952991553e+01 3.688332811341713580e+01
2.193506195176797462e+02 1.818508921550292712e+01 3.691147960965541586e+01
2.194046884611311441e+02 1.825974678524513806e+01 3.691605473476441546e+01
2.194574178764479768e+02 1.829160592411668773e+01 3.698653486941572055e+01
2.195221771331619323e+02 1.833959460403368169e+01 3.702330035397791619e+01
2.195374853823569765e+02 1.836156669588317669e+01 3.708501553582252086e+01
2.193840435048094548e+02 1.825938401984619475e+01 3.692518808597314717e+01
2.186475722883286323e+02 1.784920338070313406e+01 3.655500627516543943e+01
2.178147823520266400e+02 1.730241002404165584e+01 3.602740343342804152e+01
2.177523236137742799e+02 1.716901600448837684e+01 3.604838974973694121e+01
2.180922787300056598e+02 1.737531347662191195e+01 3.625413068116526460e+01
2.183680221174233225e+02 1.753760930842494403e+01 3.644890753538089001e+01
2.185263635810577796e+02 1.763662848992706245e+01 3.650994450365356414e+01
2.186261522307818836e+02 1.771390427950510826e+01 3.662055753211375020e+01
2.187618321229887499e+02 1.786388523995466571e+01 3.668921370036479601e+01
2.188371926915164636e+02 1.793986543882220630e+01 3.671895820987668202e+01
2.188344719510244261e+02 1.805470997920295417e+01 3.674906210498566139e+01
2.189455818103570550e+02 1.812093269011948848e+01 3.679253086322392363e+01
2.190229082969628962e+02 1.819286388636655616e+01 3.680883164756327375e+01
2.191868084080457209e+02 1.823737812997816476e+01 3.697609353488969219e+01
2.192906832382106757e+02 1.829113275185720155e+01 3.700217433919240761e+01
2.193663344696978186e+02 1.833487640064621971e+01 3.705436523941389737e+01
2.194201623206170098e+02 1.838659300200760072e+01 3.706860209142138984e+01
2.194824486889748698e+02 1.843516751424586531e+01 3.710104480941297567e+01
2.195263433022466586e+02 1.848651008420213060e+01 3.709703636441474117e+01
2.195908310482117543e+02 1.855759970978768081e+01 3.722205410837447204e+01
2.196141483011989237e+02 1.859977175071482947e+01 3.727157609173232800e+01
2.196420530719018984e+02 1.863517630173068440e+01 3.725570116242651864e+01
2.196606126904800078e+02 1.869560152586787538e+01 3.729417232032410112e+01
2.197261380356140990e+02 1.879696741645692981e+01 3.733856489106898380e+01
2.197504737355598081e+02 1.886533179514795577e+01 3.728946425634219963e+01
2.197563050203576722e+02 1.890340188322559101e+01 3.726352765691856916e+01
2.197891307825593117e+02 1.893381784670570767e+01 3.730449648838587251e+01
2.198418973756965329e+02 1.899273455261563015e+01 3.731839761340925321e+01
2.198887628347975465e+02 1.900379101107899160e+01 3.730001937753062435e+01
2.199163938415503878e+02 1.901871621606397156e+01 3.725102802306376759e+01
2.199808286372864359e+02 1.903301728430667694e+01 3.727410756332059094e+01
2.200206945267488834e+02 1.908335943291431391e+01 3.726730965519261218e+01
2.200662767877462045e+02 1.911898930405373420e+01 3.730124286580159065e+01
2.200956596584597662e+02 1.915008122790454692e+01 3.735862852147187851e+01
2.201413117686953740e+02 1.919290219078756010e+01 3.745635436546473329e+01
2.201970447012593013e+02 1.922169697597862026e+01 3.748786313154413818e+01
2.201881986332081169e+02 1.925158794357082925e+01 3.745758461333939948e+01
2.197268500472045787e+02 1.901257736929742848e+01 3.723124153641285972e+01
2.186282105301106640e+02 1.840795109652038164e+01 3.651961524335700204e+01
2.182733234492905865e+02 1.821034985455586153e+01 3.623367161394551061e+01
2.184439628852692579e+02 1.830347015522303167e+01 3.637043642254733555e+01
2.187050965158749420e+02 1.849338910757458621e+01 3.649618645690865293e+01
2.189226397153756238e+02 1.859070824874440220e+01 3.667662731826241895e+01
2.190373141390630849e+02 1.873832222129590619e+01 3.678343356323496494e+01
2.191308310031477333e+02 1.883977711333377059e+01 3.690814374522602748e+01
2.192373893959843372e+02 1.891607276037430196e+01 3.696567135257416936e+01
2.193071147082217180e+02 1.900273313309885026e+01 3.703308037394127439e+01
2.193776748315168845e+02 1.907092401529472880e+01 3.712279270773952078e+01
2.195058143857885966e+02 1.908668065153566928e+01 3.714054906007710599e+01
2.196019720017214354e+02 1.912192522526379435e+01 3.717678842215077140e+01
2.196262040544102945e+02 1.921214452934005834e+01 3.717057071334097884e+01
2.196853179154283566e+02 1.926003294180206638e+01 3.717540946299455129e+01
2.196978513473016790e+02 1.927274888297548827e+01 3.720110159008411443e+01
2.197758132366559778e+02 1.925480889473719870e+01 3.728894602005799896e+01
2.198434847559670402e+02 1.925019771840842964e+01 3.740220430676884433e+01
2.199423529729863844e+02 1.932229790474817221e+01 3.749564230881023974e+01
2.200138414151906261e+02 1.937817954859366409e+01 3.754803036413985495e+01
2.200434676316376397e+02 1.943427186675469187e+01 3.757778501305730146e+01
