2.156807371573162584e+02 1.490564381845507036e+01 3.669417299628447182e+01
2.157203687138502062e+02 1.494892894079263179e+01 3.673804057114144683e+01
2.157704630103219188e+02 1.499555218076081609e+01 3.679057733775260886e+01
2.161270715368860351e+02 1.531063420855180013e+01 3.713992154353297792e+01
2.168028944623073357e+02 1.546946236365316096e+01 3.731110174780820188e+01
2.171788996717085922e+02 1.561452571240590004e+01 3.717899881256295203e+01
2.175117910020661895e+02 1.583864262651161603e+01 3.674686298057965672e+01
2.177265560044433244e+02 1.605687417898980129e+01 3.663988661891382037e+01
2.178890456115526035e+02 1.634141181083023753e+01 3.650406590162974396e+01
2.179760124196452011e+02 1.655474715702334265e+01 3.636895043633241897e+01
2.180170713791619335e+02 1.668633410918562632e+01 3.633514678479449600e+01
2.180469578403516664e+02 1.674518434565909430e+01 3.637194156097275055e+01
2.180896255855506638e+02 1.685330420695202847e+01 3.638651188676311676e+01
2.181496756516821165e+02 1.688478818781784341e+01 3.642569280304993384e+01
2.182691707994132742e+02 1.696151306969376904e+01 3.644208596863994387e+01
2.183258951405208848e+02 1.700686550416504161e+01 3.648999128011121940e+01
2.183569521397525648e+02 1.704392953789095699e+01 3.657604892150522602e+01
2.184103823006536516e+02 1.712465723176202559e+01 3.655187883185035247e+01
2.184533677472268778e+02 1.717884108847645308e+01 3.657240436850655385e+01
2.185089452089055442e+02 1.724690691800375220e+01 3.665534470599103400e+01
2.185543505936058750e+02 1.728208952869789883e+01 3.663802096829069654e+01
2.186052954735440323e+02 1.735070626592731458e+01 3.667227751327698826e+01
2.186192810936137505e+02 1.738108279838580827e+01 3.671992708640801339e+01
2.186390337822461163e+02 1.742025808166953027e+01 3.674233629929722866e+01
2.186766498502747709e+02 1.748007156167124521e+01 3.673480948056951689e+01
2.187391232343351817e+02 1.752611685552248488e+01 3.682021820000765899e+01
2.187552753073929921e+02 1.758295047689004065e+01 3.688370327142287408e+01
2.188063970636281397e+02 1.764053892067154550e+01 3.689146554967970815e+01
2.188654072773893517e+02 1.772848361810041595e+01 3.685265415839553782e+01
2.189557843055521005e+02 1.778635483863699207e+01 3.685589088197055929e+01
2.189581952308742530e+02 1.777538287521996807e+01 3.682160842517006216e+01
2.190246117170970592e+02 1.788689718417441554e+01 3.685584469134522578e+01
2.190993819469010475e+02 1.792244594006935188e+01 3.688352526852525415e+01
2.190686449022448699e+02 1.789750863539373427e+01 3.687837107069869802e+01
2.183291352438977810e+02 1.748402142343734766e+01 3.636317886136728816e+01
2.171627937892761224e+02 1.675760286426941192e+01 3.569081347324210896e+01
2.167621588371679024e+02 1.641948974004817430e+01 3.547660951797266193e+01
2.169718462505604748e+02 1.641954944988091825e+01 3.562332784303298894e+01
2.173835252685252613e+02 1.651631205034552963e+01 3.587401112630769973e+01
2.176606318426904920e+02 1.658554165831104399e+01 3.602907080234243153e+01
2.177927809685610896e+02 1.664626317841072733e+01 3.611833700229600908e+01
2.179539659721549469e+02 1.670917030370899425e+01 3.617953845425888915e+01
2.179927525782255202e+02 1.688309828689110148e+01 3.618547338631360333e+01
2.180437402689871647e+02 1.697739926500575791e+01 3.623113338275354778e+01
2.181146879428948751e+02 1.706272123619632453e+01 3.626098942572659922e+01
2.181676212729234976e+02 1.714035415817021857e+01 3.629587799365949508e+01
2.182087816264958349e+02 1.714956637142219975e+01 3.636391453157072817e+01
2.181950190733484476e+02 1.721135703550819684e+01 3.635458627845511614e+01
2.182386714674874213e+02 1.720944068785727410e+01 3.637069554068943233e+01
2.183127398251065188e+02 1.722768598486299396e+01 3.646679795319199968e+01
2.183765256988866952e+02 1.724153303305671514e+01 3.656017511880003212e+01
2.184613136613844233e+02 1.734195933873050066e+01 3.658851363074087715e+01
2.184934848686270925e+02 1.736483721747672959e+01 3.663418376658637499e+01
2.185386570469995320e+02 1.747332998357416400e+01 3.657281783093329608e+01
2.186078494771446401e+02 1.751115109291525940e+01 3.655808978105643803e+01
2.186414965311967080e+02 1.756004668632960275e+01 3.664272903227259803e+01
2.186752866635272028e+02 1.759225619799329721e+01 3.666124471342659774e+01
2.187058592244931958e+02 1.765139822402678504e+01 3.667006261646233867e+01
2.187238003393321151e+02 1.772043405668603810e+01 3.663481691613359459e+01
2.188065626739189611e+02 1.778422781667053343e+01 3.663996097455459733e+01
2.188810490003672840e+02 1.782240380520624612e+01 3.664165087548133926e+01
2.189014370917481074e+02 1.787336107775121619e+01 3.669329086800070883e+01
2.189509534421028718e+02 1.786539150498069972e+01 3.679007487387706021e+01
2.190020076023009779e+02 1.790085463922868314e+01 3.683994385022521101e+01
2.190413507490767415e+02 1.793910498340517279e+01 3.686852570789950079e+01
2.190457489978887509e+02 1.795824367470083160e+01 3.689427979802304236e+01
2.190796720690921688e+02 1.803446834590243952e+01 3.693838733881161573e+01
2.191058272290356399e+02 1.808510341067071181e+01 3.694471432788133569e+01
2.190601176621685227e+02 1.810579793741958810e+01 3.682161631137438462e+01
2.186866135061388547e+02 1.790536329490123180e+01 3.658369628649904115e+01
2.171681778136287164e+02 1.698940770099118325e+01 3.565873577385070092e+01
2.160840500390930288e+02 1.616072422394116614e+01 3.501721333083978749e+01
2.158449222983553852e+02 1.572684441420147650e+01 3.498213549400310285e+01
2.162663373988594344e+02 1.578973689369171218e+01 3.526130262069835908e+01
2.167175972763303378e+02 1.599248219407723504e+01 3.556345127339668011e+01
2.169988463609673488e+02 1.611628771577218444e+01 3.579621372064360685e+01
2.172066174267089878e+02 1.618085432378051181e+01 3.587676679141890901e+01
2.173413250625826549e+02 1.629878462325348565e+01 3.593020596512494791e+01
2.174345737957202687e+02 1.636943149479623116e+01 3.599074046952207340e+01
2.174948593213808579e+02 1.643418962490958890e+01 3.603476013546245582e+01
2.175581055534650829e+02 1.649055120061827751e+01 3.606703161016013581e+01
2.176115402207686600e+02 1.650604759211649863e+01 3.612789846173951958e+01
2.176319801357778942e+02 1.658216298305817915e+01 3.613428628724260250e+01
2.176171236534306104e+02 1.666338074819800141e+01 3.606288909968838396e+01
2.176455072293961734e+02 1.672449995831577851e+01 3.601419854758648142e+01
2.177194437747429561e+02 1.680074152852665392e+01 3.602951130318400175e+01
2.177943266646087466e+02 1.687451809658572444e+01 3.607962700506745080e+01
2.179022944348182591e+02 1.696670219213948272e+01 3.610611000579072538e+01
2.179149765779731638e+02 1.702550060498453277e+01 3.623879426695477690e+01
2.179265760579343123e+02 1.705628271366543913e+01 3.627027486801873835e+01
2.179910671837012330e+02 1.713109350109167650e+01 3.630379799600282098e+01
2.180142481180136542e+02 1.716093489825669849e+01 3.630942649268948941e+01
2.180612408829844924e+02 1.718645352885111421e+01 3.628670971783160581e+01
2.181283254433736829e+02 1.729518513427952797e+01 3.630852295899398996e+01
2.181981172250474970e+02 1.733565600827375519e+01 3.634601059455221161e+01
2.182162678876013047e+02 1.737164413840964627e+01 3.639821839378296886e+01
2.182450514067861889e+02 1.740193392262056449e+01 3.639004039989815453e+01
2.183008001117587753e+02 1.746666276111785976e+01 3.637705294797583377e+01
2.183533323719674684e+02 1.755212443078503881e+01 3.640654847875118350e+01
2.183979739214489086e+02 1.758174726743020244e+01 3.638521629605261865e+01
2.184600439824881164e+02 1.761349712604182471e+01 3.643643043353844746e+01
2.184817028793658551e+02 1.767727962002014408e+01 3.646976541921935677e+01
2.185228598531363389e+02 1.770896075599407737e+01 3.646103651763242937e+01
2.185418013893238935e+02 1.773556092318160893e+01 3.651354173942628734e+01
2.186083823592368844e+02 1.779021344575305363e+01 3.657469024116012690e+01
2.186377821289597136e+02 1.781067927257651462e+01 3.657575825854583229e+01
2.183571898524829180e+02 1.769622002960706553e+01 3.635693749394452112e+01
2.168365989729908847e+02 1.678447341560521977e+01 3.548086018210372572e+01
2.152939154553832282e+02 1.568162153880125231e+01 3.452081732621622479e+01
2.148591715429696762e+02 1.506025961384637135e+01 3.423370653856466816e+01
2.152313463102703111e+02 1.506482797935166396e+01 3.445457320988794692e+01
2.158552261876060356e+02 1.533842068618990417e+01 3.479581265082365604e+01
2.162529578899221008e+02 1.553892405134594945e+01 3.514954045960799078e+01
2.165236090425472071e+02 1.570252110686257474e+01 3.528517866759197830e+01
2.166614035641137264e+02 1.579564366073098292e+01 3.542052283281471858e+01
2.168199985128871958e+02 1.583445730521638595e+01 3.549256556252295525e+01
2.169275956314934319e+02 1.589485661753936974e+01 3.554855986643023158e+01
2.169918828425485628e+02 1.596128098996649491e+01 3.557778050665483249e+01
2.169860481779488168e+02 1.600867031835480248e+01 3.560832039620290601e+01
2.169596260136589194e+02 1.601559665895320705e+01 3.560722308720114171e+01
2.169470362517546675e+02 1.600647232054942037e+01 3.557360081836269217e+01
2.169589196350715383e+02 1.603516458508426012e+01 3.560759373880440393e+01
2.169890359227873091e+02 1.614423191749678210e+01 3.557473417858422238e+01
2.170790907431733672e+02 1.621081626721164071e+01 3.564384098708239890e+01
2.171915390040399814e+02 1.628619598794988121e+01 3.571473683736168425e+01
2.172741458677415949e+02 1.639366805388755921e+01 3.575482579374646264e+01
2.173440221444617464e+02 1.645379022245855793e+01 3.576097252671733173e+01
2.174115855101134969e+02 1.650443655323300618e+01 3.574742515428795286e+01
2.175089147906888627e+02 1.653008474289847385e+01 3.590413079382532402e+01
2.175771924211323096e+02 1.653877083366192480e+01 3.600507984218578628e+01
2.176227239851018282e+02 1.656693584910761885e+01 3.603190983589935570e+01
2.176658333577430255e+02 1.662910843080306478e+01 3.607478262241078681e+01
2.177697622647376363e+02 1.668617638509913093e+01 3.609786216266761016e+01
2.178298134574696974e+02 1.673737925657878378e+01 3.613866425724347664e+01
2.178440063720530873e+02 1.678154650720010466e+01 3.615463945400427548e+01
2.178844918918553617e+02 1.681668743367139029e+01 3.618053549580566397e+01
2.179450861060852276e+02 1.689606883980415120e+01 3.621710157205850322e+01
2.179872694130185380e+02 1.692044397077147266e+01 3.623200762483298121e+01
2.180307054998388878e+02 1.691601643034341151e+01 3.624567441692784797e+01
2.180524556513666710e+02 1.699044642676081907e+01 3.626691534497637548e+01
2.181266715936667140e+02 1.706097162543683865e+01 3.628262466399136343e+01
2.181519637775369347e+02 1.712197592229159682e+01 3.624224955104965318e+01
2.181447174823630633e+02 1.712339543907005890e+01 3.631519919425523568e+01
2.181801073875708994e+02 1.720253124626813701e+01 3.623871315171029295e+01
2.182047878273056369e+02 1.728334230858492049e+01 3.612629080265787707e+01
2.182435778131780637e+02 1.737065498306719391e+01 3.606019877741300661e+01
2.181531050239628087e+02 1.728336258739604148e+01 3.599873820730802976e+01
2.167378760874512409e+02 1.647601917924891879e+01 3.514513545119228155e+01
2.146206949773891210e+02 1.508245139281634373e+01 3.405099332376473598e+01
2.139002214896814564e+02 1.421516494559645594e+01 3.366917598177610671e+01
2.140468271546800167e+02 1.408694314947962312e+01 3.381740395166432478e+01
2.147109796243012170e+02 1.432459053700545049e+01 3.419067602796673100e+01
2.153100596422366948e+02 1.459336702620247728e+01 3.468909090089744751e+01
2.156972869203921448e+02 1.476687591395475074e+01 3.502841850058470641e+01
2.158754813401139643e+02 1.488090704868942638e+01 3.520636844797245857e+01
2.159851367580490091e+02 1.493343254929441066e+01 3.536042995585978588e+01
2.160823511253613560e+02 1.499032700709533117e+01 3.539855862716954960e+01
2.161637446401975637e+02 1.505253338680930852e+01 3.543876925642106102e+01
2.161501950145669468e+02 1.522950206505893256e+01 3.516528582984275175e+01
2.161168915737033274e+02 1.528202305926144611e+01 3.507060744052112256e+01
2.160931676178931298e+02 1.531107358279275310e+01 3.499491227160989126e+01
2.161325637148979411e+02 1.536387622714972245e+01 3.495372037322024994e+01
2.162452418022905931e+02 1.550002140541173823e+01 3.502896039548188156e+01
2.163704014979281851e+02 1.553905924342008937e+01 3.518523567358324300e+01
2.165486432348759536e+02 1.562872651319361950e+01 3.523371555136960609e+01
2.166333737407421722e+02 1.572903903220500510e+01 3.523239404884489545e+01
2.167464134669331486e+02 1.580891501600899396e+01 3.530561294959814234e+01
2.168392081800217568e+02 1.586717942016119487e+01 3.543429890516951986e+01
2.169058443533650404e+02 1.595153927442413888e+01 3.551108349687819299e+01
2.169900284579316008e+02 1.600552372282920999e+01 3.558922226252948917e+01
2.170176211602634453e+02 1.604297305396642415e+01 3.559767627356566777e+01
2.170738182522819386e+02 1.612484199426334897e+01 3.563502308404665797e+01
2.171375455428299688e+02 1.622289342583475502e+01 3.567500163357089349e+01
2.172392764520191974e+02 1.625426474663878551e+01 3.572875287564807678e+01
2.172949800929670801e+02 1.628019796626056603e+01 3.573605775405407314e+01
2.173661789988125577e+02 1.634604551917136206e+01 3.579013233050856968e+01
2.174112824545472904e+02 1.639845610651332919e+01 3.581638550470581350e+01
2.174379851423910566e+02 1.646324352824274939e+01 3.581005851563608644e+01
2.175257518369222964e+02 1.643684727576704674e+01 3.593394177277367163e+01
2.175963446316353895e+02 1.646101173241883231e+01 3.602246103651763320e+01
2.176625324179327663e+02 1.645396484555432082e+01 3.600976424755471328e+01
2.176861561062879957e+02 1.653040131767208365e+01 3.607180952338034530e+01
2.177178304826582291e+02 1.665107826945132175e+01 3.598772117986629837e+01
2.177438617165337575e+02 1.672827069058364557e+01 3.599634643419638280e+01
2.177929048946290322e+02 1.677505390783956329e+01 3.601462440262002218e+01
2.178021554123020280e+02 1.684337885550896274e+01 3.599628672436364241e+01
2.178408259785089740e+02 1.688801139218544733e+01 3.598574286918138654e+01
2.178472949192565409e+02 1.691320894160378430e+01 3.602825401689450047e+01
2.172354336173117986e+02 1.649981298429744214e+01 3.570934943320722965e+01
2.150741753846777726e+02 1.515285153882378388e+01 3.452501954652071703e+01
2.138272560740672361e+02 1.401300209773035021e+01 3.384169346098469333e+01
2.137659014044203332e+02 1.374300437346359871e+01 3.378701953300151217e+01
2.144213249724546131e+02 1.391874167723793576e+01 3.421835998494861286e+01
2.151426445372262606e+02 1.429080040467494150e+01 3.465581900485113920e+01
2.155920218650647939e+02 1.451692041467915573e+01 3.492522301059229761e+01
2.158460860767935969e+02 1.470029719724298367e+01 3.506783938280311475e+01
2.159889142499205832e+02 1.477868043522835073e+01 3.513342331116934503e+01
2.161333748673427806e+02 1.486911379342200412e+01 3.518454281420327590e+01
2.162558510003086951e+02 1.498340517289939733e+01 3.526328881758758627e+01
2.163001568228060023e+02 1.503751805377490136e+01 3.529610782018552584e+01
2.163257193908245029e+02 1.512320617016626301e+01 3.528720316890221653e+01
2.163506769743112557e+02 1.516976181409737912e+01 3.527774760991678704e+01
2.163741891292053197e+02 1.520877824669399025e+01 3.530260830575039677e+01
2.163626493590768973e+02 1.527981041564803277e+01 3.537532361602747244e+01
2.164176511278398891e+02 1.533639055187657796e+01 3.541018176574367970e+01
2.164962337741345948e+02 1.542325258611171890e+01 3.549161471160150683e+01
2.165552552539019757e+02 1.548447544348633365e+01 3.553801150484550675e+01
2.166714517150241193e+02 1.555668491008600540e+01 3.549018392881686879e+01
2.167149430052747334e+02 1.561301719417862977e+01 3.541939285239504187e+01
2.167537465103545742e+02 1.561828405206697390e+01 3.541974547838842113e+01
2.167888040683801592e+02 1.573775779438637379e+01 3.537397845488978732e+01
2.168366913542415375e+02 1.576875283058405230e+01 3.541819752913952613e+01
2.169355359126479073e+02 1.583345801046837309e+01 3.549757330226919549e+01
2.169756992246734626e+02 1.586311802493392520e+01 3.554731835254938233e+01
2.169972488412912526e+02 1.585332899216561842e+01 3.558528929977265420e+01
2.170395470614876103e+02 1.594334776133191234e+01 3.560698537447078138e+01
2.170998922969809257e+02 1.600829065394659523e+01 3.567875321362826213e+01
2.171642031666490027e+02 1.603221852446863949e+01 3.573126744822706513e+01
2.171821194962743391e+02 1.606815257777487460e+01 3.570975613603026488e+01
2.172192466196348448e+02 1.613104956366758103e+01 3.572099623039433425e+01
2.172289015869296236e+02 1.618833157208103302e+01 3.573349699084975128e+01
2.172307886429644839e+02 1.618596458418297956e+01 3.574887959568557250e+01
2.172241090279013918e+02 1.620354180702232583e+01 3.575490465578971566e+01
2.172805021484273880e+02 1.621727056215117457e+01 3.580940058087527689e+01
2.173239821726718333e+02 1.621436956556026843e+01 3.579643791416655318e+01
2.173883651447794421e+02 1.624834446039210079e+01 3.589255947887961895e+01
2.174437488311518507e+02 1.630096121564713130e+01 3.595754968872024904e+01
2.174803216670084112e+02 1.633471417015725180e+01 3.595284951094267001e+01
2.175173316239046528e+02 1.639421896158967940e+01 3.591140412741402343e+01
2.174079071590962826e+02 1.636557288768017315e+01 3.579487193930776812e+01
2.160868248564147507e+02 1.564625867200825660e+01 3.507327635738475635e+01
2.143677629992812399e+02 1.449772989975507720e+01 3.403451678972900396e+01
2.138548206113836159e+02 1.391849269850139592e+01 3.376050724066217157e+01
2.142297792088109247e+02 1.390263128840299878e+01 3.400014082507723145e+01
2.150169542126976978e+02 1.411585397453431945e+01 3.448216703882040690e+01
2.156013174467624935e+02 1.437627672015015357e+01 3.482122988736247038e+01
2.159056505780587827e+02 1.448108324902605304e+01 3.497780934763064664e+01
2.161056627453454553e+02 1.459710058064995764e+01 3.507445816143285811e+01
2.161512258541322637e+02 1.479685475639514891e+01 3.515677548877567915e+01
2.161775195859517282e+02 1.492429581828382723e+01 3.521229549382285029e+01
2.162505345719931711e+02 1.504703895559616278e+01 3.516505262351486039e+01
2.162670640562579365e+02 1.509142026033487127e+01 3.527018023356684040e+01
2.163118948746431442e+02 1.506022356262660189e+01 3.539964579676575340e+01
2.163790380182644526e+02 1.505649564118220951e+01 3.545667882644266911e+01
2.164329909218522232e+02 1.506167462422236447e+01 3.551563158357235750e+01
2.165194203414501146e+02 1.509239927627176314e+01 3.560578329161155864e+01
2.166166211895550475e+02 1.520981922566486411e+01 3.563635247277569817e+01
2.167013314166101452e+02 1.526678691250594255e+01 3.570283430183432927e+01
2.167801438894309172e+02 1.546437914166552119e+01 3.567624652725359624e+01
2.168550267792966793e+02 1.558751884239533325e+01 3.566514275156428226e+01
2.169157787176130512e+02 1.564811193002458189e+01 3.569321989216178537e+01
2.169433770529479659e+02 1.570803243708498798e+01 3.568016709740363268e+01
2.169894324862047768e+02 1.580298233715551426e+01 3.569890922528181676e+01
2.170866096756967352e+02 1.585333800497056167e+01 3.568693684051616088e+01
2.171620367136609389e+02 1.595853659086146692e+01 3.568443691374520199e+01
2.172281253591039558e+02 1.602881506400218115e+01 3.564666650143190907e+01
2.173044345253518941e+02 1.606921158235563141e+01 3.569086304366929596e+01
2.173505012246148738e+02 1.615413699012872684e+01 3.573335503917190437e+01
2.174223501790168314e+02 1.622311085975399436e+01 3.575086917237665318e+01
2.174862577256637337e+02 1.627264748891988333e+01 3.581555520005046844e+01
2.175204894854364284e+02 1.633417678166254561e+01 3.583474571497455230e+01
2.175652741131963239e+02 1.636437418462280391e+01 3.590467156212188371e+01
2.176283096709650238e+02 1.644761419787162637e+01 3.590484505861702758e+01
2.177469778938426828e+02 1.643561590129176153e+01 3.597281625369243585e+01
2.178541750692295977e+02 1.645500695112581369e+01 3.603467226061426487e+01
2.178761482876797118e+02 1.649048698438306104e+01 3.607938027953214544e+01
2.179190492392066005e+02 1.652945609975372676e+01 3.605956337466455608e+01
2.179654133610326880e+02 1.653849368990993796e+01 3.618553196954573536e+01
2.180409722112691497e+02 1.658721466022851843e+01 3.633859305608443435e+01
2.180754304177660288e+02 1.664191224682467762e+01 3.637012210097496023e+01
2.180086353937356591e+02 1.663958694314947806e+01 3.626188619981839167e+01
2.171022164740555240e+02 1.610782919833353333e+01 3.573453233681753005e+01
2.153861941853888879e+02 1.508082683472543550e+01 3.476734457981176973e+01
2.146399406957434906e+02 1.440937511970131624e+01 3.426920234423056399e+01
2.148651357666404635e+02 1.442435102171410044e+01 3.429485954670097669e+01
2.155419962912307597e+02 1.467486080849366736e+01 3.471119705822046342e+01
2.160697974146769127e+02 1.487464202265368485e+01 3.505549634643419665e+01
2.162693679545213854e+02 1.506368560632518694e+01 3.528416923343840494e+01
2.164226216897657480e+02 1.521103482773149906e+01 3.532455110598382930e+01
2.165644055041199749e+02 1.529980645001385753e+01 3.540215248314041929e+01
2.166361440516614039e+02 1.536686397198820231e+01 3.547640785646206751e+01
2.167106258717072365e+02 1.541538553399742639e+01 3.559420972346461554e+01
2.167824815857129011e+02 1.546566797277231586e+01 3.564044203301840952e+01
2.168231191965985545e+02 1.558475078467733077e+01 3.543824764033500685e+01
2.167875005914653173e+02 1.562280397374569851e+01 3.538742443326356124e+01
2.167784866599220948e+02 1.567131426974874486e+01 3.535577258890568686e+01
2.168063238345879995e+02 1.573119196598567449e+01 3.534351179438186819e+01
2.168865513177847504e+02 1.576797660275836854e+01 3.535756951689112526e+01
2.170123261373596506e+02 1.582186979651339698e+01 3.555061591255776676e+01
2.171115165621556855e+02 1.582340422655487799e+01 3.571654390475267604e+01
2.172065441976688476e+02 1.587181988810602640e+01 3.578451960623055328e+01
2.172641472872583677e+02 1.589186999930150712e+01 3.586152951806278821e+01
2.173269778037146409e+02 1.596527591575731186e+01 3.589508644406540583e+01
2.173826498998452053e+02 1.607983767938298314e+01 3.587775932656321487e+01
2.174400479481222987e+02 1.612853837089044262e+01 3.589959735293918897e+01
2.174820769107709850e+02 1.619311061190185796e+01 3.589713235078738052e+01
2.175142683968247752e+02 1.622046334830210057e+01 3.593572968795415790e+01
2.175552225824840775e+02 1.626888238965510425e+01 3.592514640175028973e+01
2.176261105465590333e+02 1.634075500267004344e+01 3.593633016608346509e+01
2.176938271298947996e+02 1.641615612882002040e+01 3.590281830410555841e+01
2.177493820595611282e+02 1.643278362733854081e+01 3.587017167140214724e+01
2.177664106278995746e+02 1.651384028859001418e+01 3.592759112509097008e+01
2.178041923062190506e+02 1.652368790459044590e+01 3.591942327061172335e+01
2.178857559377485700e+02 1.658867473462922604e+01 3.599591945256222658e+01
2.179057474657118973e+02 1.658746589216629630e+01 3.602283732112398695e+01
2.179677071198905765e+02 1.665919768010400759e+01 3.598552994166462327e+01
2.179994355730904658e+02 1.672838560384666451e+01 3.606174560006128615e+01
2.180715436456345344e+02 1.683088485465725270e+01 3.607544619017468790e+01
2.177552077113559221e+02 1.668871912269356628e+01 3.596316917260197243e+01
2.164637741571337415e+02 1.596599130714963266e+01 3.521707791344552874e+01
2.153026736485862216e+02 1.513577565325936902e+01 3.468187277073902663e+01
2.151733060996410529e+02 1.491141201361834767e+01 3.462097550094296139e+01
2.156345735704001356e+02 1.503303756311779971e+01 3.492143537931516306e+01
2.162462410970386202e+02 1.525586902591857452e+01 3.522970935957260963e+01
2.165640044343000454e+02 1.539210207902877947e+01 3.537988747513028898e+01
2.167382061814322753e+02 1.546895651997575527e+01 3.543547282301329915e+01
2.168909889976183649e+02 1.551683704623343552e+01 3.552313587028771025e+01
2.170096707397034379e+02 1.562805280602415969e+01 3.567086475610223317e+01
2.170807412130784826e+02 1.568985698931757256e+01 3.578702065960212764e+01
2.171484521634111786e+02 1.574099451796139348e+01 3.587819644760293158e+01
2.171760944361701888e+02 1.581316117373758701e+01 3.587765117290390293e+01
2.172047776879000764e+02 1.583814692223977261e+01 3.586635812831080017e+01
2.172185064430289287e+02 1.589180690966690968e+01 3.589069946125958666e+01
2.172886069132720195e+02 1.595874726517700104e+01 3.585864204067929251e+01
2.173609774837600526e+02 1.602864382070827176e+01 3.584757544281037411e+01
2.174210748671174542e+02 1.610377681591120691e+01 3.589637865497405755e+01
2.175290708023424315e+02 1.611531320623776153e+01 3.595299033601990146e+01
2.175264897603269958e+02 1.619748294889964768e+01 3.596778372873259855e+01
2.175822260726927766e+02 1.628266860141546246e+01 3.600523531307104719e+01
2.176285361176892081e+02 1.639176409884343144e+01 3.603682068799246707e+01
2.177033660573259510e+02 1.644839042569730836e+01 3.609023620308553149e+01
2.177432916566211532e+02 1.652255341776829312e+01 3.612667835327040677e+01
2.177602165777027778e+02 1.655862153654804914e+01 3.605677053173295832e+01
2.178078008079979497e+02 1.655239594153393412e+01 3.612309238350386664e+01
2.178997640898306258e+02 1.660309296933618484e+01 3.620431127524430082e+01
2.179596868500922824e+02 1.665397025323728641e+01 3.622434786723236755e+01
2.179985883694258746e+02 1.667368914385112788e+01 3.620810003312205794e+01
2.180259219536156081e+02 1.672447291990095053e+01 3.632593569814313383e+01
2.180757379797346971e+02 1.677516882110258223e+01 3.635722139730021496e+01
2.181015810713070664e+02 1.686710168471856264e+01 3.640839497716380890e+01
2.181642155592558083e+02 1.691477604306318128e+01 3.645720832873304573e+01
2.181897127844384841e+02 1.695421157108962618e+01 3.647696439716727212e+01
2.182067255803682997e+02 1.699806224693733725e+01 3.646969219017919528e+01
2.181335303382280415e+02 1.698589721346603199e+01 3.635360951571945520e+01
2.171433216241975686e+02 1.641725005801993120e+01 3.565748074076243768e+01
2.153979266042229597e+02 1.530965181281305476e+01 3.460617534862656441e+01
2.147551615207305815e+02 1.462417054029512364e+01 3.421723338433078965e+01
2.150933005567660246e+02 1.453567718836536926e+01 3.452337358301807058e+01
2.158318728833990860e+02 1.477048892213612419e+01 3.500560145827184044e+01
2.163120154209092618e+02 1.499460470964122294e+01 3.533476599378567329e+01
2.165514856482347170e+02 1.508442745030001397e+01 3.555034327520824888e+01
2.167066117937059175e+02 1.513240937061329916e+01 3.563244316863183059e+01
2.168195805440579704e+02 1.523773413577339930e+01 3.563700702773465423e+01
2.168736190692926868e+02 1.535107804413119936e+01 3.561682510426688708e+01
2.169248354599797608e+02 1.552071818536185255e+01 3.559458600807096929e+01
2.169424904182617411e+02 1.557406047141476257e+01 3.560571231577263518e+01
2.169298995297569093e+02 1.561319294387500989e+01 3.556095359982695214e+01
2.168811267358099144e+02 1.561391171506918418e+01 3.545769840000180295e+01
2.168893948577441506e+02 1.566673463823727630e+01 3.548751613855385045e+01
2.169480096346884750e+02 1.576656947858670144e+01 3.549262865215755625e+01
2.170250589775423293e+02 1.582808975852442401e+01 3.550940260875638899e+01
2.170677278493419635e+02 1.584922591271549130e+01 3.557686345375191905e+01
2.171621910579455630e+02 1.589043696331563105e+01 3.565033358644294026e+01
2.172390308530845289e+02 1.595619326157638440e+01 3.570742407275135832e+01
2.173325364511629800e+02 1.601117813133008738e+01 3.576090380407964631e+01
2.173893103626978132e+02 1.608809228210980891e+01 3.572761613562468597e+01
2.174157336535883474e+02 1.610556247789046225e+01 3.573229040158805958e+01
2.174886776637908383e+02 1.615316248059430393e+01 3.584072909085583092e+01
2.175463855272378169e+02 1.614171283851532124e+01 3.594554913893914971e+01
2.176200663342443704e+02 1.614143344156209992e+01 3.603552509728196185e+01
2.176573342826821147e+02 1.623161556781797898e+01 3.597622534716197862e+01
2.177081383375430619e+02 1.630463731346310396e+01 3.601312039079522265e+01
2.177712831755716820e+02 1.633362362075919449e+01 3.608592470252110473e+01
2.177564368326299586e+02 1.643792993896077803e+01 3.603792926300040733e+01
2.178180889248399694e+02 1.654719104667956842e+01 3.601477987350528309e+01
2.178448682215257293e+02 1.657530987149993251e+01 3.601676945019636378e+01
2.178596526014334813e+02 1.662260343883572489e+01 3.604537496648363515e+01
2.178830667420737939e+02 1.667185954444777352e+01 3.602253088575594120e+01
2.178866177872211836e+02 1.672447967950465753e+01 3.606737409674795458e+01
2.176273881116596272e+02 1.659042321878809290e+01 3.585744897062501479e+01
2.160662418631270327e+02 1.562100028615655667e+01 3.498386820575332479e+01
2.144506661589453245e+02 1.451545808707721541e+01 3.410929039933485285e+01
2.140223348572484383e+02 1.403784814775592338e+01 3.377877281647901242e+01
2.142533375543303009e+02 1.386071273261486247e+01 3.393683262995901373e+01
2.148786437080482017e+02 1.402494406427932461e+01 3.429025175017405758e+01
2.154653018275715226e+02 1.424690917120499023e+01 3.467910809282287943e+01
2.158461525462300585e+02 1.441057720256053720e+01 3.491779307951772182e+01
2.160027522853093558e+02 1.463112504590897522e+01 3.499327870071403623e+01
2.160904919414257677e+02 1.480130144903371381e+01 3.510568189755595370e+01
2.161667504106459319e+02 1.491346017354155862e+01 3.520306300175975167e+01
2.162358144083206355e+02 1.499339812037952946e+01 3.525709927379324427e+01
2.162710984130703764e+02 1.505196220029607090e+01 3.530258464713742228e+01
2.162779053340032931e+02 1.506452041738299741e+01 3.523905225849625822e+01
2.162598459260995014e+02 1.506137382185740314e+01 3.521591075520545644e+01
2.163240520219101199e+02 1.508332450829515992e+01 3.523732179994727431e+01
2.164461653894771018e+02 1.513348752740455971e+01 3.532677839540527032e+01
2.165700610392214855e+02 1.525819545619438777e+01 3.542423160204860721e+01
2.166741994939310132e+02 1.531214948638277917e+01 3.549063344246337692e+01
2.167512815082027657e+02 1.541277069396344857e+01 3.552382647646643932e+01
2.168123443882896595e+02 1.553206080038214232e+01 3.552462636290509579e+01
2.168460838235923802e+02 1.559771795778852876e+01 3.559505242072674491e+01
2.169265152215009493e+02 1.565691631385290705e+01 3.565682843900471255e+01
2.170182351576001736e+02 1.577626613010434653e+01 3.561637446401975637e+01
2.170615822429716957e+02 1.583002863818770578e+01 3.560672174992620853e+01
2.171320612510223782e+02 1.589690477746258068e+01 3.559696538857581771e+01
2.171605529806472532e+02 1.590111713717263875e+01 3.560815365931146914e+01
2.172005642015894011e+02 1.592755282066996614e+01 3.562880086883439645e+01
2.171936603930033698e+02 1.600619517679743353e+01 3.559984948615745992e+01
2.172678650692972155e+02 1.608692287066850213e+01 3.567377701869931883e+01
2.173062934163713180e+02 1.612707379008726605e+01 3.574705112288283715e+01
2.173150425967693593e+02 1.618593191276506005e+01 3.572526942653775706e+01
2.173355343354070328e+02 1.624268329228751639e+01 3.576871452616304481e+01
2.174318586882313014e+02 1.630953013994632883e+01 3.582242859041983962e+01
2.174839628402052085e+02 1.631333241703149639e+01 3.578786448346487958e+01
2.175898993495007971e+02 1.638185451980901775e+01 3.580281334706283758e+01
2.176420282866883156e+02 1.643551450723615659e+01 3.576153357382501241e+01
2.174281961096227462e+02 1.630243255605401487e+01 3.569330438720812282e+01
2.157263543429327228e+02 1.535786919265546580e+01 3.473005184616043550e+01
2.139120417833637191e+02 1.413717489122671012e+01 3.366196573782200829e+01
2.134736645839576568e+02 1.350604759211649863e+01 3.350289423698720270e+01
2.138529358085500007e+02 1.347108016214036041e+01 3.363464003983659723e+01
2.145062548866301881e+02 1.380861984664712416e+01 3.409115663579029842e+01
2.150832107216327529e+02 1.413780015456960548e+01 3.436973117056057703e+01
2.153946189048089934e+02 1.432278008981260164e+01 3.457752138851272861e+01
2.155697253122373525e+02 1.444324749387692641e+01 3.478740933681527991e+01
2.156732993400373459e+02 1.455089756271222257e+01 3.481333354363211186e+01
2.157381318257914984e+02 1.461277497504579692e+01 3.485655106993260688e+01
2.157908432154984268e+02 1.468181193430566545e+01 3.484760473442643303e+01
2.158571166234427494e+02 1.470088302956425430e+01 3.483534168670138342e+01
2.158707259589061209e+02 1.470875008167854503e+01 3.483718931171461719e+01
2.158769031100936786e+02 1.475656301189915531e+01 3.483660685919520006e+01
2.158852534738730071e+02 1.478368704837397729e+01 3.479028892799444606e+01
2.159633167572829109e+02 1.482191373393749245e+01 3.485185765175873485e+01
2.161051354962563096e+02 1.495562883466685378e+01 3.496525901674804260e+01
2.162015116727089890e+02 1.508877049568173945e+01 3.500743669067828279e+01
2.162904049678580805e+02 1.515624260668344547e+01 3.512495578092575244e+01
2.163477061284820309e+02 1.521541392433299578e+01 3.516216739933260271e+01
2.164048822364374303e+02 1.527801236106197891e+01 3.515575140881406924e+01
2.165555301444527174e+02 1.526256441339032399e+01 3.523016112642036290e+01
2.166592382377262425e+02 1.526255202078352902e+01 3.534754164479183913e+01
2.167561574356767267e+02 1.530380250240529172e+01 3.533888033924197458e+01
2.168442542241890294e+02 1.534210354360958384e+01 3.539113545569868080e+01
2.168888112786241038e+02 1.539508531746478859e+01 3.546035154445678472e+01
2.169827810361571210e+02 1.548121731449957572e+01 3.547771020677627973e+01
2.170044174010224936e+02 1.557810496763276475e+01 3.557106709357319119e+01
2.170634929576195304e+02 1.563097858782865757e+01 3.560928025992929236e+01
2.171120697230590224e+02 1.572358403201348231e+01 3.560924646191075738e+01
2.171162088537289492e+02 1.573932940224824506e+01 3.564517488221390806e+01
2.171145144463997099e+02 1.585685975850189244e+01 3.563670735197030837e+01
2.171679175688859971e+02 1.592603416303713537e+01 3.563301886154754072e+01
2.172167669716750140e+02 1.603304882912397744e+01 3.564996744124214700e+01
2.172508657925748139e+02 1.610099636558640768e+01 3.564068425215124591e+01
2.172880503725668291e+02 1.611997958599680558e+01 3.566570267207134748e+01
2.173571526746625295e+02 1.613620488809475972e+01 3.567595811749543344e+01
2.174217665998968130e+02 1.620455124117589918e+01 3.571151701279593027e+01
2.173210789228796784e+02 1.614800715616712523e+01 3.564517488221390806e+01
2.157910651558201209e+02 1.530133412045163155e+01 3.469623016901262247e+01
2.137690479999459114e+02 1.396385752557946702e+01 3.359141913373425581e+01
2.130924240614853602e+02 1.326028868014231143e+01 3.319081347324210896e+01
2.132141679040496740e+02 1.316621640195307563e+01 3.323980257450773479e+01
2.137523191073717896e+02 1.339578380984784189e+01 3.356174447346067069e+01
2.144218860195622938e+02 1.369674727869620767e+01 3.393294585782750517e+01
2.148787676341161728e+02 1.391004770027015880e+01 3.415710332955546846e+01
2.151006167011782111e+02 1.403855677954453718e+01 3.439639893378517854e+01
2.152194730663590292e+02 1.411460795425100123e+01 3.446251799744486988e+01
2.152879264464988580e+02 1.419616482617679054e+01 3.455223258444434720e+01
2.154087115519374152e+02 1.426233684006552238e+01 3.461785256403034339e+01
2.154836721772458361e+02 1.433434577175522051e+01 3.468444930635200052e+01
2.155358394188543514e+02 1.437027081225651415e+01 3.468916075013575551e+01
2.155695022453150216e+02 1.440982575994844694e+01 3.462293240621612966e+01
2.155874726517700140e+02 1.448122294750266370e+01 3.464560862345177128e+01
2.156904732398555211e+02 1.452845793160632937e+01 3.468595219157618459e+01
2.158046181612525913e+02 1.459884117860450203e+01 3.476525248246446154e+01
2.158994261096452760e+02 1.478364423755049906e+01 3.478284322451122534e+01
2.160226919896443007e+02 1.487972186483947112e+01 3.488458201990477647e+01
2.161346941166662532e+02 1.502709699805999399e+01 3.498815492110416159e+01
2.162161067837129735e+02 1.513311462260005946e+01 3.500406026862665243e+01
2.162764948300297760e+02 1.519602287449894362e+01 3.509461867948888170e+01
2.163713760074626009e+02 1.520592006092656057e+01 3.518458337182551787e+01
2.164441645467798310e+02 1.520661855330961387e+01 3.528663648879145143e+01
2.165567986967484160e+02 1.522675541275266831e+01 3.532790724922433867e+01
2.165991284617620352e+02 1.532748815379450313e+01 3.536068794740126719e+01
2.166958088203815578e+02 1.540943933593653270e+01 3.534774105310119552e+01
2.167723140151369989e+02 1.546859150137557926e+01 3.530283024607210507e+01
2.168185530842945070e+02 1.554235229702599952e+01 3.530048579018640709e+01
2.168973520379078650e+02 1.561597790060227986e+01 3.532939210883863268e+01
2.169333503074493024e+02 1.572417662393845994e+01 3.531932142591586654e+01
2.169510784947714512e+02 1.571412058682373036e+01 3.535427533668459432e+01
2.169486303916289103e+02 1.582691809388188275e+01 3.541384885075471090e+01
2.169994558519015868e+02 1.589620290527767388e+01 3.547317789249075304e+01
2.170352930175546931e+02 1.594905512006182846e+01 3.553682406779432057e+01
2.170993087178609073e+02 1.601043908132479388e+01 3.558478232949462949e+01
2.171153864352779124e+02 1.608625817630398558e+01 3.557881134622014230e+01
2.172087072708550579e+02 1.605387178834329021e+01 3.564161707746280428e+01
2.172844813018095351e+02 1.606159576217911678e+01 3.568131059703073049e+01
2.172945891625526826e+02 1.607014778746904682e+01 3.570219777248525617e+01
2.163533042069520320e+02 1.553697165247525369e+01 3.518518159675358703e+01
2.140992467548269076e+02 1.421160826744597472e+01 3.387347824421546960e+01
2.129989364890167565e+02 1.323718097487004641e+01 3.313462990043103673e+01
2.130553228499390457e+02 1.306045564235387424e+01 3.315705939213137299e+01
2.137654699163836938e+02 1.329132202076099567e+01 3.352659678738567806e+01
2.144995538661553383e+02 1.359127830865702435e+01 3.393573419435663396e+01
2.148403111220266055e+02 1.390345032705215900e+01 3.412144642000122019e+01
2.150506891415979283e+02 1.406831818806569423e+01 3.427404447368598994e+01
2.151732351238021295e+02 1.414952806700119226e+01 3.437806914173311412e+01
2.153170930098937959e+02 1.423383497103509754e+01 3.446626169129790895e+01
2.154299164287661768e+02 1.431984867500501402e+01 3.451982028466944286e+01
2.155326556455083562e+02 1.439750976199435328e+01 3.457667869125059212e+01
2.155655805485643839e+02 1.444821805580278173e+01 3.463293887290367934e+01
2.155591803304544953e+02 1.449161471160150860e+01 3.464887125884099817e+01
2.155888425981212890e+02 1.450474524180228997e+01 3.469531874911280056e+01
2.156496148152487535e+02 1.455792079096376135e+01 3.473446812058232069e+01
2.156967878363184354e+02 1.463151710292397922e+01 3.474971665994461745e+01
2.158266094053126096e+02 1.465845975669933132e+01 3.483327437456766518e+01
2.159260105044241698e+02 1.477988364468819071e+01 3.486536784636772524e+01
2.160366010008719968e+02 1.482741154495249170e+01 3.498952036105296770e+01
2.161324533080373840e+02 1.489069608145773138e+01 3.504687447190595861e+01
2.162007084064684932e+02 1.496156038691971624e+01 3.503714965537287185e+01
2.162608373346431847e+02 1.504608021847039190e+01 3.503639708616016435e+01
2.163314075973439401e+02 1.512113885803255009e+01 3.500572087793732834e+01
2.164154080660097748e+02 1.514871916775759075e+01 3.506679051762792199e+01
2.165068959223817160e+02 1.524815293828707219e+01 3.505800753921133150e+01
2.165328516740158591e+02 1.531948478300545524e+01 3.510071696863318635e+01
2.165783933773909382e+02 1.535667499600056729e+01 3.519509004918738526e+01
2.166332892456958348e+02 1.539378972675428692e+01 3.522077091027076534e+01
2.166904642270505690e+02 1.546593723031997669e+01 3.531494345591499240e+01
2.167717833862459997e+02 1.552774366681462759e+01 3.540045356940873944e+01
2.168051668157534948e+02 1.558233985935517829e+01 3.539649356823706938e+01
2.168199557020637087e+02 1.563335008212918531e+01 3.544790486083102365e+01
2.168429777856890155e+02 1.569621552320459301e+01 3.543341565028514140e+01
2.168535024886607516e+02 1.576445710242827580e+01 3.545850955244663538e+01
2.169632232494316213e+02 1.578556959800636683e+01 3.550341359987201884e+01
2.169993409386385679e+02 1.584035618605133244e+01 3.550566229470520341e+01
2.170462548415661672e+02 1.586850993549084876e+01 3.546047434392413322e+01
2.170444094697541573e+02 1.592988150414701742e+01 3.545312552809404139e+01
2.170854098460387718e+02 1.599051852920036154e+01 3.544870700047091816e+01
2.169172117535989344e+02 1.592957394217834910e+01 3.534088343514047637e+01
2.153769515539202359e+02 1.505951155103613459e+01 3.444914750131248837e+01
2.135528972788088709e+02 1.386772469486022352e+01 3.333724451514488862e+01
2.130876529078688577e+02 1.325993943395078567e+01 3.300522404706486412e+01
2.134635229251959743e+02 1.323764851412644461e+01 3.311646909847165432e+01
2.141288662116702426e+02 1.358828718401669100e+01 3.357984331238607467e+01
2.145908254152086556e+02 1.385990270677064373e+01 3.396270613974805030e+01
2.149073675174003597e+02 1.405836467160718506e+01 3.422007805089080534e+01
2.150907657053759010e+02 1.415390265720021645e+01 3.435035476653455078e+01
2.151939375367553566e+02 1.422893989135063642e+01 3.444298612253358982e+01
2.153541863352357950e+02 1.434453925414532627e+01 3.448386031954900233e+01
2.154481144085459334e+02 1.446407045309623562e+01 3.455008303046553664e+01
2.155071516607219735e+02 1.453038779846466788e+01 3.465200433515917666e+01
2.155578892461464591e+02 1.462508646659741807e+01 3.465922021211636661e+01
2.155825370144632984e+02 1.466703769380347211e+01 3.467434820521255290e+01
2.156107347013269191e+02 1.470659038829416865e+01 3.468527735780610044e+01
2.157079186504225845e+02 1.476282691133427782e+01 3.472994369250112356e+01
2.157845962150725541e+02 1.486234743011133119e+01 3.474662752105053443e+01
2.158491481772728662e+02 1.494079601093253196e+01 3.475412166836031957e+01
2.159270390907882415e+02 1.503031118962265644e+01 3.480544846590793640e+01
2.159768393444986998e+02 1.509636716364775211e+01 3.486152501166031925e+01
2.160630918877996010e+02 1.514888815785026566e+01 3.486914759144053733e+01
2.161824732488683196e+02 1.510943009781146529e+01 3.502262552020783204e+01
2.162673344404062163e+02 1.515205503218697913e+01 3.510500931698710758e+01
2.163779147974484829e+02 1.518189642935200112e+01 3.521855826665735378e+01
2.164474576003857464e+02 1.524154880546536539e+01 3.529598614731879991e+01
2.164676575494634108e+02 1.521368571898524813e+01 3.534177344962856182e+01
2.165721722887792851e+02 1.524056528312600101e+01 3.534435336504338210e+01
2.166545831239733957e+02 1.528603488406153055e+01 3.544553449313111315e+01
2.167333877105898239e+02 1.535951966256058299e+01 3.543797725618672700e+01
2.167952493505147515e+02 1.541011529630722876e+01 3.550629657085303847e+01
2.167945677571409533e+02 1.546484555432130215e+01 3.553887673412000225e+01
2.168134045194710495e+02 1.554343158041787909e+01 3.558641928019233092e+01
2.168812878396982455e+02 1.556942000346992927e+01 3.563733148871259004e+01
2.168986712872313376e+02 1.563049978256608163e+01 3.564326980056915772e+01
2.169405256267842503e+02 1.569160772667767745e+01 3.563790267522582411e+01
2.169424532404413526e+02 1.585993763138979773e+01 3.550007548224139242e+01
2.170058797286244499e+02 1.597895735366021341e+01 3.547346179584644688e+01
2.170548665766888234e+02 1.605259534984329051e+01 3.545530550028953343e+01
2.171177770817889439e+02 1.614702363382776085e+01 3.551399801267650957e+01
2.171123941840369582e+02 1.620239943399585059e+01 3.543193417047270088e+01
2.163699688832909374e+02 1.581288515658621918e+01 3.498870695540689724e+01
2.147507362335037442e+02 1.476284043054169182e+01 3.412845838224657768e+01
2.140447767415555518e+02 1.418560069218341901e+01 3.380848465457298602e+01
2.142894293317230563e+02 1.415401982366447164e+01 3.393520694526748827e+01
2.148967909908001843e+02 1.439243667941227578e+01 3.428430780531439837e+01
2.153616185195116088e+02 1.451077593490952289e+01 3.458042914470734530e+01
2.156294452843877991e+02 1.463333543632115408e+01 3.474924686748698122e+01
2.157970181134847394e+02 1.468967560661810268e+01 3.484741095912016817e+01
2.159520991949312076e+02 1.474440699123279330e+01 3.498678610135349487e+01
2.160373118858618398e+02 1.482472122267711789e+01 3.502247230252380916e+01
2.160995881148141109e+02 1.488856905949127274e+01 3.499807013314165971e+01
2.161187673637320188e+02 1.502455876686802760e+01 3.507117862703435662e+01
2.161825949217350455e+02 1.508408158391033993e+01 3.513171989103518911e+01
2.161813297492412289e+02 1.517308528591997074e+01 3.516161311182862903e+01
2.162495082388303160e+02 1.523263514137711105e+01 3.518320891907177383e+01
2.163082548280469553e+02 1.536874088861750387e+01 3.510873385862964824e+01
2.163813689549427295e+02 1.546249997183498515e+01 3.506867419386092877e+01
2.164460256910005000e+02 1.554703332259307480e+01 3.511097466725851035e+01
2.165498013803110666e+02 1.560703607149858207e+01 3.520563615757087206e+01
2.166519480051282756e+02 1.567731792444114980e+01 3.525554907134311122e+01
2.167150286269217077e+02 1.577371437970496615e+01 3.525995858616128942e+01
2.167387886339516854e+02 1.583161376525698927e+01 3.519494021130520878e+01
2.167735329970055034e+02 1.592488615700756860e+01 3.522764768044199002e+01
2.168455295360884065e+02 1.598429744058871727e+01 3.518518047015297157e+01
2.168808169206400009e+02 1.608023198959922340e+01 3.526304997825661047e+01
2.169738617390657680e+02 1.611919772516803206e+01 3.542123033800271514e+01
2.170698796565220050e+02 1.612672116409388678e+01 3.554933834745715160e+01
2.171209090315064998e+02 1.614241921710269878e+01 3.565059157798442158e+01
2.171554742650620824e+02 1.617466477998616625e+01 3.571935139349230326e+01
2.172128159833082748e+02 1.623422026844639632e+01 3.577733527409066738e+01
2.172948753191096216e+02 1.631105105078039585e+01 3.579343777672127658e+01
2.173533706763884652e+02 1.631040100222390876e+01 3.570748378258410582e+01
2.174026560736165834e+02 1.630737495296442319e+01 3.570447237913265326e+01
2.174714868649633956e+02 1.639360271105172728e+01 3.570352603461368091e+01
2.175196512945767608e+02 1.645166770689457181e+01 3.578712430685897061e+01
2.176180947831631727e+02 1.655395628338962410e+01 3.576025826192562818e+01
2.176175956990894917e+02 1.660722083399990368e+01 3.568720835126506330e+01
2.175108367713428947e+02 1.652741920583669355e+01 3.565030767462872774e+01
2.170445863460511475e+02 1.636051219770488885e+01 3.532126819178347432e+01
2.158609831167631512e+02 1.567106303781097054e+01 3.465854988474875853e+01
2.152604587968355929e+02 1.515786153177126394e+01 3.431654998839601234e+01
2.154665365818486578e+02 1.511991649636220636e+01 3.441202488435444451e+01
2.159344836676708326e+02 1.532741830455619869e+01 3.470942942185109814e+01
2.163027378648214381e+02 1.546989159848855344e+01 3.489493773278385191e+01
2.165784147828026676e+02 1.561141629470069603e+01 3.508006750590902101e+01
2.166835975962849261e+02 1.576060638151654025e+01 3.526349047909818069e+01
2.168509203200447075e+02 1.587559287357513149e+01 3.539781845056364062e+01
2.169503631033791180e+02 1.595781218666420287e+01 3.554078068916413002e+01
2.171011101522487934e+02 1.605815287069103547e+01 3.568383418241466387e+01
2.172358527127416323e+02 1.619318496754263492e+01 3.572520746350377152e+01
2.172990313487887875e+02 1.628400136994635261e+01 3.582308314537879568e+01
2.173590126922825618e+02 1.635596523761133625e+01 3.573152093336607749e+01
2.174434131041677460e+02 1.645004314880366181e+01 3.569847661064457611e+01
2.175159920957700592e+02 1.655299416646199973e+01 3.574297057544506373e+01
2.176357519946463981e+02 1.667974011576948001e+01 3.578801882774952503e+01
2.177398194735170023e+02 1.669261828743186982e+01 3.583188978240835354e+01
2.178085488708082096e+02 1.675512997591327746e+01 3.587474792311176230e+01
2.178705986530362964e+02 1.679159240490927374e+01 3.588036853359410117e+01
2.179429027540878678e+02 1.687574609125915615e+01 3.592571082865981680e+01
2.180338013983366920e+02 1.697794453970478656e+01 3.599383862122110145e+01
2.180874422335533325e+02 1.704972815127091934e+01 3.604957943998936543e+01
2.181368538100506385e+02 1.702518403021092297e+01 3.609711635305860966e+01
2.181823008789737912e+02 1.711539995448533347e+01 3.615279746199412614e+01
2.182671248926912995e+02 1.718511062091466357e+01 3.626157525804786985e+01
2.183286079948086353e+02 1.721163305265956467e+01 3.629092545734351916e+01
2.183866087744162598e+02 1.727964029895473885e+01 3.625196648137841748e+01
2.184162293578601748e+02 1.733321241153368675e+01 3.620469431945436156e+01
2.184907168109091060e+02 1.739069382825649512e+01 3.627179577885280537e+01
2.185730386446543889e+02 1.745132071390428052e+01 3.634696595187612900e+01
2.186578750509786744e+02 1.754272632843111879e+01 3.635207959208045025e+01
2.187065126528515293e+02 1.757431846295624567e+01 3.642379898741136657e+01
2.187054829398868492e+02 1.762058795033043168e+01 3.642697036815054901e+01
2.187056451703758171e+02 1.764936808971345883e+01 3.639746131816778529e+01
2.184956975122405254e+02 1.757884739743991176e+01 3.631179122738630838e+01
2.175040523824223158e+02 1.697907452012446683e+01 3.569850815546187306e+01
2.165227302940652976e+02 1.631625256583290806e+01 3.519306667447776249e+01
2.163551653511726727e+02 1.607588781761688068e+01 3.513772917873068025e+01
2.166566256508935169e+02 1.613492619639352554e+01 3.531816328048074638e+01
2.169971789920529659e+02 1.629840045244280944e+01 3.549620222931730495e+01
2.172374457260152383e+02 1.637106619229269810e+01 3.561575032727748180e+01
2.173361325603351020e+02 1.641400770144182175e+01 3.574415125289255002e+01
2.173939102730203956e+02 1.657048238785254313e+01 3.576015010826631624e+01
2.175059078936398862e+02 1.670457264658763918e+01 3.580371800735895249e+01
2.175763305716596960e+02 1.677478915669437498e+01 3.573880215315909936e+01
2.176223905113189687e+02 1.682773375272919125e+01 3.580843733734703704e+01
2.177232990020571606e+02 1.690301095281120780e+01 3.592079659676485193e+01
2.177617014373170718e+02 1.698001185183850126e+01 3.592131370644843713e+01
2.178032470883007079e+02 1.701994421073740682e+01 3.590537118110555781e+01
2.178649025603125722e+02 1.708033338365482834e+01 3.597025323728687596e+01
2.179338786831390564e+02 1.715914022347249812e+01 3.598511647923787393e+01
2.180073431828270145e+02 1.725408111073808115e+01 3.603156509611029890e+01
2.180569947252559189e+02 1.732096513621728207e+01 3.605030271758600691e+01
2.181251687084425157e+02 1.735528364423755221e+01 3.606445394794654646e+01
2.181595672051066686e+02 1.742060169485796806e+01 3.610856374193635787e+01
2.182330609964106429e+02 1.749327306771095181e+01 3.609005031398358909e+01
2.182846649377102608e+02 1.758894849857935583e+01 3.613404744791161960e+01
2.183610653586082435e+02 1.765465184661107401e+01 3.618290924330742797e+01
2.183672323703902407e+02 1.768921482696541148e+01 3.616108248293763694e+01
2.184179462972017518e+02 1.771354038750554949e+01 3.622647826900067969e+01
2.184940616881434323e+02 1.779644580037087565e+01 3.622913929965999102e+01
2.185609389540189227e+02 1.782724368146043403e+01 3.629632300090353425e+01
2.185942615470930264e+02 1.782558757855222709e+01 3.637593986656542455e+01
2.186310371710607967e+02 1.783938392971814579e+01 3.643084024127279008e+01
2.186720814847694783e+02 1.785312057105132055e+01 3.647886497240955350e+01
2.187161912787593110e+02 1.787594437296789351e+01 3.652864156750703728e+01
2.187726767805359600e+02 1.792997951840076709e+01 3.644204203121584840e+01
2.188110487975791614e+02 1.800577720796822234e+01 3.640166466507290011e+01
2.188248136039277938e+02 1.796749982537690471e+01 3.640169395668896613e+01
2.183815683632520859e+02 1.778253904234441052e+01 3.609445194259744483e+01
2.168500517109683585e+02 1.691503628780590063e+01 3.516437778974478334e+01
2.156114162947006889e+02 1.599074046952207340e+01 3.445056138508786603e+01
2.152710837672623256e+02 1.549222983553884170e+01 3.432711412238938209e+01
2.156957062997253445e+02 1.557128565409305310e+01 3.467230567829243171e+01
2.162100986226180908e+02 1.582357659644940462e+01 3.495781331326482189e+01
2.165790445525480266e+02 1.594877121670613462e+01 3.516409726619094300e+01
2.168069795161475781e+02 1.607931944309878247e+01 3.533773120661179235e+01
2.169653130935776915e+02 1.613928501418390127e+01 3.547145982654856766e+01
2.170683429732793002e+02 1.620105201965692743e+01 3.556843310132871494e+01
2.171951587718250778e+02 1.629389179677026078e+01 3.569089458848659291e+01
2.172499464864706624e+02 1.635934954586729262e+01 3.567899205295924503e+01
2.172534265557791286e+02 1.635114338696703484e+01 3.570699596451658664e+01
2.172304900938007677e+02 1.639856313357202211e+01 3.567469519820284773e+01
2.172066737567398889e+02 1.642628426837429245e+01 3.562427644075319932e+01
2.172226444470982187e+02 1.645937703492236537e+01 3.558994779332736869e+01
2.172859425028108546e+02 1.650994675685480217e+01 3.568918440874872999e+01
2.173681212582777107e+02 1.660637813673777075e+01 3.576476691759818038e+01
2.174740791729850287e+02 1.667451606870461234e+01 3.583001061257782283e+01
2.175894070250308232e+02 1.670454222837095770e+01 3.589809559431562747e+01
2.176107448407324796e+02 1.674102380957745595e+01 3.596924943613639414e+01
2.176826366059579243e+02 1.676265454143975120e+01 3.599919560715886746e+01
2.177661075723333965e+02 1.688960891186152580e+01 3.601473931588304112e+01
2.178137729178730808e+02 1.699200564201589359e+01 3.602551525079256578e+01
2.178333250715954819e+02 1.703999094213103405e+01 3.601306744056618214e+01
2.178735424604506932e+02 1.706910568189755750e+01 3.606551971213100671e+01
2.179348858640913988e+02 1.712925939528585317e+01 3.606296232872853835e+01
2.180132950138909962e+02 1.721239801447907070e+01 3.614155173462697235e+01
2.180579523357810672e+02 1.727454130455845061e+01 3.612247951276776803e+01
2.180856239001561505e+02 1.728087167343002406e+01 3.614886224603605314e+01
2.181043649014337120e+02 1.733877105898204718e+01 3.612094508272627991e+01
2.181185611958189554e+02 1.738355343354070470e+01 3.616097770908017850e+01
2.181723056782924459e+02 1.744369475432220185e+01 3.617629835088201418e+01
2.182182833761065979e+02 1.750023771273036033e+01 3.624271821690666684e+01
2.182695380712146687e+02 1.751969973840333594e+01 3.630592727117051766e+01
2.183148229096488819e+02 1.754661760696509631e+01 3.632091105938762610e+01
2.179501186310450578e+02 1.737180186249614167e+01 3.611164837442797193e+01
2.161260046461009381e+02 1.632258969430818851e+01 3.500743894387951372e+01
2.144506098289144234e+02 1.509792863210406111e+01 3.406215793588741292e+01
2.140100098464893961e+02 1.447450615461917600e+01 3.370397104185772008e+01
2.143379914513545259e+02 1.445007469362096231e+01 3.395673740967479404e+01
2.149908531295838543e+02 1.470587725010308411e+01 3.437072257910426032e+01
2.155178329611796073e+02 1.492761703690518260e+01 3.470138999984227723e+01
2.158176664496082822e+02 1.512643951393942920e+01 3.482787570440703462e+01
2.159760586102705417e+02 1.516772604678096492e+01 3.502744849745275246e+01
2.160968200570961244e+02 1.524797944179192655e+01 3.511079215795842146e+01
2.162089111855669046e+02 1.529901670298075977e+01 3.519767897740715057e+01
2.163068454506740466e+02 1.533353011290791379e+01 3.525363610349403842e+01
2.163273653543271564e+02 1.542700416616908399e+01 3.519621777640583105e+01
2.163350296183302532e+02 1.552757242352071643e+01 3.510580695022453313e+01
2.162877326711926003e+02 1.554152762537374954e+01 3.505395177698715514e+01
2.163270589189591249e+02 1.558434520845491278e+01 3.507254857338563880e+01
2.164458972585300671e+02 1.562818236509520986e+01 3.511033137830573025e+01
2.165505629623287405e+02 1.573703226358849250e+01 3.514431866574435759e+01
2.166755716934835050e+02 1.581506287558048029e+01 3.519410878004925536e+01
2.167658811256092122e+02 1.593523736348416975e+01 3.517986629503867846e+01
2.168404418076982836e+02 1.598503761719462979e+01 3.526601519108272953e+01
2.169150723390256701e+02 1.607336310563232828e+01 3.540350327728119595e+01
2.169525351893703089e+02 1.614466903853650237e+01 3.545773445122157597e+01
2.170137388945344128e+02 1.619904441735596023e+01 3.560450347330970544e+01
2.170539292449747961e+02 1.626321558854742833e+01 3.558182274967159486e+01
2.171222519394429753e+02 1.628790616768774413e+01 3.564925317645044345e+01
2.171615139709742550e+02 1.632536563823051523e+01 3.566600572763753974e+01
2.172526266693404580e+02 1.636372413606631682e+01 3.571493849887227157e+01
2.173273957725438379e+02 1.643259886483721743e+01 3.572525703393095853e+01
2.173596041576069240e+02 1.647306635902959115e+01 3.578714458567009160e+01
2.174171723225773007e+02 1.647184287075863196e+01 3.585527575803322264e+01
2.174405166139792982e+02 1.657174530714512528e+01 3.581870292217668350e+01
2.174865957058490835e+02 1.659962078623203752e+01 3.584853192673490696e+01
2.175737100986226267e+02 1.665116389109827821e+01 3.587186720533197359e+01
2.176328893024764852e+02 1.668156633537097733e+01 3.589367481349126621e+01
2.176305437199901860e+02 1.670124354176195780e+01 3.587210491806233392e+01
2.176639891125316240e+02 1.683829676012194199e+01 3.577830978362508318e+01
2.176838105238016965e+02 1.693791867295459852e+01 3.572443574208055850e+01
2.176760685243559692e+02 1.700749302070917324e+01 3.570496357700202594e+01
2.170017597501650357e+02 1.664727148596368167e+01 3.524776876747639420e+01
2.146784997284892427e+02 1.524626250245035664e+01 3.389187337910335884e+01
2.131459015396123959e+02 1.396299792930806483e+01 3.306623735672456377e+01
2.129942948944713237e+02 1.351042781531861436e+01 3.305397994200259859e+01
2.135602460946389556e+02 1.361678004024217437e+01 3.346612649922376903e+01
2.143350848217605176e+02 1.390988772298242715e+01 3.392426314686591127e+01
2.148374236446431382e+02 1.412505154197826585e+01 3.431038410321464482e+01
2.151222812310590200e+02 1.429607289556637539e+01 3.447770795357504170e+01
2.152208396329084508e+02 1.442214288450315784e+01 3.450375158005736864e+01
2.153425969946801786e+02 1.447178203432526722e+01 3.455700711786270318e+01
2.154449993578376450e+02 1.457753603432076162e+01 3.464892420907003867e+01
2.155463708814297945e+02 1.464117207021876332e+01 3.466063747569359066e+01
2.155911014323600341e+02 1.468564575620813351e+01 3.471571022029548459e+01
2.155735343489262448e+02 1.483034746616255006e+01 3.466491179843762893e+01
2.155155763801420790e+02 1.486212323658838308e+01 3.462729122400650539e+01
2.155310502396279446e+02 1.495744491486279060e+01 3.465776351751751605e+01
2.156170154997712984e+02 1.506086572497876297e+01 3.466288391732553720e+01
2.157747125478523742e+02 1.505118709907100438e+01 3.477781520595385700e+01
2.159412849556006790e+02 1.515488843274081709e+01 3.490117346720352742e+01
2.160697106664293301e+02 1.517921737308280683e+01 3.506259956332959860e+01
2.162344579811767460e+02 1.522261064907968020e+01 3.507752476831458210e+01
2.163045697174260340e+02 1.531879305022610893e+01 3.516582434493807341e+01
2.164025681987683924e+02 1.537270990259411008e+01 3.513488113236881105e+01
2.164811699972736392e+02 1.542815667860112328e+01 3.516093827805855199e+01
2.165131170109933691e+02 1.549915955593909977e+01 3.513646513283747908e+01
2.165640573845290646e+02 1.553110206325637144e+01 3.517325540261326466e+01
2.166644138409645564e+02 1.559349996507538094e+01 3.525239120981134278e+01
2.167407748308409055e+02 1.571560206663617265e+01 3.524050782649449332e+01
2.167852057060068205e+02 1.577057454378308066e+01 3.518650084607706674e+01
2.168277337527291877e+02 1.583601764707207771e+01 3.523685538729149158e+01
2.168765020402737207e+02 1.587638825361131900e+01 3.521779217823723229e+01
2.169131278263593003e+02 1.593951506603006152e+01 3.526001716939341435e+01
2.169485030857590857e+02 1.598470189021051624e+01 3.527243230820187847e+01
2.170081329298600963e+02 1.598206789796603466e+01 3.540452623064218329e+01
2.170745629352903165e+02 1.600021743391923934e+01 3.553944792063323632e+01
2.170924736319125259e+02 1.603775689310587893e+01 3.559977738371791389e+01
2.171057224551781815e+02 1.609686286791959731e+01 3.561562640120951784e+01
2.170893056309752183e+02 1.613353597123112593e+01 3.560659557065701364e+01
2.171186625898745604e+02 1.619732184501129879e+01 3.553940961621223238e+01
2.171894976037204970e+02 1.624893817891769743e+01 3.555973461795846191e+01
2.171982512905210001e+02 1.632787908420888812e+01 3.557225115082253097e+01
2.170859539941371565e+02 1.628812698140883697e+01 3.545352772451460766e+01
2.156297697453657349e+02 1.548258613425023533e+01 3.461338671918127829e+01
2.133747175048950737e+02 1.405351240274620217e+01 3.327946905566083302e+01
2.126182277220360959e+02 1.325947752769747545e+01 3.281352957213961474e+01
2.127544495091401018e+02 1.315870084923154515e+01 3.290299630700317124e+01
2.135080326624050997e+02 1.340705544902920821e+01 3.332021369360519003e+01
2.142037468483347595e+02 1.372753502038020557e+01 3.368556013456117881e+01
2.146175168370462245e+02 1.392721371388400087e+01 3.399914378353044953e+01
2.148247392482870168e+02 1.401981803146820837e+01 3.417200036952500142e+01
2.149838749653570176e+02 1.414128135047869250e+01 3.420823409859558240e+01
2.151283874064076542e+02 1.423117619357702424e+01 3.434496623577948071e+01
2.152515394997442684e+02 1.430730172392426525e+01 3.436403169803498514e+01
2.152640954636299568e+02 1.439376043513822268e+01 3.451495562320166499e+01
2.152450728121979182e+02 1.442466872308832748e+01 3.451843907231198472e+01
2.152192623920435040e+02 1.449198761640600885e+01 3.446488385874231142e+01
2.152273581440832118e+02 1.453454720794568900e+01 3.453879336567428027e+01
2.153244744971418072e+02 1.457087444486754535e+01 3.458839871747785821e+01
2.154287695493372325e+02 1.462295043182601617e+01 3.465907150083481270e+01
2.155579106515581884e+02 1.471173332011455237e+01 3.471324071174120718e+01
2.157093347873992002e+02 1.477251004364450715e+01 3.480662576355356919e+01
2.158196830647141837e+02 1.487178721668811043e+01 3.482056406639733126e+01
2.159342256761293584e+02 1.492617386151374603e+01 3.488119207864573923e+01
2.159809210185370887e+02 1.500981832438436925e+01 3.493483291386237255e+01
2.160623381919862709e+02 1.509208946110186034e+01 3.501428980223652587e+01
2.161003384308255875e+02 1.514059637730305319e+01 3.503212726981859504e+01
2.161728137751710790e+02 1.524344825410702242e+01 3.512018800711110345e+01
2.162611313774044390e+02 1.530165970803018460e+01 3.511001593013273947e+01
2.163631394303456545e+02 1.539277353299700479e+01 3.517332299865033463e+01
2.164256015483998965e+02 1.545173079652916925e+01 3.517901345837098148e+01
2.164938138360075186e+02 1.551241739200969860e+01 3.520444083431535631e+01
2.165369705258746365e+02 1.553283364840597258e+01 3.528027457510257392e+01
2.165979770759306291e+02 1.562508083359432831e+01 3.528637511744811661e+01
2.166786878707924302e+02 1.573646558347772562e+01 3.528464803870098621e+01
2.167383041956860268e+02 1.580513639753680089e+01 3.526146147138547349e+01
2.167757952110461019e+02 1.588711574469427390e+01 3.524105422779413743e+01
2.168037089945540004e+02 1.593293571842194822e+01 3.528114431077953839e+01
2.168628341215782314e+02 1.593609132675248397e+01 3.530444353815683911e+01
2.169361713153963365e+02 1.597924914322022971e+01 3.544242056902344018e+01
2.169940380295304578e+02 1.604524315421134517e+01 3.550960314366636084e+01
2.170574217068900680e+02 1.605999711590241930e+01 3.549330799233010225e+01
2.170815174409041788e+02 1.609346616705684596e+01 3.554802022473429446e+01
2.171442871209270606e+02 1.611399283031366991e+01 3.558531746478809765e+01
2.171612176750117840e+02 1.610725913842091117e+01 3.565007672150207441e+01
2.164914896589329203e+02 1.571213551653511686e+01 3.522258248406423320e+01
2.142420738013532855e+02 1.438961341826399831e+01 3.396536266400488557e+01
2.129552345244506171e+02 1.332856969038761896e+01 3.323776680719132059e+01
2.129165290336245278e+02 1.307193344944830393e+01 3.318194036677609660e+01
2.135321464220290864e+02 1.323932489584577255e+01 3.352776169242451232e+01
2.143199050050359062e+02 1.358285809563937896e+01 3.397535335828378322e+01
2.148193935283554197e+02 1.382511665949397539e+01 3.425940542525793830e+01
2.150534448067091375e+02 1.398751951835570395e+01 3.443464026515672316e+01
2.152388303181745357e+02 1.408596300694211223e+01 3.456456660800832736e+01
2.154222431519581562e+02 1.421293990937624585e+01 3.458643617920159841e+01
2.155228452073283165e+02 1.430303528738455121e+01 3.457406047141476080e+01
2.155796112326588059e+02 1.437947513930416576e+01 3.457112455020470065e+01
2.155866660057276363e+02 1.441443017667350901e+01 3.456863363623868679e+01
2.155312969651632500e+02 1.446727337865272034e+01 3.455032975600083489e+01
2.154769362321518429e+02 1.454302375099422484e+01 3.453461142418090191e+01
2.155220103962705025e+02 1.458635168415526273e+01 3.458895525818306282e+01
2.156311239193083509e+02 1.466908360052544680e+01 3.463181903188955602e+01
2.157365207869079882e+02 1.473307564221868304e+01 3.472932293556069538e+01
2.158646513283747765e+02 1.481593148465682575e+01 3.478381773404564825e+01
2.160005238692872922e+02 1.485170894047718271e+01 3.490955988220263606e+01
2.161043299768145687e+02 1.489936414661129760e+01 3.503514543287375460e+01
2.162167117682447213e+02 1.496650503703136259e+01 3.508477556989092250e+01
2.163088812179904608e+02 1.501408363432346427e+01 3.516902276409208383e+01
2.163574658696342965e+02 1.509967936946416600e+01 3.513269778037146551e+01
2.164226611207873532e+02 1.521087485044376741e+01 3.515808572529421383e+01
2.164827573775441465e+02 1.525518067294108171e+01 3.520346632478093341e+01
2.165571975133671287e+02 1.534334843729228304e+01 3.521528549186256640e+01
2.165947043011358346e+02 1.539667157113468932e+01 3.529351213236205353e+01
2.166619477122121395e+02 1.546376514432880533e+01 3.532087951457032915e+01
2.167225926234698079e+02 1.559564050624925358e+01 3.528213008632013725e+01
2.167361264766917657e+02 1.563377255736087079e+01 3.537265807896569214e+01
2.167777994335451979e+02 1.569648027434978310e+01 3.537440205672209004e+01
2.168463542077406601e+02 1.576608616692165477e+01 3.542211697268894710e+01
2.169017480335186292e+02 1.586542530299923648e+01 3.547103735131688040e+01
2.169869415722387487e+02 1.587142332468855166e+01 3.557117412063188766e+01
2.171240173226111096e+02 1.590342103543609653e+01 3.568419244141113467e+01
2.171938981057337230e+02 1.598654388222066558e+01 3.569936324533080096e+01
2.172783311890368338e+02 1.604535581427312962e+01 3.576149414280338590e+01
2.173995151110940753e+02 1.609831730931721339e+01 3.578385265866479870e+01
2.174694995414735388e+02 1.625090409699580718e+01 3.571384569627298333e+01
2.175249181524651192e+02 1.631938789535232104e+01 3.569312976411236349e+01
2.170714276057709071e+02 1.606865166184856974e+01 3.541136356979178146e+01
2.154551658018129388e+02 1.513621390089970298e+01 3.447464134669331770e+01
2.143988278847172069e+02 1.436702620247717022e+01 3.388678790391448814e+01
2.144731587402802404e+02 1.421573387890845908e+01 3.391337680509583663e+01
2.151000038304420912e+02 1.444630959435618145e+01 3.429345692893178210e+01
2.156544693373109851e+02 1.468489544019665871e+01 3.456355041425104702e+01
2.159257457532789601e+02 1.486289045160912359e+01 3.476458102849623799e+01
2.161062181594500373e+02 1.491868985360951605e+01 3.488732191260733373e+01
2.162082262123912528e+02 1.505948901902377735e+01 3.494743844817524803e+01
2.163555100909617295e+02 1.520841773449628498e+01 3.494724805267082957e+01
2.164388098140433101e+02 1.529186842206064334e+01 3.499871229549382434e+01
2.165577360284624433e+02 1.536981566560691093e+01 3.508507073925279229e+01
2.166247068021892233e+02 1.546252813685043037e+01 3.516125034642968927e+01
2.166485017338383443e+02 1.548804902064608235e+01 3.527511249107168823e+01
2.166943509991820918e+02 1.548188200886409405e+01 3.531117835665020976e+01
2.167609387286987896e+02 1.554848438418883561e+01 3.533956305921638119e+01
2.168375182790950362e+02 1.563010659895045862e+01 3.541115514867748004e+01
2.169833240576549258e+02 1.570297850671341244e+01 3.547225070018228621e+01
2.170458841899628908e+02 1.577696124268554634e+01 3.551248836784861851e+01
2.171483811875722552e+02 1.579436158922789524e+01 3.560656064603785609e+01
2.171804228357438831e+02 1.586787678594362916e+01 3.562925376228276519e+01
2.172264208123691844e+02 1.593180911780411968e+01 3.560243052817290277e+01
2.173460838235923802e+02 1.598492608373346435e+01 3.576465651073763041e+01
2.174222566711655702e+02 1.605113865524443995e+01 3.584457192556324401e+01
2.175299889818459462e+02 1.605736087045670146e+01 3.593314075973439259e+01
2.175741258142506069e+02 1.610844544887148544e+01 3.599500127305869768e+01
2.175876371354601986e+02 1.620224621631182416e+01 3.597827914008828287e+01
2.176246200539416407e+02 1.622197411973060710e+01 3.600784902650440955e+01
2.177437738416855666e+02 1.629011543149930219e+01 3.606077221712748582e+01
2.177354899473426997e+02 1.628956114399533206e+01 3.610535743657801788e+01
2.177798791382857075e+02 1.633743265744806905e+01 3.611043502556256612e+01
2.177995045210482772e+02 1.639125149556231875e+01 3.615073803606473746e+01
2.178774799296099900e+02 1.643746803270746781e+01 3.620209412522842030e+01
2.179247734969457895e+02 1.656329580251141920e+01 3.615795278642130484e+01
2.179270604961999709e+02 1.660811422828984263e+01 3.608756953942313572e+01
2.179429523245150619e+02 1.669329988080565386e+01 3.605308880091389767e+01
2.179942081462237411e+02 1.678256720735985752e+01 3.605567096952996309e+01
2.179166529596924704e+02 1.678642468787530007e+01 3.596615128443736609e+01
2.171077165382717453e+02 1.630688600829628854e+01 3.547400932374671356e+01
2.157452857397146886e+02 1.547670978542764608e+01 3.469545168798570245e+01
2.153758429789122886e+02 1.503614810742362273e+01 3.449717110584863633e+01
2.156502029007712622e+02 1.514303884744250439e+01 3.466256058294822395e+01
2.161445924296944838e+02 1.536330166083463133e+01 3.495815692645325612e+01
2.164595888358385309e+02 1.547008199399296480e+01 3.511445698976821461e+01
2.166664969255069195e+02 1.556663955314513181e+01 3.525300633374867232e+01
2.167609229562901589e+02 1.563526192337763909e+01 3.537675439881211048e+01
2.168966434061192388e+02 1.569195584626858597e+01 3.538832346055658462e+01
2.169855321948658684e+02 1.577868043522835073e+01 3.543743310808831382e+01
2.171155621849742943e+02 1.585048432560560450e+01 3.553032696203130314e+01
2.171473458416044480e+02 1.595714073269597755e+01 3.560268176011067709e+01
2.171867441918105044e+02 1.606077334372810128e+01 3.554695446054982710e+01
2.171741994939310132e+02 1.606110231110850606e+01 3.554282096288301318e+01
2.172198132997456241e+02 1.611415393420201880e+01 3.558447251432473024e+01
2.172782376811855443e+02 1.621072050615912730e+01 3.557511496959305219e+01
2.173684231872432804e+02 1.624910604240975331e+01 3.564315038090366983e+01
2.174249244614285885e+02 1.631312737571905203e+01 3.568125764680168999e+01
2.174894876896350411e+02 1.634208326479846107e+01 3.571072050615912730e+01
2.175522494834536076e+02 1.639425951921192137e+01 3.573969329424780028e+01
2.176051400026587714e+02 1.652329134117297116e+01 3.573307676881930206e+01
2.176753711585735402e+02 1.654267675800393533e+01 3.578767859436294430e+01
2.177115868620342383e+02 1.662457836971877967e+01 3.574876468242255356e+01
2.177929499586537645e+02 1.667623188144556323e+01 3.582321946405355106e+01
2.178275411040235383e+02 1.672657966305628818e+01 3.585590440117797328e+01
2.178736201958933236e+02 1.686703746848334617e+01 3.596125733135352220e+01
2.179306295669572648e+02 1.692486249839459589e+01 3.599127785801677959e+01
2.179434491553875262e+02 1.699297451854722496e+01 3.601877817909794999e+01
2.179540696194117686e+02 1.706579572928237809e+01 3.606206104823427694e+01
2.180029843650366388e+02 1.705867899317955860e+01 3.611771511875497254e+01
2.180287474679651041e+02 1.706402921951362472e+01 3.608953658410186449e+01
2.181181691388039496e+02 1.714101772593411965e+01 3.608715382379515546e+01
2.181526228388983668e+02 1.715236259415564746e+01 3.610354360958331199e+01
2.181943194543648019e+02 1.718770292893628593e+01 3.614524923785468502e+01
2.182504613429530025e+02 1.718858956362251789e+01 3.617602909333435690e+01
2.182518842395333252e+02 1.719139141935905357e+01 3.615207643759871559e+01
2.176112405450043070e+02 1.687464878225739184e+01 3.568565927541554572e+01
2.162030731411653051e+02 1.599356598387158535e+01 3.485423815886420584e+01
2.155709634463163411e+02 1.546274669737028873e+01 3.450317250733980501e+01
2.157247433040492410e+02 1.539458510679047265e+01 3.461184440293546771e+01
2.162672375527530733e+02 1.545561531545943978e+01 3.516194996541336337e+01
2.166754950846415113e+02 1.555204331554055486e+01 3.549542600149161586e+01
2.168793692388460954e+02 1.560140982801314991e+01 3.564145146717198287e+01
2.170449231996358890e+02 1.570400596647687230e+01 3.575020785781399013e+01
2.171871756798471438e+02 1.575471200708406450e+01 3.582101921304693803e+01
2.172191981758082875e+02 1.587021673542685818e+01 3.576339133824380667e+01
2.172828398447093718e+02 1.601531388219813223e+01 3.577278493419525773e+01
2.173838936669272925e+02 1.611123153219937265e+01 3.578972224788368095e+01
2.174184363684705090e+02 1.618396486808633483e+01 3.584104904543129777e+01
2.174302679281589405e+02 1.626612897774513300e+01 3.579355832298738704e+01
2.174376539218094138e+02 1.631992415724640821e+01 3.578851115221951318e+01
2.174655102486858311e+02 1.639363425586902423e+01 3.580687924869258154e+01
2.175348277314995187e+02 1.648984369543028095e+01 3.583640181788275925e+01
2.175680027398927052e+02 1.652429401572283751e+01 3.588289887858174154e+01
2.176304423259345810e+02 1.659600890465128487e+01 3.585408156137832947e+01
2.176690621951136961e+02 1.662492198290721390e+01 3.592186010774808125e+01
2.177207168334411165e+02 1.672326182423678276e+01 3.591077886407112629e+01
2.177776507222636440e+02 1.677540653383294256e+01 3.593539283436943066e+01
2.178058360165204590e+02 1.683675895027860747e+01 3.592269379220527270e+01
2.178735120422340117e+02 1.687335544474812465e+01 3.602800053175548811e+01
2.178884169684078529e+02 1.695028987433896717e+01 3.596767106867081054e+01
2.179413919826593542e+02 1.701247597524182353e+01 3.601998364175902623e+01
2.180170894047718377e+02 1.705117020006173689e+01 3.613310448319450074e+01
2.180704091588123958e+02 1.709566191166099358e+01 3.609656431875587401e+01
2.181277474972567347e+02 1.717592431947689846e+01 3.616119739620064877e+01
2.182168266815077402e+02 1.718898612703999262e+01 3.623525448781356317e+01
2.182161090369141903e+02 1.719134297553248913e+01 3.620419410878005095e+01
2.182716538271749585e+02 1.725154062634488028e+01 3.621330492797642364e+01
2.183363161962357992e+02 1.730567603923273978e+01 3.626175438754610525e+01
2.184112407703244401e+02 1.733287443134833694e+01 3.633101328712768918e+01
2.184727610502621644e+02 1.739533654940256469e+01 3.631586163541852130e+01
2.185405395966319020e+02 1.744201837260287391e+01 3.633394357533465779e+01
2.184906830128905710e+02 1.746491765676084285e+01 3.636862710195510573e+01
2.176515277830978334e+02 1.703220387866060648e+01 3.582144619468109425e+01
2.158560497326576808e+02 1.587538332586021639e+01 3.478532061926982522e+01
2.149465934977118877e+02 1.513330727130570708e+01 3.425502745525705706e+01
2.149643746352630558e+02 1.493361167879264428e+01 3.425126010279104349e+01
2.155322816141032263e+02 1.516592573899367480e+01 3.458538168102331412e+01
2.160398985608803741e+02 1.539348779778870835e+01 3.486628489927063868e+01
2.163188054428329110e+02 1.554228695419016582e+01 3.500981269138127772e+01
2.164432474938769246e+02 1.565823443657576419e+01 3.518675433121607199e+01
2.165863719629663819e+02 1.575471764008715425e+01 3.527721247462331888e+01
2.166794697316211966e+02 1.580425314265242420e+01 3.540291406515807182e+01
2.167524250078298849e+02 1.587511857471502630e+01 3.547769218116638967e+01
2.168686744191810476e+02 1.591729512204464569e+01 3.551924571835435529e+01
2.169112306309188796e+02 1.598243404316682970e+01 3.550688240317430910e+01
2.169225349415181654e+02 1.600379439088084510e+01 3.554920878838609610e+01
2.169057249336995596e+02 1.603215318163280401e+01 3.551719868503175803e+01
2.169266459071726274e+02 1.612566328611374544e+01 3.550569158632126943e+01
2.170475932431001240e+02 1.611594410258374666e+01 3.561369878755241558e+01
2.171581792331454892e+02 1.619852843427299405e+01 3.570473825687845704e+01
2.172014778746904540e+02 1.620785556078799061e+01 3.576398280356816883e+01
2.172337144247689764e+02 1.628254354874688303e+01 3.575539810686031927e+01
2.173080689389450129e+02 1.629459366895516936e+01 3.578324654753240708e+01
2.173335650375270802e+02 1.635707493921989553e+01 3.578215487153373431e+01
2.174335046517339549e+02 1.640800742655127209e+01 3.578156115300813411e+01
2.174877820162996613e+02 1.645935450291000990e+01 3.575587691212290053e+01
2.175147010114620230e+02 1.650418419469461284e+01 3.570001329388728806e+01
2.175282911947148818e+02 1.653683308059926205e+01 3.579170393837043918e+01
2.175709420409046118e+02 1.664932189908812887e+01 3.572922041490447498e+01
2.176116889320502139e+02 1.670246139702982902e+01 3.574749387692564540e+01
2.176722932856856403e+02 1.674794001077030359e+01 3.577423374258978583e+01
2.176887619335170427e+02 1.681265645666080033e+01 3.579800388902533115e+01
2.177032680430721996e+02 1.683111355458267511e+01 3.579355381658491098e+01
2.177611189847976618e+02 1.688996829745861561e+01 3.579953155946310517e+01
2.177973121562459937e+02 1.695078107220833985e+01 3.584120564291717415e+01
2.178527713248597877e+02 1.698558401849427568e+01 3.585425393127285787e+01
2.179168129369802216e+02 1.706530903781547792e+01 3.584445363249837158e+01
2.179271258390358241e+02 1.707123946346772314e+01 3.591442679687165196e+01
2.180037898844783797e+02 1.706033058968529659e+01 3.601177072325506145e+01
2.180886398100100791e+02 1.704633032380754898e+01 3.609841870337281478e+01
2.180263218968349292e+02 1.703133526958426103e+01 3.608049786734503073e+01
2.167833659671979092e+02 1.629853113811447685e+01 3.533867642453014923e+01
2.148237331939352828e+02 1.504921104158733591e+01 3.420254138567369750e+01
2.140608927633935821e+02 1.423845290696757360e+01 3.387086565738272981e+01
2.142637608632464605e+02 1.412615899038559064e+01 3.399719701766284174e+01
2.148841505318681584e+02 1.436521575528431960e+01 3.440497349108746050e+01
2.154618307710680085e+02 1.460461162696901560e+01 3.470018228397996296e+01
2.158124480355465096e+02 1.478553917978968535e+01 3.490505009992947549e+01
2.159525734937913057e+02 1.502053680266238267e+01 3.493793782516510049e+01
2.160101382789598290e+02 1.515371451489703958e+01 3.492669322439856217e+01
2.160671769416398433e+02 1.525386142361760555e+01 3.502661706619679904e+01
2.161378666240060511e+02 1.537264793956012987e+01 3.501618699767694665e+01
2.162322306917553192e+02 1.543827355214921582e+01 3.507171939533091631e+01
2.162616304614781484e+02 1.547880526257680600e+01 3.512894394711285884e+01
2.163508763826206120e+02 1.550799886438657715e+01 3.507934760811422592e+01
2.163865107601625084e+02 1.556702823035828231e+01 3.502976478832300700e+01
2.164624425152034632e+02 1.558042689150610727e+01 3.504374590199025619e+01
2.165125368116751758e+02 1.564041950100605405e+01 3.503398616083801187e+01
2.165890127148145723e+02 1.567978405319357549e+01 3.507545632958024839e+01
2.166218993134495747e+02 1.575898069682501479e+01 3.511416745340942924e+01
2.166742761027730069e+02 1.584589455468857366e+01 3.515287181763490310e+01
2.167605669504949049e+02 1.593166040652256754e+01 3.520063517742833170e+01
2.168286462992296322e+02 1.600886634686230536e+01 3.527562734755403540e+01
2.168949106943690310e+02 1.609428971210847692e+01 3.529286884340927344e+01
2.169247013945062577e+02 1.612226658525099410e+01 3.540170634929576465e+01
2.169823563077241886e+02 1.610202833175233650e+01 3.550147359360811805e+01
2.170307956278883239e+02 1.617059775175580683e+01 3.552465903432301531e+01
2.171017748466133241e+02 1.621019213046936258e+01 3.556844887373735986e+01
2.171602150004619034e+02 1.631617821019213110e+01 3.552441794179080148e+01
2.171829171295117646e+02 1.636254233201821506e+01 3.550181270039408332e+01
2.172250012955907152e+02 1.644377136316421684e+01 3.548212310139631143e+01
2.172976614024375124e+02 1.645026621572599268e+01 3.554435088652202523e+01
2.173360683440998855e+02 1.648509394722552202e+01 3.561768244733705302e+01
2.173540331175517508e+02 1.656485501776649016e+01 3.563239810460711965e+01
2.173833574050331947e+02 1.657552730541917541e+01 3.570446111312647730e+01
2.174032757039563819e+02 1.660275160934898153e+01 3.573095200005407435e+01
2.174431280742114438e+02 1.662705125807491058e+01 3.576252836217055631e+01
2.175238264764664393e+02 1.667849634868739628e+01 3.585529265704249013e+01
2.176104530511724420e+02 1.671038365257439651e+01 3.582888063215813901e+01
2.176553210473780666e+02 1.672175555921074874e+01 3.585808212017223440e+01
2.177167072618422594e+02 1.676388704251565542e+01 3.582977289984745539e+01
2.176104338989619578e+02 1.679281701978085195e+01 3.572717450818250029e+01
2.162612643162773622e+02 1.599868413047837734e+01 3.500216419978684712e+01
2.141411439052033074e+02 1.467583644462870573e+01 3.375494859321381114e+01
2.133089307884176549e+02 1.379700684747855455e+01 3.327533330479278106e+01
2.133717759506819220e+02 1.358279387940416427e+01 3.331163237669919397e+01
2.140670992061972129e+02 1.369690162298084957e+01 3.362545035859697862e+01
2.146287422856022715e+02 1.398452839371537060e+01 3.399124518659886007e+01
2.149992102529668898e+02 1.421542631693979253e+01 3.433142111655133988e+01
2.152341706980191987e+02 1.442099149867173757e+01 3.451265397813943991e+01
2.153840649102211842e+02 1.452961269723960314e+01 3.469922016705233858e+01
2.155152812107802163e+02 1.463176157525804832e+01 3.479674885593707501e+01
2.156514500476552030e+02 1.469753702572930543e+01 3.481831086516167773e+01
2.157460642207416299e+02 1.474954203684885279e+01 3.490284646912100186e+01
2.158295081487022742e+02 1.478362846514185058e+01 3.490106981994669155e+01
2.158304533666206169e+02 1.485657022214311063e+01 3.495745392766773563e+01
2.158570940914304117e+02 1.486339404208529302e+01 3.495396822535617787e+01
2.159180454380561116e+02 1.488502477394758650e+01 3.498944262561033725e+01
2.159924089650370718e+02 1.496723394763109738e+01 3.499516012374581209e+01
2.160931360730758115e+02 1.505973687115969994e+01 3.505523948149333080e+01
2.162140721429971677e+02 1.518655154310486566e+01 3.507250801576339683e+01
2.163025711279300083e+02 1.525095592062422689e+01 3.511059162304844961e+01
2.163803933188077053e+02 1.531437452260298748e+01 3.518651661848571166e+01
2.164416578604051722e+02 1.535220126494717441e+01 3.519251351357441138e+01
2.164992992544157175e+02 1.539795814904024951e+01 3.523343953421824182e+01
2.165572741222091224e+02 1.546531985318140734e+01 3.527553609290399095e+01
2.166083249026053750e+02 1.553862212238037266e+01 3.534698735728786545e+01
2.166653556790810455e+02 1.556672742799332099e+01 3.537482565855439276e+01
2.167060834180161351e+02 1.562993422905593199e+01 3.530632158138675436e+01
2.167871344462645311e+02 1.571991131399936492e+01 3.522746517114190112e+01
2.168577869508103504e+02 1.581178784758445488e+01 3.526955271702271233e+01
2.168962862737234047e+02 1.590264480761041277e+01 3.528758170670980832e+01
2.169466002573155947e+02 1.592591699657288018e+01 3.532243422342293115e+01
2.170112637529770439e+02 1.592901627487252547e+01 3.543337847246475292e+01
2.171008803257227839e+02 1.594062927404109331e+01 3.553766338525460355e+01
2.171698834869640962e+02 1.599847345616284322e+01 3.563378157016581582e+01
2.171714359426154601e+02 1.605068350859483672e+01 3.568345113820460313e+01
2.172386218970602556e+02 1.609565402545666757e+01 3.569957955264942484e+01
2.172764914502279225e+02 1.614426233571346359e+01 3.573053515782547862e+01
2.173252912825897454e+02 1.623002030134313500e+01 3.575245767924779017e+01
2.173551022615380930e+02 1.624150712124250617e+01 3.579240693715596677e+01
2.173542235130561835e+02 1.630053423401297508e+01 3.581726537978833136e+01
2.174028982927494269e+02 1.633982443055971601e+01 3.581620750180819357e+01
2.172448565048792943e+02 1.629516485546840698e+01 3.569591697404086972e+01
2.157409686061471916e+02 1.543519793246254679e+01 3.472992116048876454e+01
2.139521690441694943e+02 1.418238762722137558e+01 3.367228990588378679e+01
2.134680845310975599e+02 1.365706502513445919e+01 3.335091130723976249e+01
2.138559607312088531e+02 1.367193840649102299e+01 3.354865450088212953e+01
2.145488539091914788e+02 1.397105763012800494e+01 3.404716964126782841e+01
2.150862919743225063e+02 1.423597325900773569e+01 3.434819845295203322e+01
2.153841550382706203e+02 1.437666765056454032e+01 3.463584099609520450e+01
2.155691079350987991e+02 1.448703170028818477e+01 3.475737867074646203e+01
2.157297870950152401e+02 1.459305045142886748e+01 3.485466626709897753e+01
2.158646558347772668e+02 1.467882531606780283e+01 3.493778235427983958e+01
2.159815057242577439e+02 1.482316313402266239e+01 3.494386149121363871e+01
2.160649136009986080e+02 1.491117880729045808e+01 3.498549501704546572e+01
2.160935089778803331e+02 1.494220764150666980e+01 3.496457404357240506e+01
2.161017444283966427e+02 1.497722238870875877e+01 3.497108917494530544e+01
2.161797795467911101e+02 1.507691302417910251e+01 3.492916949255654657e+01
2.162672071345363918e+02 1.514285971794426899e+01 3.490617444734606778e+01
2.163354149157415520e+02 1.523262274877031608e+01 3.496598229434469118e+01
2.164090326331134975e+02 1.527232415454256653e+01 3.504074013154188805e+01
2.164671686047952619e+02 1.534476344766827438e+01 3.512599338009476924e+01
2.165737709350559896e+02 1.545109201397885990e+01 3.511536052346371406e+01
2.166629301079508707e+02 1.552671733365178497e+01 3.513127150398928933e+01
2.167008109271247065e+02 1.562040206122849106e+01 3.519287853217458917e+01
2.167970361390946152e+02 1.568875968031580825e+01 3.518969025242613213e+01
2.168384071669824777e+02 1.574155218526721889e+01 3.527827260580469471e+01
2.168803020641576609e+02 1.578937525489338967e+01 3.538337993704556084e+01
2.169199876975212646e+02 1.588510476259145143e+01 3.543035129660464833e+01
2.169549145698751431e+02 1.595060532251195973e+01 3.547206481108034382e+01
2.170213423221041182e+02 1.596702102011432700e+01 3.556186727292801208e+01
2.170727941723203287e+02 1.604803712374355840e+01 3.556457336761203436e+01
2.171382631874235187e+02 1.611125631741296615e+01 3.561438714052990662e+01
2.171986974243656618e+02 1.613416010797340405e+01 3.564513432459166609e+01
2.172343374349106568e+02 1.618229975237318286e+01 3.567095826395350855e+01
2.172996836505465126e+02 1.621637266145876666e+01 3.570268446395215989e+01
2.173418849830897273e+02 1.631879079702487445e+01 3.574425827995123939e+01
2.174369926072467365e+02 1.634946925844894139e+01 3.571228422781666723e+01
2.174820419861518133e+02 1.643117822145813633e+01 3.573185102734710483e+01
2.175168809836575292e+02 1.643454450410420620e+01 3.574894043211893546e+01
2.175766178548172434e+02 1.650266779026301478e+01 3.576731078179323475e+01
2.176255055620272572e+02 1.654311049924179855e+01 3.579119358829056097e+01
2.176613697660951914e+02 1.661738164497209524e+01 3.579399093762462769e+01
2.176194782487218617e+02 1.657908511017027564e+01 3.573307338901744856e+01
2.166471419268926297e+02 1.604873110972414096e+01 3.513727177887984254e+01
2.151268642423723634e+02 1.513614630486263302e+01 3.427676972058051774e+01
2.145965924837713317e+02 1.461030997289398847e+01 3.400039318361562124e+01
2.150186632658349311e+02 1.466246594849632601e+01 3.427748736517406769e+01
2.156033036436517136e+02 1.488017137848598459e+01 3.465608488259695008e+01
2.159940154975180917e+02 1.506459815282562786e+01 3.486723011718899556e+01
2.162052215685435215e+02 1.518760942108500700e+01 3.499670807299470709e+01
2.163510679047256531e+02 1.531552252863255426e+01 3.511477243794120540e+01
2.164966945537873073e+02 1.534328084125521308e+01 3.516434173852501033e+01
2.165935675611124509e+02 1.549800929670829852e+01 3.518395698188201237e+01
2.166637266145876879e+02 1.562095972853431469e+01 3.527217206345915912e+01
2.167448948093003196e+02 1.569363560778976741e+01 3.537287776608616952e+01
2.168094152266833134e+02 1.573315788406378424e+01 3.535956585318591294e+01
2.168279782250632479e+02 1.582304596755840898e+01 3.535785454684743456e+01
2.168787079242834182e+02 1.585461557007117861e+01 3.542281321187076770e+01
2.169590277887308503e+02 1.590355735411085369e+01 3.547096412227672602e+01
2.170279768731425065e+02 1.597314296787160437e+01 3.551495337000042696e+01
2.171159181907695483e+02 1.603814219051717771e+01 3.557205174251317459e+01
2.171750827488153845e+02 1.611065245948180902e+01 3.557138479494742000e+01
2.172595586429419541e+02 1.622052193153422550e+01 3.555343016090110098e+01
2.173045032479895724e+02 1.628222021436956624e+01 3.565986462766976217e+01
2.173787991789334626e+02 1.632885246714269201e+01 3.567625779325977220e+01
2.174564895575388732e+02 1.639680338340697574e+01 3.574036249501479290e+01
2.175370662869271428e+02 1.648576202139189206e+01 3.578590081858801142e+01
2.176032856180418378e+02 1.657066715035386650e+01 3.585476653455396701e+01
2.176902670719424577e+02 1.663101125924657353e+01 3.589946328746566451e+01
2.177261324026110003e+02 1.663772917873068025e+01 3.593355309556051935e+01
2.177792020513143996e+02 1.671020677627739559e+01 3.594529678040075282e+01
2.178220185077949509e+02 1.674327588421249402e+01 3.600458639111517556e+01
2.179002845793160645e+02 1.683118002401912605e+01 3.595323030195149983e+01
2.179557775459483935e+02 1.685680793487347273e+01 3.603314346357587539e+01
2.180348592763168369e+02 1.691338694450140068e+01 3.606292064450568091e+01
2.180043126271650351e+02 1.696237153936455044e+01 3.602794082192274772e+01
2.180465083267051796e+02 1.697185413676480792e+01 3.617383672853205923e+01
2.181407293161759640e+02 1.703528851115222054e+01 3.629030582700371355e+01
2.182108421790258603e+02 1.710856261533573885e+01 3.637597479118457500e+01
2.182408334140730517e+02 1.713843443071744232e+01 3.643295487063245019e+01
2.182837625306153768e+02 1.716597530942085825e+01 3.646439716727540770e+01
2.182750246162235044e+02 1.718501260666091213e+01 3.645916861380806751e+01
