2.120966735990158156e+02 1.290752073508437192e+01 3.268973418985022761e+01
2.120711245502047007e+02 1.287212294367222221e+01 3.265360861443896567e+01
2.120729541496080515e+02 1.286462428995996099e+01 3.264825050190057709e+01
2.123234932280036844e+02 1.299125757920565682e+01 3.284021986737657528e+01
2.134014934217789801e+02 1.315984885526111192e+01 3.327281535241193922e+01
2.138623609493187416e+02 1.335096200426756319e+01 3.340199363245330488e+01
2.142786883214326679e+02 1.356330256211512442e+01 3.363265722274922354e+01
2.144992068731650363e+02 1.366818569983303711e+01 3.390082872741447062e+01
2.146248656528763377e+02 1.383021790709149990e+01 3.415850707392527852e+01
2.147341076083846190e+02 1.399786283862798086e+01 3.434094427157383933e+01
2.147767201501533236e+02 1.412935628293898560e+01 3.444469066926836121e+01
2.147726474889198869e+02 1.418216118049719121e+01 3.449018392881686879e+01
2.147604261254176947e+02 1.419138803955720007e+01 3.448894128833540407e+01
2.147927606897499686e+02 1.421753080689389392e+01 3.448831489839189146e+01
2.148733791033610885e+02 1.431416384828745514e+01 3.446795046562403542e+01
2.150409147546376403e+02 1.443652844779220068e+01 3.453533920818001945e+01
2.151910883637928578e+02 1.450449626306575013e+01 3.465815895433436822e+01
2.153175042191193143e+02 1.461267020118833848e+01 3.469722946376063533e+01
2.154134004637088253e+02 1.470156800273989184e+01 3.476785943629411690e+01
2.155537534952784142e+02 1.478802220755137853e+01 3.480810724336600970e+01
2.156808689695885448e+02 1.488619531198950874e+01 3.486440347623886282e+01
2.157472403917866188e+02 1.494204653761832091e+01 3.487839022290919644e+01
2.158342804289193850e+02 1.496822760937602048e+01 3.495770853940736345e+01
2.159379062803478178e+02 1.502476268157985473e+01 3.501441823470695880e+01
2.159956547014170383e+02 1.512227221825408385e+01 3.504499304887418987e+01
2.160996444448450120e+02 1.515902869001133446e+01 3.507923720125368305e+01
2.161828078492518159e+02 1.526438499998873333e+01 3.518817272139391861e+01
2.162657470601356806e+02 1.533736393481038185e+01 3.519921791385110055e+01
2.162691629132089304e+02 1.540018205865984058e+01 3.520171896722268201e+01
2.162837670370178387e+02 1.546170346519818040e+01 3.520074445768825910e+01
2.163503130823116862e+02 1.553549693226651840e+01 3.522942207641506940e+01
2.164064729965097911e+02 1.559098651909700628e+01 3.530063788126981450e+01
2.164468481094515084e+02 1.564274367808063282e+01 3.526677564649976659e+01
2.165350981156477985e+02 1.564359876794956428e+01 3.537023363443612567e+01
2.165839948356627644e+02 1.566785785905324957e+01 3.549739529937158267e+01
2.166580046100497157e+02 1.568820313961060187e+01 3.558648349642754738e+01
2.167552426359750655e+02 1.573364344893006717e+01 3.566182265954354591e+01
2.167905255141241980e+02 1.582553124852133664e+01 3.566333455757266790e+01
2.167880008021396350e+02 1.594377136316421506e+01 3.551706461955824068e+01
2.168174794339057314e+02 1.602928710966105186e+01 3.547076358736675417e+01
2.168679781799992270e+02 1.610821787554668205e+01 3.550676523671005924e+01
2.167975048049516431e+02 1.614741118444029411e+01 3.538144443718412901e+01
2.156211073132152478e+02 1.542025357526706131e+01 3.474621631182502313e+01
2.137223650501449868e+02 1.421589047639433723e+01 3.371691568295656083e+01
2.131404375266159263e+02 1.359274063625896467e+01 3.328079168478615912e+01
2.134395161926306912e+02 1.354932144844788233e+01 3.348295565925288031e+01
2.140994078587152671e+02 1.381782417369477756e+01 3.389381451196787509e+01
2.146222451798392683e+02 1.405121639068706862e+01 3.420154997713000711e+01
2.148753382618355090e+02 1.427070748265598432e+01 3.431146789300899513e+01
2.150285965034823334e+02 1.441138497520351969e+01 3.444117342213950650e+01
2.151739088309716124e+02 1.452963072284948787e+01 3.455052015150525335e+01
2.153002627232640691e+02 1.462648232476290744e+01 3.458493442057803691e+01
2.154137406970953919e+02 1.468381953660663441e+01 3.470968290699010339e+01
2.154868582037930480e+02 1.474814617868336519e+01 3.478795573811492403e+01
2.155293017554690778e+02 1.478093926946709580e+01 3.479297361726673188e+01
2.155795751814390258e+02 1.482067109345602773e+01 3.481295725902575811e+01
2.156296334266909582e+02 1.488169341592066885e+01 3.483344223805972462e+01
2.156894052224698157e+02 1.499168681404104930e+01 3.488966524189241625e+01
2.158142021527084466e+02 1.503624274187551890e+01 3.496294948548149506e+01
2.159375378819457865e+02 1.509506030693107270e+01 3.507291246538519403e+01
2.161161119660758061e+02 1.516915232316313400e+01 3.507609285892932149e+01
2.161879631736790088e+02 1.521974795690977977e+01 3.520531507639478974e+01
2.162701013715235945e+02 1.527326261285721642e+01 3.521451264383873081e+01
2.163561601395182095e+02 1.534015790434259507e+01 3.521596032563264345e+01
2.164644512441050495e+02 1.538581226777944799e+01 3.529093897655093315e+01
2.165438270172347472e+02 1.544888838317038982e+01 3.539287042065014077e+01
2.165654093052704638e+02 1.550503365156045454e+01 3.539507179825737637e+01
2.166154078406896701e+02 1.557814214545315323e+01 3.540360467133680089e+01
2.166494784965740052e+02 1.563623981271391372e+01 3.536789593815413468e+01
2.167235322083850519e+02 1.571780344424340825e+01 3.537269750998731155e+01
2.168295689851356371e+02 1.581758195456194471e+01 3.542833918790120862e+01
2.168860342081011652e+02 1.591971618677235689e+01 3.541091743594711971e+01
2.169204631229819711e+02 1.598534855896514983e+01 3.556117666674928302e+01
2.169565436343685292e+02 1.603235484314339487e+01 3.567514358524874041e+01
2.170075786423561226e+02 1.613435500988028792e+01 3.571689089774297088e+01
2.170826677001349765e+02 1.621117114640625800e+01 3.579029005459506863e+01
2.171258976190422629e+02 1.628276323586735685e+01 3.582085247615550117e+01
2.171715981731044280e+02 1.633000272637349681e+01 3.582937070342689623e+01
2.172755676377212808e+02 1.636745318411132644e+01 3.581828945974994127e+01
2.174062082453646099e+02 1.641648960260289769e+01 3.584698848388848802e+01
2.174782250632586340e+02 1.647684610410240325e+01 3.583706538564666033e+01
2.175408888428234491e+02 1.651870720325903008e+01 3.585797509311353792e+01
2.175886736080286141e+02 1.658815424514378734e+01 3.581452999348825017e+01
2.174514390069691387e+02 1.656019201780930317e+01 3.575063258624690832e+01
2.164488365595419737e+02 1.605616892700303922e+01 3.515786040517064492e+01
2.153230290685491468e+02 1.534652545103455701e+01 3.450652977718092984e+01
2.151542564097942147e+02 1.512943739818346955e+01 3.434991313909236510e+01
2.154930916850114784e+02 1.523270949701788801e+01 3.460447418169363942e+01
2.159371120269122457e+02 1.535753909867444200e+01 3.496298553670126807e+01
2.161951001885929315e+02 1.542983418692106845e+01 3.515928104854972958e+01
2.163252203067508219e+02 1.545008483302652280e+01 3.524871060559289759e+01
2.164641526949413333e+02 1.553285730701894707e+01 3.537717236764132878e+01
2.165775934909522675e+02 1.559399003634413639e+01 3.543617694839943510e+01
2.166804600135642715e+02 1.569430931495922898e+01 3.541227273649036533e+01
2.167161495945364322e+02 1.583997426844188894e+01 3.541577759101242862e+01
2.167781543127398152e+02 1.595356828213684608e+01 3.543111513182353889e+01
2.168016112642036148e+02 1.599692438031333097e+01 3.545026734232661170e+01
2.168159066994432465e+02 1.602766255157014186e+01 3.547139110391088224e+01
2.168632915214290620e+02 1.609002890857185264e+01 3.540482703300714462e+01
2.169308988245049079e+02 1.616603501925360575e+01 3.543097205354507651e+01
2.170189336499832109e+02 1.625329361690621965e+01 3.546100497281512531e+01
2.170676568735030401e+02 1.629429286659020804e+01 3.555338397027576747e+01
2.171288380466547778e+02 1.631883473444896993e+01 3.566536807168785117e+01
2.172075694042310658e+02 1.635676737725123076e+01 3.575518630594417147e+01
2.172546072332266078e+02 1.645052195406623952e+01 3.578741722301960237e+01
2.173572619549224498e+02 1.647975386029701639e+01 3.589434852066072779e+01
2.174341918781108234e+02 1.654376167439890111e+01 3.588796858136196732e+01
2.174555161746050658e+02 1.658190837131855133e+01 3.587254767210514217e+01
2.174921791385110339e+02 1.663583648969273199e+01 3.591419021074191420e+01
2.175351183944589195e+02 1.668790571704749581e+01 3.598146854643734827e+01
2.175912907012638300e+02 1.672841151566087348e+01 3.600079200023433401e+01
2.176327236921856638e+02 1.677162678876013047e+01 3.607471389977310139e+01
2.176689495350519223e+02 1.681680460013564371e+01 3.608809453531104339e+01
2.177599698521674725e+02 1.692270505821145221e+01 3.600872777498631194e+01
2.177773048558739788e+02 1.701541527625373718e+01 3.593995444027101627e+01
2.178335470119171760e+02 1.703957973290552630e+01 3.593577024557639987e+01
2.178872486835671793e+02 1.709645729169717754e+01 3.598007156167124521e+01
2.179478271253883861e+02 1.714755651591999452e+01 3.602495307708426964e+01
2.179714519403442523e+02 1.721523028843229142e+01 3.597836926813770475e+01
2.180209130872687240e+02 1.725929276519615385e+01 3.605103838778945402e+01
2.180256819876840098e+02 1.731706146507650601e+01 3.599198311000353812e+01
2.176437474792311093e+02 1.714320558433394126e+01 3.576868748774821682e+01
2.165982823846980523e+02 1.661909295131057362e+01 3.508960868654140342e+01
2.161015619190965538e+02 1.624097987215336047e+01 3.487719377305306523e+01
2.162532508060827467e+02 1.629625315166522981e+01 3.505590980886093888e+01
2.165859776527501310e+02 1.648198565612093347e+01 3.528160396383161412e+01
2.168216467295910661e+02 1.663881409512564957e+01 3.549281454125949153e+01
2.170033392442312277e+02 1.670434507326283935e+01 3.553068296782654301e+01
2.171227149722969045e+02 1.678596165502137083e+01 3.552815600264074902e+01
2.172207517580602598e+02 1.683851306744056586e+01 3.561370104075365361e+01
2.173070989358130589e+02 1.689458060038800014e+01 3.560972639377395410e+01
2.173865411783791899e+02 1.695123847205917755e+01 3.562171567754887747e+01
2.174733220973698451e+02 1.707239648230223139e+01 3.571440336357880341e+01
2.175088415616487225e+02 1.709698228758508520e+01 3.582415003616387850e+01
2.174949224110154375e+02 1.712396437238206204e+01 3.587497436983594667e+01
2.175397183047815304e+02 1.717394150238952122e+01 3.595339703884293669e+01
2.175736109577682384e+02 1.718139509207706794e+01 3.602801630416414014e+01
2.176526386113070259e+02 1.726333613481353524e+01 3.601698125111251869e+01
2.177174587044543443e+02 1.731631340226627103e+01 3.600352963973565323e+01
2.177656828439004641e+02 1.735297636617223915e+01 3.599020984063107420e+01
2.178045438056118144e+02 1.741544637043078936e+01 3.596779724794001254e+01
2.178583851757384195e+02 1.744233269417524923e+01 3.602855594586007726e+01
2.178905496233774102e+02 1.751637739318136155e+01 3.607934986131546395e+01
2.179384414156412788e+02 1.756277869282783399e+01 3.610131857336310901e+01
2.179662909829139892e+02 1.765867155761548091e+01 3.614612798633658741e+01
2.180229173097678483e+02 1.770662981931579338e+01 3.615184999087453832e+01
2.180566612514730309e+02 1.774252669480164002e+01 3.617379617090981725e+01
2.180888606237311649e+02 1.777661086989339978e+01 3.622618084643757896e+01
2.181498514013784984e+02 1.780111105352930068e+01 3.625156766475970471e+01
2.181808791089941053e+02 1.787835417168942698e+01 3.627046413692253424e+01
2.182172243715258446e+02 1.790424570708834651e+01 3.634341941313120827e+01
2.182465610516140941e+02 1.797809325098634048e+01 3.630910541151340709e+01
2.182576163834768295e+02 1.798368456985261687e+01 3.633546899257119378e+01
2.182788471721197823e+02 1.801376931275109072e+01 3.636589847525872443e+01
2.182926807011060930e+02 1.806460603902995032e+01 3.638435444657997664e+01
2.183400148260641345e+02 1.812940585336616905e+01 3.640292420456363232e+01
2.183696748405296830e+02 1.818130383742702350e+01 3.644244873403888363e+01
2.181397503002390579e+02 1.810646375838472366e+01 3.622899960118338214e+01
2.169189805165689222e+02 1.739425275960821438e+01 3.544291514669466636e+01
2.157690739117601311e+02 1.672916070507173103e+01 3.476965523767893274e+01
2.155380498092665107e+02 1.637645246984653369e+01 3.463058878401488982e+01
2.158421981780614942e+02 1.639054737017617924e+01 3.480408753236159924e+01
2.162285940249609553e+02 1.648073963583761525e+01 3.504352508826915624e+01
2.165204286490030654e+02 1.644039043471011396e+01 3.521533055588727734e+01
2.166626056469729349e+02 1.647891341623611794e+01 3.533045561982186200e+01
2.168200525897168518e+02 1.655277447934152590e+01 3.541357283360333952e+01
2.169164896026028941e+02 1.656985487130841150e+01 3.546843377728908564e+01
2.169613936500282705e+02 1.666917598177610671e+01 3.547186540277098743e+01
2.169699276497083247e+02 1.677949384087442297e+01 3.542385982384472953e+01
2.170305162309350919e+02 1.681900485114226029e+01 3.542904894629044321e+01
2.170389950271848818e+02 1.683747772147278354e+01 3.546278162198944273e+01
2.170732403061649904e+02 1.688718334073134386e+01 3.546117396290780022e+01
2.170775856047479522e+02 1.691803304544932374e+01 3.544131988021982238e+01
2.171324352824275081e+02 1.695054561267921400e+01 3.552537329911471886e+01
2.172219065236935478e+02 1.698575075538571255e+01 3.563603364480085389e+01
2.172667046706608289e+02 1.705572617296023452e+01 3.573746600482635927e+01
2.173439624346289918e+02 1.710052657312877145e+01 3.575847485314761087e+01
2.173768163618460960e+02 1.713546583808946622e+01 3.580040016853945417e+01
2.174439662650711114e+02 1.711752584985117664e+01 3.590728752875648411e+01
2.175094172545644255e+02 1.717108444322270699e+01 3.596239632457814395e+01
2.175348964541372254e+02 1.720802905728313448e+01 3.590874309675471210e+01
2.175867538805758272e+02 1.722158431591683936e+01 3.601227544033184813e+01
2.176635688905011818e+02 1.729708458292118678e+01 3.605354394756349734e+01
2.176388107153237854e+02 1.737785283441449380e+01 3.594117004233765300e+01
2.176988619080558749e+02 1.744227636414435878e+01 3.586876229402923855e+01
2.177547627041118687e+02 1.751389211221843567e+01 3.587827192984432401e+01
2.177941452819092660e+02 1.755492741312219351e+01 3.590549172737166117e+01
2.177984173514520876e+02 1.762039079522231333e+01 3.590206460829222834e+01
2.178005601458271769e+02 1.766851241401220918e+01 3.599861202803883486e+01
2.178130845648955756e+02 1.773817801641682479e+01 3.596590117910020723e+01
2.178323302832499166e+02 1.775862581763039927e+01 3.595340830484911265e+01
2.178844693598429956e+02 1.781719440394941145e+01 3.591285518900978246e+01
2.178980077194674436e+02 1.787812885156586162e+01 3.600700858244350400e+01
2.179634282907440763e+02 1.782612384044631426e+01 3.608082908792667354e+01
2.179661355120287283e+02 1.778876238415729105e+01 3.606571236083665610e+01
2.172729573040897719e+02 1.735752107306455727e+01 3.567769984205059330e+01
2.153138269947027368e+02 1.622587441106952610e+01 3.453652889843245077e+01
2.141396466529822362e+02 1.524148571583076617e+01 3.380607598245207157e+01
2.140130967321822482e+02 1.489400716067352626e+01 3.372761162922221700e+01
2.145107838211138471e+02 1.495612679213993346e+01 3.399653119669770973e+01
2.150805598303790021e+02 1.517681208076374588e+01 3.435006748337701055e+01
2.154410945600962464e+02 1.535345629803543410e+01 3.455899106155069944e+01
2.156710495186035530e+02 1.549392311626743712e+01 3.468575165666620563e+01
2.157880143213470490e+02 1.561751233064376265e+01 3.472253629343890680e+01
2.158396599468695172e+02 1.569033466797953125e+01 3.482163659018550561e+01
2.158932906426805971e+02 1.574767863942696522e+01 3.485832433930507079e+01
2.159293520018566426e+02 1.576910545657743157e+01 3.484500341359986919e+01
2.159476434894876888e+02 1.583822916408487380e+01 3.475513898871822249e+01
2.159407960109325302e+02 1.586258401624107428e+01 3.470928634357262865e+01
2.159422053883054389e+02 1.587168694923312273e+01 3.471709255925355819e+01
2.160122348827096062e+02 1.590723119872559010e+01 3.470114102110573384e+01
2.161380998303339425e+02 1.597896636646515489e+01 3.477235795256110151e+01
2.162357017482588333e+02 1.606639057440859020e+01 3.481453562649133460e+01
2.164129486968610649e+02 1.610807254406698164e+01 3.499595550378199960e+01
2.165391741566831172e+02 1.612139121657094165e+01 3.521518973081004589e+01
2.166019032790837571e+02 1.618115737934670761e+01 3.522814000491197817e+01
2.166845214087915394e+02 1.620471459826548610e+01 3.528142821413523222e+01
2.167010587792606486e+02 1.634670232733155615e+01 3.530617399670582301e+01
2.167843438565341785e+02 1.645709566867126483e+01 3.533365065917401893e+01
2.168139261355570966e+02 1.650897788032347080e+01 3.533520424142600547e+01
2.168815863888619617e+02 1.659351686408464843e+01 3.534673274554823763e+01
2.169818910216690426e+02 1.667817639411193298e+01 3.539339316333681040e+01
2.170332234522197439e+02 1.672710578554481131e+01 3.539358693864307526e+01
2.170895692555197911e+02 1.669571305932904082e+01 3.546820620396428581e+01
2.171093140579478415e+02 1.670278135160529231e+01 3.550411321885568583e+01
2.172140552439879002e+02 1.673731842014542082e+01 3.554996023099818814e+01
2.172573403663254510e+02 1.679224132686514537e+01 3.563141232906652078e+01
2.173099131841563860e+02 1.688832909355967615e+01 3.562935966274083910e+01
2.173354892713823290e+02 1.693723031997710748e+01 3.560516591447298396e+01
2.173858505722004679e+02 1.698920829268182686e+01 3.568685121886920797e+01
2.174183698990340474e+02 1.704501445428592632e+01 3.572071120043802495e+01
2.174577648694382503e+02 1.708141266704670613e+01 3.573519703118205371e+01
2.175078219880895745e+02 1.712062738135205464e+01 3.576256891979279828e+01
2.175459585456036677e+02 1.716247270810003300e+01 3.573874244332635897e+01
2.175225004675392597e+02 1.717735059585906754e+01 3.573604310824604369e+01
2.165714028205572959e+02 1.662043360604578979e+01 3.513620714129599776e+01
2.144424307084289865e+02 1.534180274124462251e+01 3.395163616207727131e+01
2.133235044940098533e+02 1.426246977893842605e+01 3.347909254573435334e+01
2.132923100495028450e+02 1.396107594865405055e+01 3.342569280304993384e+01
2.138224860470513420e+02 1.402915079098629292e+01 3.377505616104080133e+01
2.145513234177457491e+02 1.428186082877247820e+01 3.410430068519849556e+01
2.149211976665847885e+02 1.452728739356440713e+01 3.435875357414045794e+01
2.151661893635382512e+02 1.465659635927744375e+01 3.450938007674403707e+01
2.152476234359967009e+02 1.482373206733466553e+01 3.459751066327484637e+01
2.153797297510437829e+02 1.503787293296951688e+01 3.462254485560359996e+01
2.154356598387158499e+02 1.512711434770950802e+01 3.467009641448087365e+01
2.154856899189523460e+02 1.521321254672576018e+01 3.469656026299364981e+01
2.155213907659307040e+02 1.518303316937539016e+01 3.467613048738996184e+01
2.155468598260979149e+02 1.519587078341553799e+01 3.462905886037587777e+01
2.155982846378992974e+02 1.520324776426107327e+01 3.463449132855504331e+01
2.156563665327514059e+02 1.521769641718471533e+01 3.466134836068344072e+01
2.157947716718527715e+02 1.529613598520097462e+01 3.470004934510706107e+01
2.159187698422533686e+02 1.538324812477327086e+01 3.480355690347060715e+01
2.160426823910070198e+02 1.546252475704857687e+01 3.496748179976702176e+01
2.161866596967641669e+02 1.556816947678414031e+01 3.505590642905908538e+01
2.162619785810690587e+02 1.563518756773686214e+01 3.517683123297425141e+01
2.163913134585963007e+02 1.572916408487358453e+01 3.531683839815417514e+01
2.165225162399479188e+02 1.576055681108935502e+01 3.532676487619785632e+01
2.166077852609094236e+02 1.582488683296793930e+01 3.531990951143837520e+01
2.167131787487072359e+02 1.590325091874280439e+01 3.536421871373754300e+01
2.167775222897932110e+02 1.594263800294268130e+01 3.538295408201202008e+01
2.168555382559771658e+02 1.601324994986627104e+01 3.545040140780012905e+01
2.168560159346391458e+02 1.612267216147341387e+01 3.539933034859276262e+01
2.169370365446708320e+02 1.614672395806341854e+01 3.549877538512841824e+01
2.169839358017903805e+02 1.621395272333167270e+01 3.553118205190023815e+01
2.170124218984121569e+02 1.628918823919083181e+01 3.554807542816456589e+01
2.170792529736623351e+02 1.633994948322829543e+01 3.555433256799597785e+01
2.171386203198193812e+02 1.634767683686597906e+01 3.558937548021351205e+01
2.172234499665399596e+02 1.639278367240256529e+01 3.566646988709208443e+01
2.172612722024816776e+02 1.644762095747533337e+01 3.562045839125938329e+01
2.173198205099895688e+02 1.649669342718667409e+01 3.571681879530342485e+01
2.173671163305265850e+02 1.651741386574976289e+01 3.578234977344061463e+01
2.174419428903614744e+02 1.659245335310141911e+01 3.580608274205577857e+01
2.174917138524558879e+02 1.668460365063664241e+01 3.579991122387131242e+01
2.175529986728644758e+02 1.674956118905935654e+01 3.583164756327552425e+01
2.176012509773260319e+02 1.679022245855799511e+01 3.588003731301246546e+01
2.174925430305106033e+02 1.673679455085813217e+01 3.581420102610784539e+01
2.160268998429518774e+02 1.591946270163334631e+01 3.494681656463420438e+01
2.138008834802045044e+02 1.449695930493248319e+01 3.371371050419884341e+01
2.129421366656677606e+02 1.361409309776865406e+01 3.325272017719174755e+01
2.129130568505203769e+02 1.334074711646571920e+01 3.323047657459335369e+01
2.134417637608632390e+02 1.348134349376877239e+01 3.352473113676255423e+01
2.140908209088061938e+02 1.376164285408494159e+01 3.388003168000937393e+01
2.145032299639713074e+02 1.397698354937777765e+01 3.418073039771255139e+01
2.147446796285823041e+02 1.407433874176736666e+01 3.431204358592470527e+01
2.149174562259329946e+02 1.415300025010533780e+01 3.442967871603580932e+01
2.151198804451424280e+02 1.424146093061717444e+01 3.452457566587729332e+01
2.152076471396736963e+02 1.439125825516602752e+01 3.455484517127709410e+01
2.152244323622787192e+02 1.447348207465756964e+01 3.455472462501098363e+01
2.152384855783854789e+02 1.450153217684024654e+01 3.454705472800480948e+01
2.152557935436771857e+02 1.451759750165046903e+01 3.453158086851895092e+01
2.153005252212080336e+02 1.452242723849909822e+01 3.455477870184063960e+01
2.153661756190107042e+02 1.462050796168656674e+01 3.456731213371397615e+01
2.154985320393949735e+02 1.465454256635114305e+01 3.470001554708852609e+01
2.156562685184976544e+02 1.476765890138414150e+01 3.473736235756951629e+01
2.157644830142424723e+02 1.485271274162766808e+01 3.487411590016515817e+01
2.159098009747348499e+02 1.492628201517305797e+01 3.495505201515052818e+01
2.160185415929682051e+02 1.500160202607855098e+01 3.499492241101545176e+01
2.160954332117355818e+02 1.504014641301629318e+01 3.505225736965794425e+01
2.161970120298414031e+02 1.503670915453129986e+01 3.517612823418872381e+01
2.163133459362389033e+02 1.514985252797912629e+01 3.516470901032641905e+01
2.163726152681422263e+02 1.522740658790977264e+01 3.526103448975131727e+01
2.164071512100817358e+02 1.536331292684080907e+01 3.526036303578308662e+01
2.164484095779078245e+02 1.542067492389812777e+01 3.528680322568288830e+01
2.165114271100666201e+02 1.554547185413676402e+01 3.525317307064010919e+01
2.165890622852417664e+02 1.560534729717245739e+01 3.530382728761888700e+01
2.166376841147059622e+02 1.566078618697514457e+01 3.526534486371512145e+01
2.167529376111109798e+02 1.574862723714717738e+01 3.531840775281481370e+01
2.168099176905588479e+02 1.580066829948649598e+01 3.533204074689114549e+01
2.168570355081982655e+02 1.581493669631128363e+01 3.536491157311751010e+01
2.169192768125313933e+02 1.588335177203011206e+01 3.539012827474634548e+01
2.169364856369687118e+02 1.591975787099521611e+01 3.545574487453048818e+01
2.170328494208146139e+02 1.598305029370478181e+01 3.546257658067699481e+01
2.171157548336799437e+02 1.609877583576867011e+01 3.551716488701322305e+01
2.171730312090903112e+02 1.613131544141338836e+01 3.555484967767956306e+01
2.171877592589671906e+02 1.622965302954172273e+01 3.555018217131990355e+01
2.172269458082570850e+02 1.622873485003819027e+01 3.559706114962833112e+01
2.172307627311502927e+02 1.628297391018289275e+01 3.563994407554532984e+01
2.172644030255986252e+02 1.633633985484877726e+01 3.562290987420377775e+01
2.167898337813448393e+02 1.608697694749815810e+01 3.535638771284302351e+01
2.147078476745836610e+02 1.490888279523132454e+01 3.418017047720548618e+01
2.131769258674261494e+02 1.373967076223544659e+01 3.335391257128565456e+01
2.128226505307415550e+02 1.328057312426630077e+01 3.307584050039093171e+01
2.132075029347946042e+02 1.322572569978797397e+01 3.332582078488011490e+01
2.139559949798676541e+02 1.348260528646073908e+01 3.369786261330785493e+01
2.145667003895785001e+02 1.370598653036301329e+01 3.412229024386397214e+01
2.149158857446717548e+02 1.390628598080723144e+01 3.429609317437749638e+01
2.151397671992483254e+02 1.402416333005117011e+01 3.440102926232444958e+01
2.152146928999375746e+02 1.425067990347285907e+01 3.442580433651109928e+01
2.152950488156047584e+02 1.442553057256096594e+01 3.445720720213243027e+01
2.153404429342988919e+02 1.452182450716856010e+01 3.448792396797750115e+01
2.153541705628271359e+02 1.458352166340328004e+01 3.447828026668889834e+01
2.153208490963536406e+02 1.460156642549902806e+01 3.444249492466421714e+01
2.153285415253721737e+02 1.452569325369018038e+01 3.458877274888297393e+01
2.154181074010901114e+02 1.452464889491745481e+01 3.468856590500953985e+01
2.155333327324796642e+02 1.451936739122107767e+01 3.483009060122168421e+01
2.156732294907990592e+02 1.459660487637811421e+01 3.495923170344266850e+01
2.158282621284189418e+02 1.467479321245659740e+01 3.507176783915748075e+01
2.159007622579780161e+02 1.485984299693789978e+01 3.493945310299608309e+01
2.159725143247268591e+02 1.496841800488043361e+01 3.495663601561918910e+01
2.160554163577903353e+02 1.508011594973558722e+01 3.491091630934650425e+01
2.161389504138004156e+02 1.515391054340454247e+01 3.492238848343784241e+01
2.162460777399490439e+02 1.517772462726418503e+01 3.510122619211244199e+01
2.163308826014560111e+02 1.520509989567678311e+01 3.522358741181533759e+01
2.163803944454083137e+02 1.526768143339649875e+01 3.525551076692210728e+01
2.164254077730936103e+02 1.531142395558489788e+01 3.531388107153237854e+01
2.165415084731632476e+02 1.540795672952346962e+01 3.540303573802479775e+01
2.166521271346265110e+02 1.548290158242322789e+01 3.543322638138134550e+01
2.167568908526789357e+02 1.557028635934504024e+01 3.547710972864697254e+01
2.168310741235610521e+02 1.566103065930921368e+01 3.548635010691440073e+01
2.168979953268606380e+02 1.576025150232192473e+01 3.544016511458654861e+01
2.169620673571977250e+02 1.581027932935718461e+01 3.548582060462401699e+01
2.170608589653750471e+02 1.585996354320400670e+01 3.559713437866849262e+01
2.171543059802214088e+02 1.584082597850896690e+01 3.567215922021211583e+01
2.172038459891891478e+02 1.591419246394314690e+01 3.569629663844907697e+01
2.172608407144450382e+02 1.594655969969333853e+01 3.576448076104124851e+01
2.173263221221550623e+02 1.600478917922638544e+01 3.580461365485012948e+01
2.174179846016227486e+02 1.604639791984461894e+01 3.582422777160650895e+01
2.174985951290295816e+02 1.615558805172448587e+01 3.587898506803541210e+01
2.175783618325736199e+02 1.622363585564190203e+01 3.586125575411265487e+01
2.176507988724981146e+02 1.629316063296928974e+01 3.580932509863388447e+01
2.175373073794593779e+02 1.628802896715508552e+01 3.576414165425528324e+01
2.164288472847798630e+02 1.573059261445698986e+01 3.511296649715082907e+01
2.148734489525994036e+02 1.480638579762197082e+01 3.421609889750863687e+01
2.144414133880711120e+02 1.434090484055221459e+01 3.394773925054020225e+01
2.147916735201537506e+02 1.444015159537913462e+01 3.417661154585377403e+01
2.153808146674387558e+02 1.468575390986744367e+01 3.453307924734065892e+01
2.157205309443391741e+02 1.484983202384788115e+01 3.469734212382242333e+01
2.159453564902335074e+02 1.498534743236453259e+01 3.483367431778699341e+01
2.161452312122447950e+02 1.513370946772627157e+01 3.492635975061568843e+01
2.162660208240858140e+02 1.520731028608896018e+01 3.504952198335785596e+01
2.163855520230367233e+02 1.533117777081788979e+01 3.505776982648097118e+01
2.164879645255997502e+02 1.536455106091980127e+01 3.513838486029025887e+01
2.165867842987925087e+02 1.547302918120920268e+01 3.527370874670187817e+01
2.165917650001239281e+02 1.553990081408160684e+01 3.527662438910081733e+01
2.165514529768168188e+02 1.558714143118836049e+01 3.525854582898653433e+01
2.166076376762285065e+02 1.566650593831185745e+01 3.527904207402667680e+01
2.167182833761065979e+02 1.573880778616218912e+01 3.535861049586199556e+01
2.168151507504286712e+02 1.577010475132544620e+01 3.545426902772113209e+01
2.169740014375423982e+02 1.580062774186425401e+01 3.549603211262400748e+01
2.170594540944046287e+02 1.588235135068148018e+01 3.555687981199288572e+01
2.171358950729248534e+02 1.596170909820127015e+01 3.566169873347558195e+01
2.172373477117614868e+02 1.598935813056399802e+01 3.570151617911147213e+01
2.173323764738752573e+02 1.600509336139320027e+01 3.582213229445734726e+01
2.174073934292145509e+02 1.603679928258072707e+01 3.584389258539069090e+01
2.175180740537118140e+02 1.609333660798579757e+01 3.592745818621806819e+01
2.175520951391689835e+02 1.620561925856160101e+01 3.594044789134162698e+01
2.176025668468476510e+02 1.623263514137711283e+01 3.601841316049777930e+01
2.176137179397629211e+02 1.640470085373794973e+01 3.597271260643559287e+01
2.176431109498820433e+02 1.652634442884728472e+01 3.595939393393163641e+01
2.177007241788771523e+02 1.660636349092973774e+01 3.602439653637905792e+01
2.177574631657928137e+02 1.670587725010308233e+01 3.602983013115884603e+01
2.178095887231784502e+02 1.675778650017011628e+01 3.604994220538830518e+01
2.178634064346920809e+02 1.673501790168381831e+01 3.611475103252946894e+01
2.179689993307992211e+02 1.674435516760437537e+01 3.618850619517679945e+01
2.180378458945546924e+02 1.674839741062114129e+01 3.622717788798435379e+01
2.181136368245184372e+02 1.681999513308533167e+01 3.627039879408669520e+01
2.181488791450453277e+02 1.686566977533330558e+01 3.635404438355794099e+01
2.181769067152156367e+02 1.695827859931998560e+01 3.625661145572572508e+01
2.181861786383003619e+02 1.698130744254900293e+01 3.632925241036202380e+01
2.181382451618136429e+02 1.703209009199820656e+01 3.623527251342344613e+01
2.172581796837857269e+02 1.655868575278326560e+01 3.563249048585777956e+01
2.158375667229215935e+02 1.568289910390186925e+01 3.488257216440257480e+01
2.153498455430552951e+02 1.528458156926453171e+01 3.467668252169269749e+01
2.155551347076358866e+02 1.525562230038326916e+01 3.479232469531086025e+01
2.160407863221672073e+02 1.544458702201152356e+01 3.510032491161818058e+01
2.163801432134705465e+02 1.556705301557187404e+01 3.528794897851121704e+01
2.166043829270435879e+02 1.568632960278315380e+01 3.540715346328295965e+01
2.167243185756163086e+02 1.580605119723847629e+01 3.540898756908877942e+01
2.168301165130359038e+02 1.587118223215633606e+01 3.542944663630853341e+01
2.169349230419117873e+02 1.597136744529790775e+01 3.550833121156883720e+01
2.170710839925824587e+02 1.611119210117774969e+01 3.552524374004367047e+01
2.171869875375439563e+02 1.613051780817596637e+01 3.557424974031855669e+01
2.171877817909795283e+02 1.611093410963626482e+01 3.557446266783532707e+01
2.171712004830863521e+02 1.614043414681408706e+01 3.557308370867910696e+01
2.172293657463841612e+02 1.620529817738552225e+01 3.559333660798579757e+01
2.172970045942773254e+02 1.626374621743842397e+01 3.570342802035992946e+01
2.173759105749493585e+02 1.633995398963076795e+01 3.574490832850772648e+01
2.175082185515070421e+02 1.637668567617442505e+01 3.583577542793924664e+01
2.175507556110343899e+02 1.644264476254638652e+01 3.589536922082048420e+01
2.176230687248908851e+02 1.647667936721096638e+01 3.589776324713336209e+01
2.176890999137023925e+02 1.652612248852557286e+01 3.601863960722196367e+01
2.177192240876224787e+02 1.662103183097385539e+01 3.600826474213238271e+01
2.177659870260672790e+02 1.670021608199849794e+01 3.595179726596562375e+01
2.177941238764975367e+02 1.676804870519790924e+01 3.596278950819376519e+01
2.178425846020734014e+02 1.682636493297852809e+01 3.597133928028246430e+01
2.179018325285649667e+02 1.690534526929134529e+01 3.600070299878552760e+01
2.179511201789943016e+02 1.698750036614520198e+01 3.605443396205158280e+01
2.180078208614889661e+02 1.699019181502119125e+01 3.609216494334325631e+01
2.180572808818128294e+02 1.703567268196290030e+01 3.613009983934675518e+01
2.180626389943512322e+02 1.706344902019544207e+01 3.614904588193676460e+01
2.181115379675674149e+02 1.713990802432556038e+01 3.621710269865911869e+01
2.182383503863113390e+02 1.714302307503385592e+01 3.624215378999713977e+01
2.182921478190138771e+02 1.723173498748346688e+01 3.621853122824252580e+01
2.183319528720429616e+02 1.721248138292478913e+01 3.623220815974295306e+01
2.183993157027847190e+02 1.726695252279676396e+01 3.625915757312201038e+01
2.184185456487304293e+02 1.732832634465416888e+01 3.627101279142341639e+01
2.183190431555632642e+02 1.733859192948381533e+01 3.620483514453159302e+01
2.174254269253041230e+02 1.688516897882666967e+01 3.570116129991685483e+01
2.156932705891895807e+02 1.593559111607816803e+01 3.479922737729629034e+01
2.149239961425194849e+02 1.526222080020188621e+01 3.438776128684828848e+01
2.150147303030780961e+02 1.503931948816280695e+01 3.447451291422288477e+01
2.155453659536786972e+02 1.522908860263219033e+01 3.473049572680385921e+01
2.159396322324943185e+02 1.539506616525428484e+01 3.498734602186056009e+01
2.162321957671361474e+02 1.554689700391831764e+01 3.514141654255283242e+01
2.164424216956240627e+02 1.563587479411373771e+01 3.522156516370633739e+01
2.165682798836446921e+02 1.574721335337180328e+01 3.524353838215645141e+01
2.166692109063952500e+02 1.576204955690797682e+01 3.538674283988977010e+01
2.167609522479062036e+02 1.579482800188367619e+01 3.549350627403884317e+01
2.168148093904414679e+02 1.587435586609675653e+01 3.556430523666499255e+01
2.168407121918465634e+02 1.590385928307643049e+01 3.557078544341873538e+01
2.168025136712984988e+02 1.594609441363817659e+01 3.555763801420868475e+01
2.167862703435906440e+02 1.606374982256040340e+01 3.543048536207817278e+01
2.168716869492331227e+02 1.618029778307530364e+01 3.543360379258832182e+01
2.169128912402295555e+02 1.629734370106328711e+01 3.539653187265808043e+01
2.169479093672335068e+02 1.639202096378429729e+01 3.534964388154470782e+01
2.170471358432492934e+02 1.645229297023746540e+01 3.539654877166734792e+01
2.171242651747470234e+02 1.651178424246247900e+01 3.547018113484733703e+01
2.172142738045077408e+02 1.657531212470117055e+01 3.553972619098584573e+01
2.172736219984543027e+02 1.660533377796504340e+01 3.554965266902952692e+01
2.173415222176907946e+02 1.663482254913668612e+01 3.565506418243720077e+01
2.173582477304630629e+02 1.670745449096804336e+01 3.562206717694164126e+01
2.174233663727741259e+02 1.670039408489611787e+01 3.566192630680038889e+01
2.174784289779704523e+02 1.676325389296843582e+01 3.568905822947953510e+01
2.175485024097987150e+02 1.681636635249530798e+01 3.576706968926102093e+01
2.176004837623052879e+02 1.687474229010867077e+01 3.582935943742071316e+01
2.176648126575832691e+02 1.692134412466511861e+01 3.585713915545511554e+01
2.177034223873568237e+02 1.697845263658342674e+01 3.590714783027986812e+01
2.178190837131855062e+02 1.699528292321315348e+01 3.591395700441402283e+01
2.178660764781563444e+02 1.704661310056262380e+01 3.590750383607510088e+01
2.179195483232803099e+02 1.704574787128813185e+01 3.599142656929833350e+01
2.179740127035485671e+02 1.707468573475765794e+01 3.597735645418227790e+01
2.180051023741981453e+02 1.716447693059915025e+01 3.596659065867831373e+01
2.180567311007113460e+02 1.722158206271560488e+01 3.601603377999292377e+01
2.181153132062377722e+02 1.729697304946002134e+01 3.607256997879737526e+01
2.181441823470696022e+02 1.734828970760207412e+01 3.605889079409570996e+01
2.179704458859925182e+02 1.727646215861184942e+01 3.598577216079745256e+01
2.165892571871486325e+02 1.652350652189097602e+01 3.509151714798800725e+01
2.147276916178660713e+02 1.540626570199611045e+01 3.400174397775639790e+01
2.139816488025361991e+02 1.457221960600523225e+01 3.358264742132384839e+01
2.142372846221268787e+02 1.448524378510769139e+01 3.369396795497202390e+01
2.148386324871060538e+02 1.471639519347112390e+01 3.410260740446990013e+01
2.153313118362914054e+02 1.492526356821454137e+01 3.446242561619420997e+01
2.156253410783370441e+02 1.503280773659176361e+01 3.466433272572006530e+01
2.158226572903452620e+02 1.514032599315477512e+01 3.477511361767231080e+01
2.159396153334850510e+02 1.518606823143981899e+01 3.492740523598903479e+01
2.160516467521230766e+02 1.525276862101831199e+01 3.497344151703532589e+01
2.161160612690480036e+02 1.534870992963252512e+01 3.498885116028597508e+01
2.162233778641004278e+02 1.542321540829133042e+01 3.511796184429027790e+01
2.162310376217010344e+02 1.544406427932485038e+01 3.508763262905773672e+01
2.162410846460108189e+02 1.549423743783981067e+01 3.510716337736839421e+01
2.162679022471176040e+02 1.556523242897346471e+01 3.506085107917073174e+01
2.163653306685473297e+02 1.561361203930484187e+01 3.516433385232068787e+01
2.164465619528945695e+02 1.578175605491501976e+01 3.512508421339618536e+01
2.165437267497797507e+02 1.592209556727720887e+01 3.516489827923021494e+01
2.166292210908648599e+02 1.601097309001764302e+01 3.524583664741681588e+01
2.167301859116339529e+02 1.612484312086396798e+01 3.524873764400772558e+01
2.168349834277049126e+02 1.621019325706998160e+01 3.527939807982190956e+01
2.169170652955185972e+02 1.626593858224071809e+01 3.537138727346878397e+01
2.169992440509854248e+02 1.634997622872696255e+01 3.541977702320571808e+01
2.170341821893455005e+02 1.643385051812362363e+01 3.547778906881952565e+01
2.170967862590775894e+02 1.652241484589230325e+01 3.552387604689362632e+01
2.172602030584953638e+02 1.650930008810016858e+01 3.563683916424259479e+01
2.173213121292075698e+02 1.653866943960631986e+01 3.574657231762025589e+01
2.173791720837379842e+02 1.658933717579250811e+01 3.581904766196574030e+01
2.174542138242908607e+02 1.664929148087144739e+01 3.582271249377553346e+01
2.175341405051226502e+02 1.669473516999276796e+01 3.587524588058484198e+01
2.175869127312629416e+02 1.677050356794415720e+01 3.589220009328253269e+01
2.176586828236216604e+02 1.681922228506149963e+01 3.590091772886328414e+01
2.176998544432001665e+02 1.686898536095157297e+01 3.590885237701464661e+01
2.177387401901251280e+02 1.690516839299434793e+01 3.595941871914522636e+01
2.177703007798329509e+02 1.696766205586587262e+01 3.598772343306752930e+01
2.178768467800627775e+02 1.703829766140243862e+01 3.600879875082523540e+01
2.179407453139047277e+02 1.705563829811204357e+01 3.603678125697084056e+01
2.179855254352621614e+02 1.710262993648225560e+01 3.606738536275413054e+01
2.180513673551698446e+02 1.716668168800823935e+01 3.603859621056616191e+01
2.180998832841760020e+02 1.724653513979987096e+01 3.613002210390412472e+01
2.181022063346499635e+02 1.728153411459330968e+01 3.611740192378321268e+01
2.172510077442526608e+02 1.684324479003544184e+01 3.557443224961864559e+01
2.152113998463316875e+02 1.565218909766050182e+01 3.439530500458526774e+01
2.140831059477752945e+02 1.473510915633386098e+01 3.372841602206334954e+01
2.140354676406504666e+02 1.445416200066244095e+01 3.377824556738986672e+01
2.145642027160087650e+02 1.461682735746812334e+01 3.402487984804410814e+01
2.151591943003021470e+02 1.485907803511839376e+01 3.442436228772027818e+01
2.155276084747404752e+02 1.506087811758555972e+01 3.460705409710846681e+01
2.157254699614477147e+02 1.516335596298440969e+01 3.466538835049897216e+01
2.158481567687291829e+02 1.525704857676544002e+01 3.474188565905009796e+01
2.159798338489408707e+02 1.531760561317491742e+01 3.480222526154033602e+01
2.160418554661535495e+02 1.540418261745374728e+01 3.493654084039899743e+01
2.160941398742263004e+02 1.547049432981908978e+01 3.500873453459001894e+01
2.161083699666300788e+02 1.552246441631948670e+01 3.509566191166099003e+01
2.161387960695157631e+02 1.556675333980753173e+01 3.512247613296591453e+01
2.161180914033613192e+02 1.556649534826604864e+01 3.504691840933005409e+01
2.161881028721556106e+02 1.560884877189266717e+01 3.500873678779125697e+01
2.162833625873960557e+02 1.565811614351089354e+01 3.506102570226649817e+01
2.163650839430120243e+02 1.575675002760171495e+01 3.506121947757276303e+01
2.164916248510070602e+02 1.583737632741717860e+01 3.514894223467992163e+01
2.166148569329875500e+02 1.591741228850889911e+01 3.522125309533520010e+01
2.166901713108899514e+02 1.604491531343155941e+01 3.523500888887887328e+01
2.167698050755610950e+02 1.611141516810007701e+01 3.532277220360827386e+01
2.168626437260738271e+02 1.618691092870195192e+01 3.524758513157568274e+01
2.169316592799219450e+02 1.625125221658671393e+01 3.533787541149087730e+01
2.169936583651222577e+02 1.630013654399488132e+01 3.539625698210733162e+01
2.170518506668348948e+02 1.636523941389729586e+01 3.539383704398023411e+01
2.171074382679191501e+02 1.641916077266776597e+01 3.538820967389418826e+01
2.171321637716786199e+02 1.646243575559976691e+01 3.544419609159713502e+01
2.171901487788775853e+02 1.653541131061956193e+01 3.548999578651368836e+01
2.172581684177795580e+02 1.657738281663673519e+01 3.554067140890420262e+01
2.173362057893752421e+02 1.666326358173374800e+01 3.561636883101666484e+01
2.173197934715747408e+02 1.672608733858629648e+01 3.561269611300254923e+01
2.173669349478271329e+02 1.680200332121862061e+01 3.567790826316489472e+01
2.174499620335591885e+02 1.683959347743306267e+01 3.572647939560130226e+01
2.174905478208164311e+02 1.683564136246572218e+01 3.570485204354086051e+01
2.175633757911552948e+02 1.691010403030104925e+01 3.566311374385157507e+01
2.176521936040629726e+02 1.698295227945103036e+01 3.567614513319799130e+01
2.176529135018577676e+02 1.701753328541525434e+01 3.569992879884095061e+01
2.177050582114539168e+02 1.704713809645053146e+01 3.567987643444423895e+01
2.177770153195152147e+02 1.713554807993456564e+01 3.571939871071825223e+01
2.178475945950208654e+02 1.710606156196416094e+01 3.583819085966386808e+01
2.178843262815645403e+02 1.709706114962833468e+01 3.590492504726089606e+01
2.177167331736564790e+02 1.702212643613413690e+01 3.585618830453366712e+01
2.161219376178706000e+02 1.610353121697652057e+01 3.493487910448769895e+01
2.142900072778400045e+02 1.496999073934292213e+01 3.391298587468145342e+01
2.137747193074560812e+02 1.437779199798113083e+01 3.354475646274444500e+01
2.141185352840047358e+02 1.439101603603319468e+01 3.376558257644548178e+01
2.147929375660469589e+02 1.465798771104046061e+01 3.413060680962477278e+01
2.152425086691917500e+02 1.488674396649039089e+01 3.442412457498991785e+01
2.155470851462214910e+02 1.504269478361382006e+01 3.451572171162178648e+01
2.156870697793890770e+02 1.514117094361814608e+01 3.471005017879151922e+01
2.158023063767848271e+02 1.517235074231714620e+01 3.485729575294099192e+01
2.158955089192971002e+02 1.526739077043709791e+01 3.491335652628471564e+01
2.159992361647811094e+02 1.532061926982760802e+01 3.494844675572819881e+01
2.160747995214200614e+02 1.545258813959933519e+01 3.498143362181819782e+01
2.160749313336923478e+02 1.548708127071536822e+01 3.498704071309312980e+01
2.161335213254230894e+02 1.554484659079387043e+01 3.501623544150351819e+01
2.161831796274557007e+02 1.561489411080792955e+01 3.503939271720296489e+01
2.162935436771793434e+02 1.568992796515649601e+01 3.512478115782998600e+01
2.163288040233161382e+02 1.576020869149844650e+01 3.513070707707976226e+01
2.164294781811258304e+02 1.573513168834621823e+01 3.524543895739872568e+01
2.165813180325948224e+02 1.577665706051873151e+01 3.527891138835500584e+01
2.166942935425505823e+02 1.580191769957166592e+01 3.534548334546306592e+01
2.167691617866083220e+02 1.590734836518984352e+01 3.539464143682136665e+01
2.168314222431519624e+02 1.595145477937780143e+01 3.541808374247712266e+01
2.168320035690707641e+02 1.612857667531145012e+01 3.539251441485490801e+01
2.168505429088377241e+02 1.626257342619526725e+01 3.538675185269471513e+01
2.169270402173888499e+02 1.637960019197274519e+01 3.542474645853095438e+01
2.169651407236831631e+02 1.649593860477273211e+01 3.539778803234695914e+01
2.170129818189192292e+02 1.653511501465707312e+01 3.542590798376793515e+01
2.171113937626883512e+02 1.654393404429342951e+01 3.544350210561655246e+01
2.172073294382994675e+02 1.657354448833179816e+01 3.552758368952689239e+01
2.172450085959627017e+02 1.662162442289883302e+01 3.557424636051670319e+01
2.173100765412459623e+02 1.669023552712516434e+01 3.561251473030307579e+01
2.173976888914925780e+02 1.671409129520766612e+01 3.567402036443277069e+01
2.174547512127855668e+02 1.677106461505183432e+01 3.570010229533610158e+01
2.175406432438887521e+02 1.678309896285147218e+01 3.580602077902179303e+01
2.175956168476362791e+02 1.685670541421724877e+01 3.581944760518506854e+01
2.176126949864019196e+02 1.691583730084517612e+01 3.580090939201870981e+01
2.176588382945069213e+02 1.693595500807772680e+01 3.583779429624639334e+01
2.177067222005664462e+02 1.699133080824581654e+01 3.585591341398291831e+01
2.177930952901334649e+02 1.707430719695006616e+01 3.592632707919776891e+01
2.178506814807137175e+02 1.710966555734059114e+01 3.588603871450363414e+01
2.178682688429586278e+02 1.715107150984761475e+01 3.585254600473622588e+01
2.179030458774303725e+02 1.720905088404350636e+01 3.590497011128560700e+01
2.179267957450547897e+02 1.722462613758497341e+01 3.588948273259232735e+01
2.172810767147424826e+02 1.688106702597715625e+01 3.545798906296120379e+01
2.156530678461424202e+02 1.592734890595814079e+01 3.457236381088431187e+01
2.150182407906032438e+02 1.540030373152656651e+01 3.419575023714943285e+01
2.151789267101234202e+02 1.535779821681654234e+01 3.434066374801999899e+01
2.157168728721330808e+02 1.555229004107585844e+01 3.471501736091551749e+01
2.160417146410763110e+02 1.571944490134358396e+01 3.495256898738882967e+01
2.162844125791718568e+02 1.586314055694628067e+01 3.510496537956301211e+01
2.163850056217370934e+02 1.594250844387163113e+01 3.517889854510796255e+01
2.164818527172480174e+02 1.597771696637998495e+01 3.524779693249183765e+01
2.165741494728635814e+02 1.605417597051010148e+01 3.524324208619395904e+01
2.166384130253057094e+02 1.613731571630393802e+01 3.519046084724872969e+01
2.167320008652292813e+02 1.623683736168160863e+01 3.523748628363748026e+01
2.167744861011281898e+02 1.632168954041454256e+01 3.527837850626277572e+01
2.168442339453779084e+02 1.635701973578962409e+01 3.537322813887831074e+01
2.169379074069484261e+02 1.637083749236727925e+01 3.543063069355787320e+01
2.170209164670705775e+02 1.643266984067614089e+01 3.548840953284378941e+01
2.170982001428529600e+02 1.653370000428108355e+01 3.550468778517078050e+01
2.172109604720907328e+02 1.661768582713890652e+01 3.557799794057407183e+01
2.173035771822817139e+02 1.666490391223330647e+01 3.567549057823903524e+01
2.174200383945490671e+02 1.676093985529941577e+01 3.571940321712072119e+01
2.175163717601782594e+02 1.683106173095425362e+01 3.576271875767496766e+01
2.175342914696054493e+02 1.690883998440784808e+01 3.568641409782949125e+01
2.176121790033189711e+02 1.696020733957770332e+01 3.570714918220060952e+01
2.176794573390143910e+02 1.704740622739757683e+01 3.578825090747680093e+01
2.177951851342795351e+02 1.702541160353572280e+01 3.595207215651637256e+01
2.178500438247640432e+02 1.700858807650969950e+01 3.600915137681861466e+01
2.179472401664665142e+02 1.706739550215969459e+01 3.610209818099064449e+01
2.180614436710957023e+02 1.715353538539880418e+01 3.615797644503427932e+01
2.181490402489336589e+02 1.726133867191812854e+01 3.621732125917898060e+01
2.181779138961679791e+02 1.735709296482978203e+01 3.625110237870454455e+01
2.181880938593506585e+02 1.741183899525250567e+01 3.627367494868334319e+01
2.182582630522314560e+02 1.749910773231068006e+01 3.633772895341056142e+01
2.183012969426312395e+02 1.759289836034546184e+01 3.631929100769919216e+01
2.183647155446099930e+02 1.762202436611816125e+01 3.640856509385709927e+01
2.184462374919166336e+02 1.768709681780389431e+01 3.644005020132352968e+01
2.185293265406826890e+02 1.773441179055142669e+01 3.650446471824844963e+01
2.185683677584928830e+02 1.779355944958800251e+01 3.650553048243291698e+01
2.186541043187108073e+02 1.788681043592684361e+01 3.656326538429473771e+01
2.187328030048691687e+02 1.796214171283851613e+01 3.660431645760714758e+01
2.187172187385227460e+02 1.799591607276037308e+01 3.655807964165087753e+01
2.183205291417781950e+02 1.782414327656017150e+01 3.627203574478440373e+01
2.173814782352026782e+02 1.730477025233600585e+01 3.569099147613972889e+01
2.169200823319731626e+02 1.704928089082564213e+01 3.543025553555213492e+01
2.171190343680784451e+02 1.721836787115293887e+01 3.559736082539267699e+01
2.174660465105799005e+02 1.743684276936457422e+01 3.577361749205183372e+01
2.177118662589874702e+02 1.759572838109744453e+01 3.583379148425125038e+01
2.178951326346907251e+02 1.768040593673461558e+01 3.596219240986631860e+01
2.179859546700975272e+02 1.776432078375351864e+01 3.599289002350089106e+01
2.180409012354302263e+02 1.787740444736859757e+01 3.604622667655070956e+01
2.181363783845899036e+02 1.790140329372956529e+01 3.611734784695355671e+01
2.182101312940359890e+02 1.800932712651499656e+01 3.620050111195480724e+01
2.182957833592076042e+02 1.809296482978191278e+01 3.627380000135192262e+01
2.183536545797441590e+02 1.817485179568872411e+01 3.628946087654034613e+01
2.184091757113919527e+02 1.822151108687668142e+01 3.635827589547849925e+01
2.184087047923337082e+02 1.832782050097676319e+01 3.639949032588049249e+01
2.184746988033248272e+02 1.835304508880992813e+01 3.641993474729221703e+01
2.185011119548098009e+02 1.839314080479841707e+01 3.641733342646565319e+01
2.185311628996897468e+02 1.846069177784337256e+01 3.649124068019639111e+01
2.186038038543260313e+02 1.854088095661911595e+01 3.643754013514701029e+01
2.186521282612271477e+02 1.858887526953919789e+01 3.647172908409623204e+01
2.187405652831259886e+02 1.863008181373686512e+01 3.646620198146516856e+01
2.187611381370081460e+02 1.868616173929109792e+01 3.646540547482836558e+01
2.187949192565337171e+02 1.873009127718205491e+01 3.649766568351986251e+01
2.188648022928575756e+02 1.880718681066124631e+01 3.658572078780927939e+01
2.189846782315975418e+02 1.880312879523583192e+01 3.670846279852099769e+01
2.190429032047281055e+02 1.879344791612683707e+01 3.684719915820402036e+01
2.190685367485855579e+02 1.880745043520581916e+01 3.685654205712766185e+01
2.191061888678339642e+02 1.889434288765763981e+01 3.688888112786241180e+01
2.191109983258714919e+02 1.893143170659714869e+01 3.688918418342860406e+01
2.192038313433810970e+02 1.892101065088224132e+01 3.691446622789327847e+01
2.192275327671789569e+02 1.893620849321673916e+01 3.689156243733284413e+01
2.192584331689247392e+02 1.890236428405657421e+01 3.691173760119689717e+01
2.192928913754216182e+02 1.898458134394440933e+01 3.694844450252696788e+01
2.193541052199913111e+02 1.904631905780137302e+01 3.698420167953619853e+01
2.193998474582763549e+02 1.907097358572191581e+01 3.703319303400306239e+01
2.194572049489312064e+02 1.909252658214157705e+01 3.702782590865972878e+01
2.193947270584683054e+02 1.907294063040064103e+01 3.702604137328108891e+01
2.188420776317953766e+02 1.877710432096401050e+01 3.669125735388553267e+01
2.175893090107770718e+02 1.806195852757805653e+01 3.596071318325510902e+01
2.170806488318278298e+02 1.784617057183994149e+01 3.555907780979826782e+01
2.172512713687972052e+02 1.798487426010504464e+01 3.562693296501003459e+01
2.176755108570501420e+02 1.823741756099979128e+01 3.582888401195999251e+01
2.179522794510300514e+02 1.840009531041226865e+01 3.600671679288348770e+01
2.181939916135850126e+02 1.845692667857858993e+01 3.621963755004923513e+01
2.183400891817049114e+02 1.850011153346116544e+01 3.630521638618066760e+01
2.184309236097185192e+02 1.853042272308382010e+01 3.636421533393568950e+01
2.185433651109814264e+02 1.861906365969451116e+01 3.649315139484422588e+01
2.186120697230590224e+02 1.866637074623771753e+01 3.654361972272105419e+01
2.186503302066410868e+02 1.872099172399186173e+01 3.655077476324488117e+01
2.186287276397942492e+02 1.877378760874512409e+01 3.651556962053837907e+01
2.186303150200647565e+02 1.882733606271109750e+01 3.649679932764475154e+01
2.186022705508851800e+02 1.887116307994583408e+01 3.643805724483059549e+01
2.186651821825859088e+02 1.894473798649431018e+01 3.650985099580228876e+01
2.187414778296264330e+02 1.898137616518668835e+01 3.654124935502114369e+01
2.187951378170535861e+02 1.902853454044834081e+01 3.653614585422238292e+01
2.188500990281943075e+02 1.907517242622455811e+01 3.659752418248226036e+01
2.188820820931338176e+02 1.913720305624215712e+01 3.662697464923289914e+01
2.189250833121156745e+02 1.917472448981891020e+01 3.661367287573820306e+01
2.189781822524351469e+02 1.924776651427515617e+01 3.662545711820068561e+01
2.190224959611367979e+02 1.922468134101524839e+01 3.674603718232678773e+01
2.190320450279734814e+02 1.919879881842127034e+01 3.680675194282276408e+01
2.190762798746318936e+02 1.921425352569663403e+01 3.682605849761048233e+01
2.191004139130670012e+02 1.925640866761451164e+01 3.688144105738227552e+01
2.191030940959367967e+02 1.928984279414978786e+01 3.685985200974284481e+01
2.191260688623361546e+02 1.932806497331083051e+01 3.684254855085362834e+01
2.191432044577333329e+02 1.935270485542334384e+01 3.686778665789420018e+01
2.192179183575064201e+02 1.939852595575163363e+01 3.688630121244758442e+01
2.192161743797500435e+02 1.944199922039237194e+01 3.687804322991890871e+01
2.192350055090770127e+02 1.946608143519905809e+01 3.690895377107025155e+01
2.192975577551806623e+02 1.951455905978418670e+01 3.689145879007600115e+01
2.193188606462631753e+02 1.957870093935959588e+01 3.683331380558929169e+01
2.193152363720756171e+02 1.960979736961287756e+01 3.680017710161712330e+01
2.193089983844547248e+02 1.968374180116400396e+01 3.673799212731488240e+01
2.193571335224520169e+02 1.967866984518254370e+01 3.677211798662950315e+01
2.189493976066496543e+02 1.943578827118628638e+01 3.650857681050351999e+01
2.173491233920592549e+02 1.850119532325551575e+01 3.557497076471396724e+01
2.162191778969971665e+02 1.776338007223763071e+01 3.493523511028293171e+01
2.159607965517008381e+02 1.741257128565409218e+01 3.480812188917404626e+01
2.163031141494278131e+02 1.727953777829851845e+01 3.505956675446640958e+01
2.167896107144225084e+02 1.733230662463695282e+01 3.536245783697187761e+01
2.171086144389641674e+02 1.742002487534164246e+01 3.553013656652689178e+01
2.172674054162451398e+02 1.747785891805783010e+01 3.561107268151226179e+01
2.174101423347220532e+02 1.749760259388526151e+01 3.569872671598172786e+01
2.174317832059899160e+02 1.762307435789397658e+01 3.567390770437098269e+01
2.174422166543116077e+02 1.775865285604522725e+01 3.566359818211724075e+01
2.174630193347198031e+02 1.783596019044057002e+01 3.567816174830389997e+01
2.174870801441147421e+02 1.783759376133641794e+01 3.566706585881891556e+01
2.174878743975503141e+02 1.791948185384384828e+01 3.561445023016450762e+01
2.175129514007025477e+02 1.793088305209626654e+01 3.562925826868523416e+01
2.175356197317338740e+02 1.792743114780324021e+01 3.573709647982371251e+01
2.176248149558485352e+02 1.796531872658079010e+01 3.582771122071683578e+01
2.177115564438175568e+02 1.804911415393420171e+01 3.590763902814924080e+01
2.178226144795217749e+02 1.808374360372499368e+01 3.596717311119773086e+01
2.179236998465569854e+02 1.814406180080349174e+01 3.603133639618487649e+01
2.179888410208804146e+02 1.816539285690144112e+01 3.606755435284680544e+01
2.180562230038326845e+02 1.815978463902589723e+01 3.613950132150252159e+01
2.181329929497333353e+02 1.822845207328311545e+01 3.617920836027786180e+01
2.181714381958167053e+02 1.828151834218465766e+01 3.622551051906997088e+01
2.182323512380214083e+02 1.830716315204827183e+01 3.623053515782547862e+01
2.182632493865659740e+02 1.832244323622786908e+01 3.622750910856599660e+01
2.183149885199397033e+02 1.839416375815940441e+01 3.621473458416044622e+01
2.183710369006766427e+02 1.844353815683632547e+01 3.619732409821253327e+01
2.184058882907891359e+02 1.847151052357637013e+01 3.624792085855980162e+01
2.183863890872957825e+02 1.855758281077841332e+01 3.625854920878838783e+01
2.184124011689607983e+02 1.860950220025100776e+01 3.623602057623368466e+01
2.184376336429982928e+02 1.867838706842746888e+01 3.629991347707255045e+01
2.184528709163544136e+02 1.869474192959647496e+01 3.627079873730603055e+01
2.184855558534788429e+02 1.872445038788859151e+01 3.632235648798030070e+01
2.185249226588675810e+02 1.876953694461406030e+01 3.629387489776099329e+01
2.185687846007214716e+02 1.875302548595917784e+01 3.635904311049924331e+01
2.185819838535599331e+02 1.877059594919481711e+01 3.642725201830500481e+01
2.186338333937942195e+02 1.878138202350990227e+01 3.643251436979087998e+01
2.185771597497144114e+02 1.876341837665863821e+01 3.641405051226529821e+01
2.178954897670865876e+02 1.836006719046084612e+01 3.599143220230141793e+01
2.160547381442183905e+02 1.728646073909506953e+01 3.485668175560427784e+01
2.150226153808022787e+02 1.641943003021542680e+01 3.421261657499893261e+01
2.149252399096015722e+02 1.599577186788129168e+01 3.421383443026680027e+01
2.154502876211377327e+02 1.611095438844738581e+01 3.448644248816506064e+01
2.159543332439563414e+02 1.628035569034706143e+01 3.485391369788627003e+01
2.162525264018854898e+02 1.639460989200406615e+01 3.501757384303749632e+01
2.163924828700376111e+02 1.646739392491882725e+01 3.507406047141476080e+01
2.164781619736240259e+02 1.652683112031418489e+01 3.515817923314548921e+01
2.165641677913896217e+02 1.655761548219632928e+01 3.519226566143849055e+01
2.166621290949115917e+02 1.672152685928532989e+01 3.518461716984405285e+01
2.166853494602456465e+02 1.679950001464580822e+01 3.521388512729460274e+01
2.167156685360726271e+02 1.688298675342993604e+01 3.518737621475711563e+01
2.167120217298727027e+02 1.692010599058612641e+01 3.516091799924743100e+01
2.167370762010125986e+02 1.692742326159891775e+01 3.516141145031804172e+01
2.167920982485866830e+02 1.697912972355474182e+01 3.518944240029021131e+01
2.168958750644978863e+02 1.705297839405335125e+01 3.523095312665469692e+01
2.170274473708521441e+02 1.711862203225232193e+01 3.533851081423932783e+01
2.171552455651366813e+02 1.722363360244066754e+01 3.533977486013253611e+01
2.172292271745081962e+02 1.727673028955889123e+01 3.537273356120708456e+01
2.173182917129511793e+02 1.734818831354647273e+01 3.549718237185481229e+01
2.173365955931890312e+02 1.740797700833459061e+01 3.558390020121087360e+01
2.173808845166770709e+02 1.742492108162672082e+01 3.560250939021614869e+01
2.174736048741249022e+02 1.745148294439324843e+01 3.568153929695615290e+01
2.175291744495992816e+02 1.753834948503085656e+01 3.576072692778264894e+01
2.175647085596861814e+02 1.758581654886179635e+01 3.577823092158183726e+01
2.176047682244548866e+02 1.766516641017726030e+01 3.579838580663477643e+01
2.176568780094318925e+02 1.772527280633960700e+01 3.579899642416963701e+01
2.177042774772257587e+02 1.782529240919035729e+01 3.583248012113210024e+01
2.177737436713210286e+02 1.788142641157424251e+01 3.587104591348158067e+01
2.178716858226325144e+02 1.790397194313821316e+01 3.592676983324057716e+01
2.179274863512335116e+02 1.788985225759497766e+01 3.594495767361478755e+01
2.179872322351981495e+02 1.788545062898112548e+01 3.596530633397399157e+01
2.180497856079024359e+02 1.793585136082088738e+01 3.599123504719329958e+01
2.180658069952885683e+02 1.797036364414742238e+01 3.604910626772987570e+01
2.180868327426190660e+02 1.803936004578504892e+01 3.604884376978592542e+01
2.181537573257205054e+02 1.811174075567863184e+01 3.608062742641607912e+01
2.181419077404221980e+02 1.815846088329994856e+01 3.611909182470995461e+01
2.181909993623440585e+02 1.819158970106779094e+01 3.612973482074657738e+01
2.182978315191307956e+02 1.828319585050460461e+01 3.617909682681669636e+01
2.181651404983630584e+02 1.824207042155141778e+01 3.607591598263232413e+01
2.168333115523880679e+02 1.743458506172644817e+01 3.533321128493307128e+01
2.149262853949749115e+02 1.619849688945569355e+01 3.415446708410974708e+01
2.141185916140356369e+02 1.535670090781477803e+01 3.370450054414809671e+01
2.143347930322005084e+02 1.522119676530430610e+01 3.383745969586289704e+01
2.150058718424201061e+02 1.546878302348060963e+01 3.423797410170499944e+01
2.155556247789046154e+02 1.566489602602898046e+01 3.457708088767115839e+01
2.158283770416819607e+02 1.580493698922744450e+01 3.472924970652054100e+01
2.159390227415600805e+02 1.586692142861971178e+01 3.476920685063304006e+01
2.160417597051010148e+02 1.594780571997665675e+01 3.481363209279584225e+01
2.161524842670223734e+02 1.597411409760417200e+01 3.488183198779665872e+01
2.161738389817332973e+02 1.609562811364245860e+01 3.491887912251331016e+01
2.161588653329217493e+02 1.622919224988903153e+01 3.491874393043917024e+01
2.161602150004619034e+02 1.623432391570323574e+01 3.496779386813815904e+01
2.161336553908966209e+02 1.628400362314758709e+01 3.492526807461701566e+01
2.161702890631865159e+02 1.634052630274462459e+01 3.495035634377541811e+01
2.163363398548487737e+02 1.635451079621372017e+01 3.504355437988522226e+01
2.165143202204532145e+02 1.643994542746607124e+01 3.510764218263097547e+01
2.167182890091096965e+02 1.653362226883845310e+01 3.516453100742880622e+01
2.168593101148456697e+02 1.663019560039926859e+01 3.523236363062821397e+01
2.169786914759144167e+02 1.670260672850952943e+01 3.528982702174113939e+01
2.170647547503114936e+02 1.674587607843844239e+01 3.543197698129617379e+01
2.171477874690466479e+02 1.677313418038678350e+01 3.550418081489275579e+01
2.172062602943131537e+02 1.682370164911798582e+01 3.553548453965971987e+01
2.172238758215735004e+02 1.688547090779224646e+01 3.553625513448231743e+01
2.173201291985588455e+02 1.696082584331689347e+01 3.558804383828324092e+01
2.173843060027534193e+02 1.703319303400305884e+01 3.560764105603035290e+01
2.174427033457785114e+02 1.708906115864114028e+01 3.563256709469979455e+01
2.174998659345264684e+02 1.712097324774173046e+01 3.572889482732592370e+01
2.175479853001151298e+02 1.719199415068959169e+01 3.570843125370370075e+01
2.175976616277576454e+02 1.725494070700948512e+01 3.573891706642211830e+01
2.176792275124883815e+02 1.728430555211316388e+01 3.580231538958975790e+01
2.177378715810487790e+02 1.734907156843084763e+01 3.581295275262328914e+01
2.177966553480858067e+02 1.736912505942818186e+01 3.585377625261089918e+01
2.178162784776471312e+02 1.745338802603799522e+01 3.581634156728171803e+01
2.178582240718500884e+02 1.747787131066462507e+01 3.590120163221897798e+01
2.179192328751072978e+02 1.754306205541523056e+01 3.590275746767219545e+01
2.179660352445737317e+02 1.763744414877437094e+01 3.593305739128867060e+01
2.180112220687541935e+02 1.764650089114108766e+01 3.598331842465182717e+01
2.180344694725030479e+02 1.765932723917505953e+01 3.601939104983404860e+01
2.178143035467640516e+02 1.760731659505242064e+01 3.588610518394008153e+01
2.164129363042542593e+02 1.674515843384488534e+01 3.508435985426294224e+01
2.148257903666634263e+02 1.569068278757044155e+01 3.422053770394287397e+01
2.144789415812515756e+02 1.514573480272096617e+01 3.400080439284113254e+01
2.148841302530570374e+02 1.527939357341943527e+01 3.435033561432405236e+01
2.154774533418353997e+02 1.547626365158298611e+01 3.465692983306031749e+01
2.158966186209056559e+02 1.563942583926113095e+01 3.486730785263162602e+01
2.161238922699425302e+02 1.573559134139829219e+01 3.500406928143159746e+01
2.162958408158391137e+02 1.584212607562193931e+01 3.506960814577310970e+01
2.164237358977767656e+02 1.590718613470087561e+01 3.514837217476730302e+01
2.165620306300176026e+02 1.598632419510018821e+01 3.527208418861096817e+01
2.165891073492664702e+02 1.606703611656260478e+01 3.526815685885722473e+01
2.165261202353243277e+02 1.612376947047517817e+01 3.521641772548348115e+01
2.164368945929929851e+02 1.614085549544515530e+01 3.516617697093145267e+01
2.163746713142697615e+02 1.614841385899016046e+01 3.506387374862836026e+01
2.164624920856306574e+02 1.617640988434317961e+01 3.515986350106914671e+01
2.165610031702541391e+02 1.622050165272310807e+01 3.536211760358529688e+01
2.166907639028149219e+02 1.627995349392649516e+01 3.552349300268356558e+01
2.167994898752402548e+02 1.634235477554735994e+01 3.557366278139667060e+01
2.168934156953491765e+02 1.640920162320616882e+01 3.567172097257178365e+01
2.169608878063508826e+02 1.645845998201945548e+01 3.573725983691329589e+01
2.170289220910608776e+02 1.651182930648718994e+01 3.565398264584408139e+01
2.170508074346628007e+02 1.659428520570600796e+01 3.555600669651407486e+01
2.171065561396353871e+02 1.667411274568343060e+01 3.552071367895938181e+01
2.171781189374804342e+02 1.670340436174695142e+01 3.556614272227266582e+01
2.172244301090774741e+02 1.677578056523806183e+01 3.549446275796337602e+01
2.172811837418011578e+02 1.682422101200280196e+01 3.551620614988745217e+01
2.173115963254794281e+02 1.689696674049655911e+01 3.555902485956923442e+01
2.173746149842388604e+02 1.691368662026574299e+01 3.555982812580974439e+01
2.173924164006011495e+02 1.695098949332263771e+01 3.554235117042538405e+01
2.174604056212864407e+02 1.703515219247746160e+01 3.560283610439532254e+01
2.174528788025587289e+02 1.699803520852250927e+01 3.569864222093539041e+01
2.174828272267824616e+02 1.702578676154146109e+01 3.571116664000378194e+01
2.175127587519968984e+02 1.703074267765928340e+01 3.575977044385810899e+01
2.175560742925511306e+02 1.707336761203479725e+01 3.578954649818729905e+01
2.176025623404451892e+02 1.713819784458769746e+01 3.577370874670187817e+01
2.175932059223141266e+02 1.729591066507740749e+01 3.575152147413437831e+01
2.175294437071469247e+02 1.730920455236777755e+01 3.570193752774253682e+01
2.167417020231494007e+02 1.692164718023131442e+01 3.512055527891251216e+01
2.149384380358394253e+02 1.583830464632626800e+01 3.408599905816188169e+01
2.142036781256970812e+02 1.520139450624474797e+01 3.369061857133522153e+01
2.144659991933539516e+02 1.513249499226025385e+01 3.391176463961172516e+01
2.151269385980131403e+02 1.532938084283245495e+01 3.427859143377953899e+01
2.155788169792232338e+02 1.556007034494257724e+01 3.461144896611861554e+01
2.158530180503950930e+02 1.572335983849053598e+01 3.476812756724115872e+01
2.160532634240096570e+02 1.579021006595120014e+01 3.490349539107687349e+01
2.161786484397707966e+02 1.590363396295286513e+01 3.493391698756007457e+01
2.163067733482345147e+02 1.600860272231773251e+01 3.501602702038921677e+01
2.164204676293844614e+02 1.609501411630574097e+01 3.508470234085076100e+01
2.165090387167568338e+02 1.611281553266803712e+01 3.511468118329116095e+01
2.165484460797678423e+02 1.617305036130081675e+01 3.514358862854400201e+01
2.165585359149010856e+02 1.624071399440755314e+01 3.514238767228540183e+01
2.165821179190334647e+02 1.625729980870321612e+01 3.527410981652182187e+01
2.166434973738939505e+02 1.631000331220581501e+01 3.526166087969482987e+01
2.167143729453621290e+02 1.637383762981255586e+01 3.532716256621595363e+01
2.168229524597071247e+02 1.646471036224716400e+01 3.541453495053096390e+01
2.168648845347026679e+02 1.651043795472417486e+01 3.544840957790781033e+01
2.169097863289268275e+02 1.656827988364468851e+01 3.549832023847881857e+01
2.169902019544267660e+02 1.659693497035913623e+01 3.556753745383753795e+01
2.170445424086270521e+02 1.668726468129595020e+01 3.557259814381281871e+01
2.170913301322854352e+02 1.674396423718998861e+01 3.556663842654451457e+01
2.171934542250903064e+02 1.681347662191057779e+01 3.561759231928763114e+01
2.172846424056978947e+02 1.689342245495287287e+01 3.566007079558282555e+01
2.173181542676757942e+02 1.693162548190341354e+01 3.560353121697652057e+01
2.173659784639025929e+02 1.696606453618979060e+01 3.565124725954400020e+01
2.174380887896478782e+02 1.701564960918224401e+01 3.569908159517634516e+01
2.175565463382100120e+02 1.706491810740109116e+01 3.581774643825214355e+01
2.175956934564783012e+02 1.710742136890987908e+01 3.585416267662281342e+01
2.176386428518317473e+02 1.715863437979509243e+01 3.592598008620748118e+01
2.176700321982456501e+02 1.718671152039259908e+01 3.588328417599304032e+01
2.177222433772782608e+02 1.720956348732461549e+01 3.594531142620878938e+01
2.177472561641952780e+02 1.727817909795341578e+01 3.592597107340253615e+01
2.177917163309772377e+02 1.727127866916922372e+01 3.595050618165758749e+01
2.178310876427684661e+02 1.730295079233821554e+01 3.598669822650530392e+01
2.178360356726819589e+02 1.735977878070268332e+01 3.600642387672285594e+01
2.178462809787004915e+02 1.740869465292814766e+01 3.602584759797482405e+01
2.178024573412675977e+02 1.740904277251905796e+01 3.604414021220649289e+01
2.168806163857300362e+02 1.691474224504464630e+01 3.542097685286370279e+01
2.147298952486745520e+02 1.557680261731855609e+01 3.421872162374693715e+01
2.137257223199861187e+02 1.466762577932597722e+01 3.367916329625315086e+01
2.137284205284658185e+02 1.445354800332572509e+01 3.367164774353162215e+01
2.143619046760685194e+02 1.458338759792975914e+01 3.407005202641653341e+01
2.150149668892078409e+02 1.491114500927192310e+01 3.444584543490163497e+01
2.154005774954767105e+02 1.508545378346285482e+01 3.470285458064545026e+01
2.156161885749178282e+02 1.520982823846980558e+01 3.482021482020580549e+01
2.156758848884552719e+02 1.535866569929226877e+01 3.482539155004472775e+01
2.157342980038890232e+02 1.548080385207283172e+01 3.481208527014756271e+01
2.158421981780614942e+02 1.555951943724045883e+01 3.483233816945425332e+01
2.159101074101029099e+02 1.559545011074484044e+01 3.488814996406144076e+01
2.159197668838001505e+02 1.565962578833878283e+01 3.488730388699745077e+01
2.159121702158341520e+02 1.569367053240891963e+01 3.482804807430156302e+01
2.158891943228341574e+02 1.565626964509827346e+01 3.492427891927455619e+01
2.159813705321836039e+02 1.572766232625001948e+01 3.498792509457812372e+01
2.160978531498626580e+02 1.581676178931216548e+01 3.507138028854495104e+01
2.162494248703845869e+02 1.588449189185535282e+01 3.518929368900865740e+01
2.163857288993337420e+02 1.598582623762710853e+01 3.516881434297778242e+01
2.164757037310759245e+02 1.608056208358024719e+01 3.525139529486517631e+01
2.165484280541579380e+02 1.613570805722229906e+01 3.524865652876324162e+01
2.166417500163357204e+02 1.622273682834887509e+01 3.527256975347724932e+01
2.167241033948982931e+02 1.627721022142208440e+01 3.532038831670094936e+01
2.167720796822084992e+02 1.631840887941542917e+01 3.535296847996791314e+01
2.168327516318809955e+02 1.637892873800452165e+01 3.538665158523973275e+01
2.168945197639546336e+02 1.642951873874807589e+01 3.536624546824901216e+01
2.169523177554510482e+02 1.647588624037601335e+01 3.533906848154515501e+01
2.169906052774479406e+02 1.653847341109881697e+01 3.537609083104820940e+01
2.170771270782964848e+02 1.656978164226825356e+01 3.551667481574446583e+01
2.171394945618988288e+02 1.664508137436262558e+01 3.555111387003084644e+01
2.171346231408273297e+02 1.665704023992086746e+01 3.553791912359484684e+01
2.171424913195422448e+02 1.667367449804309487e+01 3.561195931619848665e+01
2.171964982999596714e+02 1.670462334361544166e+01 3.563335346193103703e+01
2.172652412164582927e+02 1.678960282821818950e+01 3.564587224799634413e+01
2.173059148785637262e+02 1.683012552584083821e+01 3.563645499343191858e+01
2.173360176470720830e+02 1.686151149245290171e+01 3.569068053436920707e+01
2.173612918053324279e+02 1.691045440309319403e+01 3.565376746512608008e+01
2.174096421240477355e+02 1.697186314956975295e+01 3.566784771964768908e+01
2.174627354313641092e+02 1.703803403685786577e+01 3.565353876520065768e+01
2.174985894960264829e+02 1.709336815280309452e+01 3.562589536584101779e+01
2.175438709546588427e+02 1.712402520881542500e+01 3.562958385626378544e+01
2.174249436136390727e+02 1.706384671021353583e+01 3.554962450401407636e+01
2.158831692627300356e+02 1.620789499180961357e+01 3.464757679473111551e+01
2.137783976584732670e+02 1.485492200543922792e+01 3.339432598864836876e+01
2.131416542552831856e+02 1.411580215090589974e+01 3.320017327117502504e+01
2.134012309238350440e+02 1.406553999094213125e+01 3.338701322403804994e+01
2.141931962335488038e+02 1.428995770741280680e+01 3.382475840049750815e+01
2.147065261720589433e+02 1.460572358177881291e+01 3.418004993093938282e+01
2.150205537016716448e+02 1.480983995511623164e+01 3.448769639465270131e+01
2.152256231791317589e+02 1.491798460162275575e+01 3.463574072864021502e+01
2.153429282152618214e+02 1.499279200924713784e+01 3.472267824511674661e+01
2.154439403532568917e+02 1.504154452438301703e+01 3.474690917120499023e+01
2.155354406022356386e+02 1.511169005865082759e+01 3.481655449479848841e+01
2.156423392284588374e+02 1.517182912623109203e+01 3.487892761140390263e+01
2.156721693596176692e+02 1.528856522904917092e+01 3.474687086678398629e+01
2.156561074146092949e+02 1.532199146938012113e+01 3.467833975120151990e+01
2.156716094391106253e+02 1.530564900081791180e+01 3.467989220685288387e+01
2.156870596399835165e+02 1.537932530142199461e+01 3.462973594734719285e+01
2.157385340222120647e+02 1.544913848850754690e+01 3.462991845664728174e+01
2.158774776764087449e+02 1.551808306651675373e+01 3.476889365566128021e+01
2.159519775220644817e+02 1.557505751296154095e+01 3.485300115138583266e+01
2.160433820099906939e+02 1.565318951900913191e+01 3.484858149716209397e+01
2.161271988427558313e+02 1.572468472081710011e+01 3.491663042768012559e+01
2.161952139752553421e+02 1.581490177169213140e+01 3.494953167212317169e+01
2.162661537629587372e+02 1.583388048570005857e+01 3.502389632570474731e+01
2.163846000455146736e+02 1.592876504293474937e+01 3.503998643572855798e+01
2.164347901030388925e+02 1.600897337392099828e+01 3.504298094017075016e+01
2.164727700630671166e+02 1.601398449346909558e+01 3.504542003050834609e+01
2.165418712385621802e+02 1.612979227737808330e+01 3.511598578680660410e+01
2.166115019163476632e+02 1.620133366981138323e+01 3.516750635966048577e+01
2.166680719131706496e+02 1.622828082998920607e+01 3.513018095459123202e+01
2.167226072692778303e+02 1.623983524592564720e+01 3.513104055086263600e+01
2.167415859832857450e+02 1.630808696455489226e+01 3.516010008719888447e+01
2.167698816844031171e+02 1.638281551013602666e+01 3.523459429985151559e+01
2.167896219804287057e+02 1.642137904928426906e+01 3.522887454851480271e+01
2.167609714001167163e+02 1.646391047580850397e+01 3.524361161119660579e+01
2.167606345465319748e+02 1.645387021110242287e+01 3.530959097637968824e+01
2.168093307316369760e+02 1.650448725026080865e+01 3.533424775750147262e+01
2.168604941720950023e+02 1.646181837846119933e+01 3.535927631682713468e+01
2.168824414787308967e+02 1.649886438657722820e+01 3.539056990218853116e+01
2.169572962035812509e+02 1.651345048477624644e+01 3.542218682192725510e+01
2.169922782793654221e+02 1.654176984450658239e+01 3.543398233039590650e+01
2.170533783372726759e+02 1.659064628571042377e+01 3.545687710815140292e+01
2.170610347150714290e+02 1.663350555301444444e+01 3.545762967736411753e+01
2.170544452280577730e+02 1.661880904795488334e+01 3.542410091637694336e+01
2.164805402275282518e+02 1.633399765216431376e+01 3.505129412612969730e+01
2.144997048306381373e+02 1.518332045253293572e+01 3.392402768733678187e+01
2.134225597267317482e+02 1.434179936144276901e+01 3.328931216525879222e+01
2.135021168825608981e+02 1.415367733707665110e+01 3.336241389954778214e+01
2.141439097097200772e+02 1.438256765800010406e+01 3.387309407340479339e+01
2.147224664442005917e+02 1.464375987183791317e+01 3.422799805323413125e+01
2.150814126670467203e+02 1.482724030165858231e+01 3.449019181502119125e+01
2.152745649631714286e+02 1.496304299333277754e+01 3.456774474835121680e+01
2.154087194381417305e+02 1.503043398908999961e+01 3.459831054971350284e+01
2.154871071825295701e+02 1.512102169156829490e+01 3.453658297526210674e+01
2.155689468312104395e+02 1.522217578124119797e+01 3.449582819791218213e+01
2.156708748955077795e+02 1.528575098070583849e+01 3.449012985198721282e+01
2.157191215669662654e+02 1.538763510757909359e+01 3.447153192898810659e+01
2.157869924945866842e+02 1.544353139723261847e+01 3.453399968004542586e+01
2.158191490560213310e+02 1.547465711910196440e+01 3.457669333705862869e+01
2.158735762584692282e+02 1.554587517715794753e+01 3.463983592188601790e+01
2.159431596190287337e+02 1.560233927352285832e+01 3.466567563365651949e+01
2.160000518236284108e+02 1.563403843510667812e+01 3.474254472041152297e+01
2.160866040426936650e+02 1.573702775718602176e+01 3.478844017638058972e+01
2.161784141068422969e+02 1.580358619508666962e+01 3.481375489226318365e+01
2.162733302088942935e+02 1.580992670336380357e+01 3.490489350244359912e+01
2.163596807664489461e+02 1.589097998481342344e+01 3.485803480294628542e+01
2.163900088550808505e+02 1.599371131535128576e+01 3.489527458636858626e+01
2.164468436030490182e+02 1.599667652817740837e+01 3.498049629010416339e+01
2.165074749950993009e+02 1.604220921874753714e+01 3.503525133333182850e+01
2.165803987264906709e+02 1.612522391187279425e+01 3.507305667026427898e+01
2.166744541056706339e+02 1.617950578284096963e+01 3.514648737193367367e+01
2.167191204403656570e+02 1.620960404494685747e+01 3.514629359662740882e+01
2.167342788516785106e+02 1.622880357267587925e+01 3.520632451054836309e+01
2.168007201231149281e+02 1.625542289207391278e+01 3.519415159087273537e+01
2.168661542135989748e+02 1.628542764632852169e+01 3.520572853882153197e+01
2.169253705952732219e+02 1.632797935166387759e+01 3.520586936389875632e+01
2.169472300270609537e+02 1.637137713406321993e+01 3.521893680446494557e+01
2.169651046724634114e+02 1.642854986221674451e+01 3.522463740359115292e+01
2.170316890221782558e+02 1.641656057844182115e+01 3.533591399981524006e+01
2.170752050976424812e+02 1.642428004587517876e+01 3.542244594006935188e+01
2.171018108978331043e+02 1.645564235387426777e+01 3.551292436228771976e+01
2.171792917287235980e+02 1.651024981242099798e+01 3.553953354228019634e+01
2.172622489652173385e+02 1.651461764301631518e+01 3.557353434892623767e+01
2.172346923141052741e+02 1.656019089120868415e+01 3.550154569604765697e+01
2.172226917643241677e+02 1.665910755205458216e+01 3.548806929945720157e+01
2.172226174086833907e+02 1.670714467579814055e+01 3.550164934330449995e+01
2.172724638530191896e+02 1.675287564807700491e+01 3.546796961783454094e+01
2.172649483002976467e+02 1.679803092744015913e+01 3.548898409915887697e+01
2.168754227568818465e+02 1.662166385392045598e+01 3.529697868246311288e+01
2.155315819951195522e+02 1.589692280307246541e+01 3.450163582409708596e+01
2.146120269122355637e+02 1.519957279304571962e+01 3.404412894620031693e+01
2.146910523125730776e+02 1.514702814023023159e+01 3.407880008021396634e+01
2.152167973898916955e+02 1.535677188365370149e+01 3.435635616802571946e+01
2.156501116461212177e+02 1.552184140617782759e+01 3.455777996588653167e+01
2.159029929272013248e+02 1.562172807015567422e+01 3.467134581456604536e+01
2.160725046359615362e+02 1.568301063736303291e+01 3.471989779479194738e+01
2.161909148672977210e+02 1.574905196558009735e+01 3.478714796547194510e+01
2.162499363470651019e+02 1.579773463147767210e+01 3.501029487644571248e+01
2.163336134813536376e+02 1.587562892479490273e+01 3.510480202247342874e+01
2.163852906516933956e+02 1.594383557939943152e+01 3.515296870528803908e+01
2.164804906571010861e+02 1.600526911108958217e+01 3.521435153995038547e+01
2.165417799839121358e+02 1.606657195710806008e+01 3.530546423831658842e+01
2.165693400148260537e+02 1.603991771309087255e+01 3.536014830570533007e+01
2.166162032207258505e+02 1.615661663808856474e+01 3.529707106371377279e+01
2.166714179170055843e+02 1.624431798978398689e+01 3.528632329381969157e+01
2.167286244431776367e+02 1.631980811738277026e+01 3.531131129552311165e+01
2.167543436086820350e+02 1.637496761023223613e+01 3.528776196280865918e+01
2.168241038455385592e+02 1.642858816663775201e+01 3.537094226622473769e+01
2.169348622054784244e+02 1.649314125543866538e+01 3.543594824847401981e+01
2.170178183153715565e+02 1.652538456512089482e+01 3.548291735483187637e+01
2.170709713325206849e+02 1.658351039739710231e+01 3.546854418414962851e+01
2.171340587139177956e+02 1.662369511483440121e+01 3.551491731878066105e+01
2.171680392417527230e+02 1.668325736289833827e+01 3.551250414025727054e+01
2.171884093075236706e+02 1.684965064114841127e+01 3.543519004625822078e+01
2.171916550439036371e+02 1.693989247723703429e+01 3.540734498538798647e+01
2.172626229966224400e+02 1.701648216703881999e+01 3.541776153470042487e+01
2.173144770432592168e+02 1.705699472525590821e+01 3.549014562439585774e+01
2.173745687936135198e+02 1.714161144445971630e+01 3.554698825856836208e+01
2.174921577330993046e+02 1.714737851302237814e+01 3.556967236200832616e+01
2.175253045764770263e+02 1.716489940583083396e+01 3.562198944149901081e+01
2.175253406276968065e+02 1.717009754108149266e+01 3.558118058731943734e+01
2.175373986341094223e+02 1.718671039379198007e+01 3.561058936984721157e+01
2.175766651720431923e+02 1.721844560659556933e+01 3.562290424120068622e+01
2.176078607431508374e+02 1.724065879097728171e+01 3.571899764089830853e+01
2.176724555161746082e+02 1.728249172511846155e+01 3.579706205090882776e+01
2.177463931881220276e+02 1.729092545734351916e+01 3.576853764986604745e+01
2.178019109399679678e+02 1.735621534294849511e+01 3.589399589466734852e+01
2.178538821530689802e+02 1.739886506253759890e+01 3.591767028005038043e+01
2.178863147316550055e+02 1.745207215651636901e+01 3.590839385056318633e+01
2.179201228895954046e+02 1.747617802993603320e+01 3.597644841408430949e+01
2.179832891330357540e+02 1.755277109953967241e+01 3.603528851115221698e+01
2.179593173250896143e+02 1.759919042479602780e+01 3.596151194309315002e+01
2.173282305836016519e+02 1.722143898443713894e+01 3.560400438923601030e+01
2.162543436086820350e+02 1.665242343058901042e+01 3.488606687951907759e+01
2.160379934792356380e+02 1.646656136706225482e+01 3.473192538298788179e+01
2.163475055935720661e+02 1.655596839209306737e+01 3.494964658538619062e+01
2.166890785082906632e+02 1.675123757077868447e+01 3.512411759006608492e+01
2.168493994092106334e+02 1.683775711842600487e+01 3.521122297003467594e+01
2.169380437256231744e+02 1.687611223645994940e+01 3.530347916802797670e+01
2.170720708947236801e+02 1.693768208682485721e+01 3.542970800765186823e+01
2.171355548395382868e+02 1.699409999256443626e+01 3.546091935116817240e+01
2.172051528459058147e+02 1.706712511801141474e+01 3.554126738063103375e+01
2.172590629386701266e+02 1.714828655312034655e+01 3.552506799034728857e+01
2.173562277355552794e+02 1.719706272686919846e+01 3.562022180512963843e+01
2.174327329303107490e+02 1.721684358051701835e+01 3.567960717689657457e+01
2.175078546595075011e+02 1.730563210180864431e+01 3.572427463819221316e+01
2.175862931009231431e+02 1.738612546275120252e+01 3.576045654363436910e+01
2.176605214358299634e+02 1.743695542942635868e+01 3.585913211194804973e+01
2.176584710227054984e+02 1.756765912670426388e+01 3.578508966614317188e+01
2.176514049836304991e+02 1.762071300299901111e+01 3.574453204390137273e+01
2.177084042152888799e+02 1.773386538925177902e+01 3.566030287531009435e+01
2.177775718602204051e+02 1.784973964259722123e+01 3.571353813430431501e+01
2.179031360054797801e+02 1.779074294804343381e+01 3.579297699706858538e+01
2.179262932811792268e+02 1.776840020459067304e+01 3.585942277490745056e+01
2.180139912530728168e+02 1.776779747326013492e+01 3.593209640096166879e+01
2.180736458823874102e+02 1.779830919779276499e+01 3.597111959316198693e+01
2.181433351434049825e+02 1.787093775982226873e+01 3.602768395698188186e+01
2.181789751539499775e+02 1.789912756048155273e+01 3.611915716754579364e+01
2.182382805370730523e+02 1.792664816037385123e+01 3.612731150281762638e+01
2.182365027612981123e+02 1.796590230570082269e+01 3.615709994975361496e+01
2.182726204505050589e+02 1.804679335666147821e+01 3.617571927816445054e+01
2.183315957396470992e+02 1.809745658644519040e+01 3.617874532742393967e+01
2.183570647998143386e+02 1.810969822875850710e+01 3.624717166914894051e+01
2.183820449153134291e+02 1.817964322811634759e+01 3.623041799136122876e+01
2.183983434464515483e+02 1.823241658085725447e+01 3.624125025630164032e+01
2.184236795677458645e+02 1.826673959527999358e+01 3.627695898948430653e+01
2.185161836178751003e+02 1.834633505553014388e+01 3.630268604119302722e+01
2.185300982621058949e+02 1.835471020452307656e+01 3.632568559280598208e+01
2.185965699517589655e+02 1.836963428290744105e+01 3.640804798417351407e+01
2.186315621669486973e+02 1.841451467171984646e+01 3.647824984847221685e+01
2.186535139799870535e+02 1.844111821870923151e+01 3.650776565805868756e+01
2.183403584392525545e+02 1.831631565546750551e+01 3.626232332085810839e+01
2.177548111479384261e+02 1.797459853586983769e+01 3.585212690930639923e+01
2.176009231365462426e+02 1.789126952117220526e+01 3.572101876240668616e+01
2.177969516440482778e+02 1.810042179927131301e+01 3.590325542514527513e+01
2.179714665861522747e+02 1.823875596253376941e+01 3.597678414106842126e+01
2.181226552624641499e+02 1.836181680122033555e+01 3.605881643845493301e+01
2.182160650994900948e+02 1.846728464465889985e+01 3.606426467904275057e+01
2.182619492894529856e+02 1.850937782354279904e+01 3.612333685583793397e+01
2.183179616189701449e+02 1.855989910164866785e+01 3.612318814455638005e+01
2.183797759416691235e+02 1.867904950959075094e+01 3.618059069923594251e+01
2.184314373396002509e+02 1.872703368310527239e+01 3.618740888617503515e+01
2.185183793624792372e+02 1.868989867354043355e+01 3.622855910034181193e+01
2.185861038320193472e+02 1.876027290773366119e+01 3.626513982240268064e+01
2.186530971377584649e+02 1.877238724417716398e+01 3.626686352134795754e+01
2.187016919288078611e+02 1.880303754058578747e+01 3.628355072969922190e+01
2.187419893063069480e+02 1.887443923454247496e+01 3.634421929956986475e+01
2.187510618210823168e+02 1.900546739279831954e+01 3.636068569420003627e+01
2.187342765984772939e+02 1.905511104902289787e+01 3.636156106288008516e+01
2.187339555173012116e+02 1.914456539127965939e+01 3.628961409422436901e+01
2.187436690678281082e+02 1.920776092633609267e+01 3.630448409577908109e+01
2.187853566704895911e+02 1.922708212693183683e+01 3.638357483895244116e+01
2.188228848636700548e+02 1.922393778460748237e+01 3.642676758003933912e+01
2.188879764675662898e+02 1.921110805677165700e+01 3.658009454432384899e+01
2.189141868309400536e+02 1.925284522986032343e+01 3.660674653513979848e+01
2.189759031393852808e+02 1.932186754331216250e+01 3.660228181689134885e+01
2.190055563942471224e+02 1.933843983840040792e+01 3.669084501805940590e+01
2.190846910748445850e+02 1.936912393282756639e+01 3.670286809985286425e+01
2.191105995092527792e+02 1.937399197409719775e+01 3.669065687575623258e+01
2.191306518736494979e+02 1.945571332971319123e+01 3.666769788176551970e+01
2.191585104537271320e+02 1.947410508479922697e+01 3.667219752463311977e+01
2.192154725075651243e+02 1.954367041974885666e+01 3.672942094981444683e+01
2.192559952051877588e+02 1.956587797112748106e+01 3.674270695090049088e+01
2.192673693650253597e+02 1.964487407984894674e+01 3.674857428691814221e+01
2.192820061602521662e+02 1.971585329857395052e+01 3.672407297668161874e+01
2.192858129437398134e+02 1.970912185988242626e+01 3.676479170281177034e+01
2.193067609556277091e+02 1.977757861982411569e+01 3.671651686633784806e+01
2.190421855601345555e+02 1.962951175382424651e+01 3.654170900807321942e+01
2.181644025749583591e+02 1.915933850518123549e+01 3.602089844146070874e+01
2.176449597014959068e+02 1.880484010157431030e+01 3.572124182932901704e+01
2.177538332586021568e+02 1.894031157266686805e+01 3.580019963362948232e+01
2.180634478935948266e+02 1.915027049680833926e+01 3.597739701180451988e+01
2.182678785885046295e+02 1.925929051199491582e+01 3.611032349210140069e+01
2.184144008850574323e+02 1.927160988975086298e+01 3.629451255371068186e+01
2.185097631209540907e+02 1.933753405150367399e+01 3.638131262491184259e+01
2.185499996620198147e+02 1.942784799003183949e+01 3.641073830644888432e+01
2.186323023435546133e+02 1.941315711797536281e+01 3.648261767906753761e+01
2.186844414201476638e+02 1.951053934877977980e+01 3.650843035242320411e+01
2.187354595291260182e+02 1.955467956098627269e+01 3.641445045548462645e+01
2.187655499050275694e+02 1.959583766135737193e+01 3.633683330591938443e+01
2.188297582540394330e+02 1.958106792725765288e+01 3.635967288024460942e+01
2.188623936207366683e+02 1.966476984675978557e+01 3.636294002203630527e+01
2.188800271736068908e+02 1.970465263523150412e+01 3.643544803779970209e+01
2.189572207213398372e+02 1.977155130651873804e+01 3.649547444531818741e+01
2.189309145969135670e+02 1.983186161739291009e+01 3.651092239298984055e+01
2.189384053644214987e+02 1.985196918521990028e+01 3.651776423854190767e+01
2.189489109151827506e+02 1.992066140469071556e+01 3.657322566035695388e+01
2.189975011998296566e+02 1.997088526023347654e+01 3.655780700430135965e+01
2.190455360703719805e+02 1.995237408548194935e+01 3.666703769380347211e+01
2.190448634898031344e+02 1.994266166155565401e+01 3.668054788841246250e+01
2.190650668186826522e+02 1.997929871364741317e+01 3.668395810848262784e+01
2.190802173437911904e+02 1.999974426165975316e+01 3.669317370153645896e+01
2.191585701635598866e+02 2.007347914549596268e+01 3.669376742006205205e+01
2.191580688262849321e+02 2.016507064912474334e+01 3.665116163789704018e+01
2.192245078445201045e+02 2.022940292420456387e+01 3.662081890345708501e+01
2.192385768330355234e+02 2.026254976758229276e+01 3.659978076351976739e+01
2.192493110837222048e+02 2.027085957373938996e+01 3.664388605110710984e+01
2.192958013848174801e+02 2.032766165028964878e+01 3.666787475806251706e+01
2.193133188978240753e+02 2.030504176308490116e+01 3.669941168915737251e+01
2.193658804496488415e+02 2.034755967040172209e+01 3.664404715499546228e+01
2.194294624087171712e+02 2.041325963863158677e+01 3.661933291724216843e+01
2.194241707656152585e+02 2.043426623375160389e+01 3.666281406808723631e+01
2.194507765658058815e+02 2.044209498144488890e+01 3.665623922688159553e+01
