2.546856228373702322e+02 8.297219146482122198e+01 9.537546712802767956e+01
2.545995213379469533e+02 8.294338523644752570e+01 9.525749711649365281e+01
2.545483160322952756e+02 8.297176470588235020e+01 9.532260092272203167e+01
2.545418858131487809e+02 8.269604382929642838e+01 9.507529988465974213e+01
2.545577508650519007e+02 8.244046136101499656e+01 9.488976931949250115e+01
2.545817993079584767e+02 8.238622837370242280e+01 9.487516147635524533e+01
2.545774336793541011e+02 8.238135524798154563e+01 9.468042675893886440e+01
2.545596655132641217e+02 8.236527681660899702e+01 9.448758938869664803e+01
2.544994925028834984e+02 8.245694348327566559e+01 9.419816608996539742e+01
2.544528143021914559e+02 8.263399077277969695e+01 9.398662053056516186e+01
2.544315167243368023e+02 8.277099769319492850e+01 9.389750865051902906e+01
2.544087312572087569e+02 8.286164936562860817e+01 9.383328143021914514e+01
2.543279469434832833e+02 8.371140715109572739e+01 9.359293540945789402e+01
2.543754959630911117e+02 8.415001730103806210e+01 9.383749711649365111e+01
2.544106632064590485e+02 8.459314302191464208e+01 9.402684544405997258e+01
2.544394867358708154e+02 8.490806228373702425e+01 9.421807381776240220e+01
2.544407843137254872e+02 8.519228373702422630e+01 9.427548442906574166e+01
2.544057208765859173e+02 8.549746251441753486e+01 9.391120530565167712e+01
2.543353517877739307e+02 8.579516724336794198e+01 9.366500576701268699e+01
2.543990715109573273e+02 8.602207035755478159e+01 9.366144752018453801e+01
2.544268108419838654e+02 8.622359861591695562e+01 9.372253171856978327e+01
2.544108765859284915e+02 8.632639561707036080e+01 9.368325836216840230e+01
2.543746482122260772e+02 8.649663206459054265e+01 9.347429642445213460e+01
2.543550230680507411e+02 8.676284313725490449e+01 9.349622837370242223e+01
2.543220703575547930e+02 8.714587658592849095e+01 9.365930219146481761e+01
2.542947923875432537e+02 8.740586505190312039e+01 9.370596309111880373e+01
2.542537946943483291e+02 8.755008650519030766e+01 9.368512110726643982e+01
2.544130392156862683e+02 8.821562283737024757e+01 9.380876009227220891e+01
2.545770126874279242e+02 8.875816608996539969e+01 9.409175893886965980e+01
2.545844579008073936e+02 8.883866205305650965e+01 9.399378316032294833e+01
2.545421799307958395e+02 8.887841407151096007e+01 9.383093425605535742e+01
2.545801787773933142e+02 8.897175893886966946e+01 9.388267589388696877e+01
2.545147231833909984e+02 8.871299307958477698e+01 9.370310841983852868e+01
2.544362399077278099e+02 8.848793540945790426e+01 9.350091695501730271e+01
2.544217647058823388e+02 8.836162629757785680e+01 9.345478085351787456e+01
2.544473010380622782e+02 8.824798731257209283e+01 9.353302768166089720e+01
2.544033564013840873e+02 8.757712226066897188e+01 9.313143021914648045e+01
2.543190311418685212e+02 8.743674163783160225e+01 9.268846020761245086e+01
2.541866435986159161e+02 8.730979815455593496e+01 9.211015570934256402e+01
2.541562110726643482e+02 8.731978085351788366e+01 9.192708765859285336e+01
2.541105709342560601e+02 8.750132064590542313e+01 9.185801038062284363e+01
2.541063840830449863e+02 8.771880046136101328e+01 9.185111880046136434e+01
2.541555824682814375e+02 8.795461937716262923e+01 9.198156286043828800e+01
2.542142099192618332e+02 8.811602652825835946e+01 9.209495963091119108e+01
2.542408477508650435e+02 8.829068050749711460e+01 9.222502306805074568e+01
2.542026124567474028e+02 8.844196655132641638e+01 9.226846597462514410e+01
2.540884083044982731e+02 8.862006920415224442e+01 9.222851787773933552e+01
2.540646539792387557e+02 8.873262975778546036e+01 9.211271626297578052e+01
2.542191176470588232e+02 8.896464821222606645e+01 9.259314878892733702e+01
2.542776297577854621e+02 8.909732410611303521e+01 9.277543829296423894e+01
2.542412572087658589e+02 8.912683967704728616e+01 9.267944636678200254e+01
2.542224394463667920e+02 8.929255478662052781e+01 9.269319492502883406e+01
2.542611880046136150e+02 8.950192041522491593e+01 9.288170703575548259e+01
2.543092214532871935e+02 8.978002883506343323e+01 9.315389850057670174e+01
2.543133506343714032e+02 8.989353517877739819e+01 9.325355247981545403e+01
2.542147347174163770e+02 8.997520761245674237e+01 9.306806228373702083e+01
2.541229123414071580e+02 9.013391580161476213e+01 9.307027681660899532e+01
2.542726124567473960e+02 9.030410611303345547e+01 9.327419838523644557e+01
2.544560265282583487e+02 9.042499999999999716e+01 9.359134948096885864e+01
2.544035813148788918e+02 9.052811995386389299e+01 9.356031718569781219e+01
2.543153114186851269e+02 9.068030565167242685e+01 9.339653979238754289e+01
2.542448442906574257e+02 9.076779123414071648e+01 9.335694348327565706e+01
2.542979584775086437e+02 9.096937716262975471e+01 9.323209919261822165e+01
2.542874509803921512e+02 9.113426758938869909e+01 9.298679354094579708e+01
2.542151211072664410e+02 9.118348327566320677e+01 9.272964821222606702e+01
2.542372318339100445e+02 9.124712802768165432e+01 9.259411188004614246e+01
2.543576066897347232e+02 9.133529988465974725e+01 9.273942906574394840e+01
2.543915167243367819e+02 9.138189734717416002e+01 9.290809111880045634e+01
2.543199423298731290e+02 9.152512687427912397e+01 9.291183391003460201e+01
2.542080565167243265e+02 9.171824106113032826e+01 9.285874279123413544e+01
2.543108304498269945e+02 9.185916955017300722e+01 9.307886966551326680e+01
2.544352998846597416e+02 9.181994232987312898e+01 9.324757208765859673e+01
2.544591061130334424e+02 9.181798154555940528e+01 9.306353517877739989e+01
2.543072606689734698e+02 9.060778546712802495e+01 9.200437139561707056e+01
2.541466378316032433e+02 8.954205305651672120e+01 9.131351211072664853e+01
2.542815397923875480e+02 8.909234140715109618e+01 9.131651095732411250e+01
2.543925663206458978e+02 8.878069780853518012e+01 9.136816608996539912e+01
2.542918685121107387e+02 8.802593425605536481e+01 9.153049596309111280e+01
2.541719838523644626e+02 8.755674163783160679e+01 9.162195501730103331e+01
2.541768454440599783e+02 8.720501730103806892e+01 9.168762399077277792e+01
2.540855132641291902e+02 8.680430219146482784e+01 9.147604959630911026e+01
2.540075317185697941e+02 8.663235294117646390e+01 9.140799884659746510e+01
2.540472722029988404e+02 8.661861591695502227e+01 9.140754325259516122e+01
2.541069896193771740e+02 8.649787197231833602e+01 9.138723760092271675e+01
2.540871799307958554e+02 8.637190888119954479e+01 9.127758362168397355e+01
2.539562514417531816e+02 8.623358708189158506e+01 9.098257208765859616e+01
2.538963552479815462e+02 8.618934832756632147e+01 9.090731257208766181e+01
2.539455997693195002e+02 8.586080738177624028e+01 9.140297577854671829e+01
2.540388062283737156e+02 8.544809111880046260e+01 9.199687427912341775e+01
2.540550000000000068e+02 8.527696655132641013e+01 9.202599192618224322e+01
2.539433967704729014e+02 8.524938869665513153e+01 9.202870818915801010e+01
2.539398154555940152e+02 8.539598615916955282e+01 9.215942906574395010e+01
2.540982814302191457e+02 8.573099769319492225e+01 9.256083621683967522e+01
2.541598558246828077e+02 8.587134371395616483e+01 9.267358131487888784e+01
2.540313783160322885e+02 8.603566897347174347e+01 9.249133217993079370e+01
2.540258881199538621e+02 8.621059400230680581e+01 9.247618223760092349e+01
2.542179238754325183e+02 8.636457900807381804e+01 9.283285467128027335e+01
2.542659515570934161e+02 8.662177047289503662e+01 9.283212802768166227e+01
2.540526585928488998e+02 8.672463667820069588e+01 9.225227797001153363e+01
2.540795501730103751e+02 8.683650519031141357e+01 9.212573817762398676e+01
2.543405363321799371e+02 8.707995386389849557e+01 9.262992502883506063e+01
2.544187600922722083e+02 8.725897347174164054e+01 9.290439446366781340e+01
2.542204959630911105e+02 8.780331603229527104e+01 9.256559976931949052e+01
2.541100576701268778e+02 8.802282006920415824e+01 9.240500576701268187e+01
2.541040657439446306e+02 8.822532871972317992e+01 9.230571510957324222e+01
2.541406632064590667e+02 8.833843713956170518e+01 9.228972318339100411e+01
2.539957843137254940e+02 8.841497116493655994e+01 9.200675317185697111e+01
2.539496943483275686e+02 8.906367358708189386e+01 9.151282583621683386e+01
2.539467301038062317e+02 8.958836216839677036e+01 9.138008650519030596e+01
2.539962514417531736e+02 8.975075547866205739e+01 9.124734140715109731e+01
2.540169838523644614e+02 8.978931372549020296e+01 9.113929065743944591e+01
2.539598096885813163e+02 8.893731833910034368e+01 9.059961361014994452e+01
2.538237773933102517e+02 8.774401384083044775e+01 8.998468858131488446e+01
2.537623702422145300e+02 8.714938869665513721e+01 8.963330449826989366e+01
2.537183217993079722e+02 8.675801038062283510e+01 8.940683391003460656e+01
2.537208189158016012e+02 8.654418685121106591e+01 8.938362745098039852e+01
2.537221453287197335e+02 8.638967704728950991e+01 8.937883506343713691e+01
2.537808765859284961e+02 8.491911188004613109e+01 8.996341983852364876e+01
2.538274798154556038e+02 8.412666089965398442e+01 9.022789504036909136e+01
2.537426355247981462e+02 8.357905420991926349e+01 9.011844290657440126e+01
2.535306170703575503e+02 8.303006920415225522e+01 8.975161476355248169e+01
2.534206632064590679e+02 8.281436562860437789e+01 8.957940023068050550e+01
2.534249423298731188e+02 8.262906574394463632e+01 8.976870242214532425e+01
2.534883044982698834e+02 8.241722606689734221e+01 8.996868512110727067e+01
2.535064763552479690e+02 8.221292964244521784e+01 9.003889273356401191e+01
2.534301499423298765e+02 8.193539792387542775e+01 8.988345444059976330e+01
2.532974509803921705e+02 8.176202998846596870e+01 8.970457324106112651e+01
2.533177854671280329e+02 8.103065743944637234e+01 9.002407727797000803e+01
2.534188235294117533e+02 8.068362168396770073e+01 9.050859861591695221e+01
2.534279527104959584e+02 8.052287773933102244e+01 9.079534602076124372e+01
2.532857727797001246e+02 8.048314878892733759e+01 9.076081314878892670e+01
2.533184832756631977e+02 8.050871972318338976e+01 9.080359861591695392e+01
2.534123817762398971e+02 8.082024798154556322e+01 9.061101499423298833e+01
2.533109573241061128e+02 8.103565743944636779e+01 9.040669550173009839e+01
2.532708304498270024e+02 8.126879469434832970e+01 9.029391003460207799e+01
2.531661476355247942e+02 8.142949826989620021e+01 9.008543829296424121e+01
2.531633737024221489e+02 8.160877162629758175e+01 9.004389273356400736e+01
2.533797231833910075e+02 8.243366205305652272e+01 9.066707612456747256e+01
2.535554036908881130e+02 8.295132641291810671e+01 9.103106113033449276e+01
2.534598096885813163e+02 8.319325259515571247e+01 9.090164936562860021e+01
2.535087254901960705e+02 8.336535755478662679e+01 9.099104382929643009e+01
2.537128892733564101e+02 8.365178777393310838e+01 9.136568050749711745e+01
2.538370530565167371e+02 8.410877739331026248e+01 9.135895617070357844e+01
2.539232525951557022e+02 8.442199538638985246e+01 9.133494232987312955e+01
2.539186274509803809e+02 8.466824106113033110e+01 9.114726066897347323e+01
2.538437485582468298e+02 8.480721453287196709e+01 9.100201268742790717e+01
2.539179700115340381e+02 8.500168396770473578e+01 9.099134371395616938e+01
2.539440080738177699e+02 8.552804498269895817e+01 9.103059400230679898e+01
2.538186101499423160e+02 8.585178200692041628e+01 9.079250288350634435e+01
2.537708304498270024e+02 8.536859861591695164e+01 9.032817762399076855e+01
2.538528489042676028e+02 8.443652825836217346e+01 8.994918685121106705e+01
2.539079873125720894e+02 8.400046712802767956e+01 8.985938292964245022e+01
2.537940657439446284e+02 8.336104959630911537e+01 8.947055940023068388e+01
2.536580911188004563e+02 8.298615340253748229e+01 8.920953287197231418e+01
2.535484832756632159e+02 8.272125720876586286e+01 8.900810841983852129e+01
2.534110495963091125e+02 8.245573241061130432e+01 8.866544982698961519e+01
2.533442502883506222e+02 8.229081891580160857e+01 8.849389850057670515e+01
2.534631430219146466e+02 8.081892733564014009e+01 8.923947520184545112e+01
2.534892329873125618e+02 7.997898500576701508e+01 8.936521337946943788e+01
2.535295617070357537e+02 7.935076701268742738e+01 8.956172433679354583e+01
2.536519031141868652e+02 7.903730680507497652e+01 8.981568050749712029e+01
2.535384890426759057e+02 7.866262975778546718e+01 8.967388119953864134e+01
2.534250000000000114e+02 7.885938869665513096e+01 8.948513264129181266e+01
2.534174394463667852e+02 7.891563437139561188e+01 8.953979815455593894e+01
2.535129469434832856e+02 7.910822376009227241e+01 8.974221453287196937e+01
2.536445444059976921e+02 7.933824106113033281e+01 9.001985005767012638e+01
2.536629181084198308e+02 7.943429642445212835e+01 9.014587081891579601e+01
2.537111937716262844e+02 7.986809688581314504e+01 9.040818915801614253e+01
2.538415801614763438e+02 8.034363321799307300e+01 9.065968281430218667e+01
2.538319204152249142e+02 8.059202998846598121e+01 9.065659169550173146e+01
2.537316262975778614e+02 8.083501153402536943e+01 9.058327566320646440e+01
2.536757381776239981e+02 8.098091118800461174e+01 9.056969434832757315e+01
2.537493886966551315e+02 8.169925028835064040e+01 9.061231833910034084e+01
2.538445444059976808e+02 8.229467128027681611e+01 9.089602652825836060e+01
2.538906228373702447e+02 8.287768166089965405e+01 9.108746828143021901e+01
2.539106228373702550e+02 8.313785467128028017e+01 9.104040945790080741e+01
2.539118223760092405e+02 8.313726643598616306e+01 9.100239907727797117e+01
2.538291349480968790e+02 8.364320645905421259e+01 9.073028258362168685e+01
2.536618396770472827e+02 8.399626874279123001e+01 9.025604382929643066e+01
2.536657035755478660e+02 8.437819492502883634e+01 9.037072087658593489e+01
2.538302998846597518e+02 8.484916955017301632e+01 9.075118223760092917e+01
2.539175547866205420e+02 8.492831603229527104e+01 9.078224336793540772e+01
2.538317704728950446e+02 8.494523644752018754e+01 9.060807381776240277e+01
2.536385063437139422e+02 8.497113033448673036e+01 9.030721453287196709e+01
2.534455824682814296e+02 8.497717416378316102e+01 8.988863898500576965e+01
2.535337081891580056e+02 8.507321222606690014e+01 9.002317762399077594e+01
2.535631314878892795e+02 8.440287197231833716e+01 8.967509227220300261e+01
2.534501960784313610e+02 8.329628027681660285e+01 8.891321799307958429e+01
2.533398212226067017e+02 8.279378892733564044e+01 8.846698961937715922e+01
2.535206055363321695e+02 8.267130334486735421e+01 8.857243944636678634e+01
2.536460380622837363e+02 8.255828719723183440e+01 8.868245674740484219e+01
2.535160149942329895e+02 8.242186851211071996e+01 8.842540369088811758e+01
2.534399134948097014e+02 8.191485582468281734e+01 8.870939446366782022e+01
2.535246770472895150e+02 8.152073817762399699e+01 8.930678777393310952e+01
2.535000057670126807e+02 8.128037485582468946e+01 8.944786043829296318e+01
2.533111072664359824e+02 8.105613610149941906e+01 8.927001153402537170e+01
2.532000865051903133e+02 8.075454440599769157e+01 8.899046136101499371e+01
2.532451268742791228e+02 7.940320645905420349e+01 8.908445213379469863e+01
2.532458592848904289e+02 7.877663783160322453e+01 8.908058823529411541e+01
2.530781026528258337e+02 7.817810841983852299e+01 8.896042675893886553e+01
2.529099711649365645e+02 7.781426182237601097e+01 8.873099192618224151e+01
2.530055132641291777e+02 7.774982122260668405e+01 8.875600346020760867e+01
2.531714705882352803e+02 7.809565167243367512e+01 8.937693771626297234e+01
2.531760495963090989e+02 7.841836793540946360e+01 8.973117647058823820e+01
2.528500749711649291e+02 7.844974625144175207e+01 8.937822376009226844e+01
2.529318454440599737e+02 7.858240484429066441e+01 8.957040945790080855e+01
2.530732871972318208e+02 7.886060553633217296e+01 8.992538062283736622e+01
2.531165224913494853e+02 7.888827566320645701e+01 8.997973471741637752e+01
2.532535005767012706e+02 7.897701845444059643e+01 9.028173587081892038e+01
2.532039677047289388e+02 7.898309688581315413e+01 9.023535755478661713e+01
2.530521568627451074e+02 7.896141291810842233e+01 9.003850057670126716e+01
2.530002479815455558e+02 7.904323529411765037e+01 8.997342560553633461e+01
2.528486332179930685e+02 7.949979815455594689e+01 8.970250865051903588e+01
2.529426124567474119e+02 8.006709342560553466e+01 8.972165513264128833e+01
2.533083794694348398e+02 8.053132064590542427e+01 9.015912918108419660e+01
2.533694694348327516e+02 8.064266435986159820e+01 9.019654555940023499e+01
2.531678143021914593e+02 8.058594579008074277e+01 8.985444636678201391e+01
2.530709284890426716e+02 8.060503460207613102e+01 8.949069780853517386e+01
2.531291003460207492e+02 8.078671280276816447e+01 8.946528835063436702e+01
2.531523587081891549e+02 8.087993079584775558e+01 8.944894463667820617e+01
2.530073298731257125e+02 8.102257785467128315e+01 8.931558823529411484e+01
2.531065743944636779e+02 8.115730680507496686e+01 8.936883506343714600e+01
2.532762629757785362e+02 8.158661476355247544e+01 8.970723760092272414e+01
2.532269088811995346e+02 8.097365051903113908e+01 8.929710495963091432e+01
2.529391580161476440e+02 7.971100346020760696e+01 8.832685697808534542e+01
2.528612572087658634e+02 7.919151672433679323e+01 8.797535755478662622e+01
2.530262168396770335e+02 7.884116493656286195e+01 8.793614186851210945e+01
2.530428604382929620e+02 7.775980392156863275e+01 8.807303344867358419e+01
2.528725605536332068e+02 7.707997693194924693e+01 8.787965397923875344e+01
2.525317301038062396e+02 7.656679354094579537e+01 8.753008650519031164e+01
2.523023990772779825e+02 7.632329296424451570e+01 8.737979815455594235e+01
2.523353748558246821e+02 7.627525951557093720e+01 8.747186851211073133e+01
2.522849365628604517e+02 7.626137254901961171e+01 8.749138985005767211e+01
2.521072664359861619e+02 7.611416955017301689e+01 8.725306805074971805e+01
2.522448731257208863e+02 7.615962514417532248e+01 8.733015570934256289e+01
2.527072145328719728e+02 7.646389273356400906e+01 8.810034025374855560e+01
2.530272260668973558e+02 7.659158016147635806e+01 8.856933679354094124e+01
2.527122318339100389e+02 7.637963091118800207e+01 8.815941753171857442e+01
2.522961476355247896e+02 7.586660322952710089e+01 8.750727220299884834e+01
2.524540715109573341e+02 7.586370818915801806e+01 8.764840830449827536e+01
2.526780738177623959e+02 7.586862168396770301e+01 8.792523068050749657e+01
2.525577335640138301e+02 7.579378892733564044e+01 8.769026528258362418e+01
2.523748154555939891e+02 7.577806228373702879e+01 8.750841983852365047e+01
2.525347750865051921e+02 7.590680507497116025e+01 8.777662053056516811e+01
2.527616378316032240e+02 7.604569780853518068e+01 8.810925605536331773e+01
2.526630103806228362e+02 7.607470588235294429e+01 8.802640715109573932e+01
2.523748154555939891e+02 7.611638985005767211e+01 8.777142445213380029e+01
2.521769896193771672e+02 7.621930219146481988e+01 8.744419838523644728e+01
2.521461822376009252e+02 7.631136101499423319e+01 8.722888119953863395e+01
2.523656401384083097e+02 7.650887543252595435e+01 8.744506920415224727e+01
2.524027854671280409e+02 7.662554786620530933e+01 8.759839677047288831e+01
2.520836389850057628e+02 7.658141868512110761e+01 8.728505190311418005e+01
2.517593310265282582e+02 7.691877162629758402e+01 8.682497116493655653e+01
2.517809457900807502e+02 7.717189158016147132e+01 8.676999999999999602e+01
2.518639965397923959e+02 7.745881776239907879e+01 8.693700115340253376e+01
2.517605709342560658e+02 7.764594579008074504e+01 8.694889273356400849e+01
2.515679238754325127e+02 7.776880622837370538e+01 8.676031718569781503e+01
2.513563956170703477e+02 7.765752595155709059e+01 8.606553633217993138e+01
2.514339331026528157e+02 7.774848904267589944e+01 8.579217993079585369e+01
2.516042560553633223e+02 7.782059976931948597e+01 8.588619953863899070e+01
2.515459688581314879e+02 7.781238177623990282e+01 8.581185697808534485e+01
2.514744059976931965e+02 7.764836216839677263e+01 8.558009227220300374e+01
2.515466666666666526e+02 7.683694348327566104e+01 8.516001153402537227e+01
2.516003575547866262e+02 7.612840253748558439e+01 8.486084198385236732e+01
2.515211476355248124e+02 7.562863321799308380e+01 8.453253171856978554e+01
2.513912456747404747e+02 7.521959630911187844e+01 8.418272202998846865e+01
2.512658535178777299e+02 7.499474048442905882e+01 8.403141291810841551e+01
2.513093137254901990e+02 7.445280853517877517e+01 8.432100346020760639e+01
2.513128719723183337e+02 7.395979815455594064e+01 8.453757785467128372e+01
2.512598385236447598e+02 7.363585351787773448e+01 8.457920415224913313e+01
2.513511649365628671e+02 7.354053056516724496e+01 8.477479238754325763e+01
2.513273817762399176e+02 7.323007497116493880e+01 8.470472318339101037e+01
2.512297923875432559e+02 7.269240484429066385e+01 8.456194348327566956e+01
2.509953114186851337e+02 7.218441176470588516e+01 8.435540945790080514e+01
2.511134083044982788e+02 7.206010380622836919e+01 8.447065743944637006e+01
2.510469665513264204e+02 7.186933679354095261e+01 8.440017877739330743e+01
2.510638638985005855e+02 7.176926182237600926e+01 8.429143021914647704e+01
2.509682756632064695e+02 7.163780276816609671e+01 8.414149942329872545e+01
2.506269204152249017e+02 7.142480392156862479e+01 8.376193194925028251e+01
2.503612399077277928e+02 7.137138408304498682e+01 8.358270472895040371e+01
2.503492272202998947e+02 7.148741637831602702e+01 8.363540945790080627e+01
2.502431545559400092e+02 7.169690888119953343e+01 8.369674163783160736e+01
2.501567185697808497e+02 7.195005767012688125e+01 8.380160322952710317e+01
2.503323529411764810e+02 7.229230680507497198e+01 8.402925605536331943e+01
2.507586216839677036e+02 7.267152249134947795e+01 8.451713379469434528e+01
2.510484083044982810e+02 7.295326412918107906e+01 8.490063437139561131e+01
2.509285409457900755e+02 7.307279123414070909e+01 8.493431372549019898e+01
2.505257900807381759e+02 7.310776239907727359e+01 8.480122260668973411e+01
2.504572029988466113e+02 7.330348327566321132e+01 8.490283160322952938e+01
2.505956055363321866e+02 7.366154555940022419e+01 8.525093425605535913e+01
2.505647174163783291e+02 7.391506920415224613e+01 8.536767012687427325e+01
2.505334948096885910e+02 7.416014994232986624e+01 8.553781430219146387e+01
2.507438119953863804e+02 7.504994232987311875e+01 8.525743367935409367e+01
2.510120472895040393e+02 7.573702422145328228e+01 8.533712802768165773e+01
2.512070069204152389e+02 7.628579008073818102e+01 8.535104382929642952e+01
2.510406286043829311e+02 7.648318339100346464e+01 8.515505767012687954e+01
2.508843656286043711e+02 7.664463091118800264e+01 8.496700692041522984e+01
2.509740369088812031e+02 7.691435409457901073e+01 8.522700692041522075e+01
2.512697866205305672e+02 7.687098039215686640e+01 8.533013840830449226e+01
2.512219896193771547e+02 7.565034025374855275e+01 8.478351787773932813e+01
2.509207266435986128e+02 7.472733564013840635e+01 8.402252018454440474e+01
2.504832987312572072e+02 7.432216839677047915e+01 8.349917531718570274e+01
2.504890484429065793e+02 7.379757208765859389e+01 8.370147058823529562e+01
2.504308823529411825e+02 7.339545559400229990e+01 8.369053056516723643e+01
2.502364763552479872e+02 7.309731257208765953e+01 8.362209342560554148e+01
2.499444579008073788e+02 7.283855824682814273e+01 8.340783737024221978e+01
2.499356574394463735e+02 7.280006920415225125e+01 8.339058823529411768e+01
2.506167474048442898e+02 7.290246251441753600e+01 8.418463667820068963e+01
2.509590830449826910e+02 7.292768166089965121e+01 8.449333333333333940e+01
2.507391810841983784e+02 7.277983852364475581e+01 8.436573817762399585e+01
2.502925432525951521e+02 7.248431949250287687e+01 8.389257208765859275e+01
2.502148615916954952e+02 7.240180507497116480e+01 8.383568050749711631e+01
2.503566782006920448e+02 7.218362745098039568e+01 8.392602652825836174e+01
2.503093944636678145e+02 7.205633794694348637e+01 8.398142445213379403e+01
2.500790599769319442e+02 7.191096309111880203e+01 8.382683391003460827e+01
2.499077450980392143e+02 7.189080161476354647e+01 8.375215109573241534e+01
2.500985582468281336e+02 7.216933102652825482e+01 8.400995963091118313e+01
2.502004152249134847e+02 7.229210495963090466e+01 8.412140138408304324e+01
2.501586735870818927e+02 7.234406574394463973e+01 8.415575547866205852e+01
2.498729757785467029e+02 7.241587658592848697e+01 8.396419838523644330e+01
2.499167416378315920e+02 7.262302768166090061e+01 8.404495386389849898e+01
2.500487716262975653e+02 7.285079008073817874e+01 8.430007497116493198e+01
2.499955420991926189e+02 7.337054209919261893e+01 8.383455594002306555e+01
2.494329469434832731e+02 7.362623414071511263e+01 8.289592848904267441e+01
2.492774625144175218e+02 7.384496539792387182e+01 8.270012110726644039e+01
2.494747404844290770e+02 7.436432525951556727e+01 8.294035755478661542e+01
2.494156459054210018e+02 7.456429642445213801e+01 8.289277970011534080e+01
2.492235121107266309e+02 7.525449250288350811e+01 8.243081314878892840e+01
2.488486620530565290e+02 7.564309688581315072e+01 8.204199538638985700e+01
2.489639619377162489e+02 7.611103806228373969e+01 8.221052479815455172e+01
2.498837543252595026e+02 7.690822952710496452e+01 8.306999423298731244e+01
2.499866147635524669e+02 7.715931372549019329e+01 8.319345444059976558e+01
2.493926528258362225e+02 7.709156286043828743e+01 8.278483852364475126e+01
2.491125201845443939e+02 7.711595155709342464e+01 8.273183967704729014e+01
2.492273068050749600e+02 7.727314878892732963e+01 8.292422145328720262e+01
2.492914878892733554e+02 7.736265282583622138e+01 8.306469434832756349e+01
2.488809284890426738e+02 7.616380622837370140e+01 8.220924452133795057e+01
2.484572202998846535e+02 7.541339677047290024e+01 8.103171280276816901e+01
2.486556459054209824e+02 7.529505190311418517e+01 8.080567474048443444e+01
2.487916666666666572e+02 7.509224336793540999e+01 8.058821799307958145e+01
2.485515859284890325e+02 7.469408304498270468e+01 8.015601499423299003e+01
2.479772606689734857e+02 7.424449250288350299e+01 7.948832179930795405e+01
2.475394117647058749e+02 7.288341407151095552e+01 7.968534025374856355e+01
2.473228892733563953e+02 7.213079584775086062e+01 7.996943483275663311e+01
2.474356978085351670e+02 7.177955594002307294e+01 8.019559976931948597e+01
2.475686678200692086e+02 7.162224336793541113e+01 8.042954440599768873e+01
2.478109919261822256e+02 7.149561130334487302e+01 8.067825836216839264e+01
2.477563898500576727e+02 7.180987312572086978e+01 8.071468858131487423e+01
2.474766147635524760e+02 7.187493656286044086e+01 8.032919261822375745e+01
2.474120011534025423e+02 7.184999999999999432e+01 8.014434832756631977e+01
2.474362918108419933e+02 7.186088235294117510e+01 7.994212802768166171e+01
2.465970818915801601e+02 7.159715686274509494e+01 7.918607266435985537e+01
2.465175720876586070e+02 7.128217993079584858e+01 7.904558246828142387e+01
2.466852652825836287e+02 7.106018454440599896e+01 7.906238177623990282e+01
2.464259284890426898e+02 7.076467704728950991e+01 7.865415224913495251e+01
2.456906574394463689e+02 7.034497693194924750e+01 7.802139561707035398e+01
2.450665570934256152e+02 7.022238177623991362e+01 7.762164359861591834e+01
2.459396424452133658e+02 7.008453287197231418e+01 7.814405420991926121e+01
2.464628950403690908e+02 7.011346597462514296e+01 7.866095155709342635e+01
2.462989042675893927e+02 7.000397923875432582e+01 7.868934832756632147e+01
2.463020126874279185e+02 7.005617647058824105e+01 7.879784313725490108e+01
2.468575201845443985e+02 7.034380622837370822e+01 7.926549596309111223e+01
2.474319723183390920e+02 7.125901960784314326e+01 7.992737024221453623e+01
2.469995501730103911e+02 7.151930219146481704e+01 7.975133217993079882e+01
2.462643829296424371e+02 7.169669550173010464e+01 7.921198385236446882e+01
2.470832237600922667e+02 7.216665513264129572e+01 7.987935409457901414e+01
2.480612341407151007e+02 7.281203575547866080e+01 8.084292387543253255e+01
2.475300634371395745e+02 7.389970011534025218e+01 8.026900807381775849e+01
2.465705997693195002e+02 7.432581891580161937e+01 7.931624567474048604e+01
2.465928835063437248e+02 7.488727797001153874e+01 7.930925605536332057e+01
2.466171453287197153e+02 7.517722606689734732e+01 7.938527681660899304e+01
2.464144348327566263e+02 7.534168973471741992e+01 7.917107266435985480e+01
2.467125317185697781e+02 7.580728950403690192e+01 7.919397923875432355e+01
2.468546770472894991e+02 7.614432525951556840e+01 7.929618800461361161e+01
2.470935236447520253e+02 7.637201268742791171e+01 7.945915801614764007e+01
2.471204325259515713e+02 7.578547866205305183e+01 7.909792387543252801e+01
2.468312629757785430e+02 7.449534025374855162e+01 7.834362745098039227e+01
2.466006459054210040e+02 7.380656286043829084e+01 7.784519607843137123e+01
2.465495444059976933e+02 7.356481545559400104e+01 7.779012687427912454e+01
2.466762399077277905e+02 7.348955017301038595e+01 7.799501730103806096e+01
2.469975720876585967e+02 7.344807958477508691e+01 7.816591695501729475e+01
2.472746597462514444e+02 7.339628027681661138e+01 7.834478662053057008e+01
2.470900922722030089e+02 7.306029411764706083e+01 7.842224336793540829e+01
2.468201960784313655e+02 7.277271626297577711e+01 7.853690311418685610e+01
2.469115570934256141e+02 7.266278546712803177e+01 7.870656862745097726e+01
2.467161764705882376e+02 7.247368512110726613e+01 7.855257785467128429e+01
2.466411880046136105e+02 7.237692618223759666e+01 7.848020184544405708e+01
2.467270703575547941e+02 7.237801038062283965e+01 7.857746251441753316e+01
2.472593310265282582e+02 7.240412918108420115e+01 7.889765859284889871e+01
2.474215167243367830e+02 7.236033448673586577e+01 7.889678200692041798e+01
2.471774509803921660e+02 7.221790657439446193e+01 7.856927335640138210e+01
2.467513264129181039e+02 7.199564590542098586e+01 7.818398500576701338e+01
2.468106920415224863e+02 7.198606113033449105e+01 7.840194925028835371e+01
2.474130046136101555e+02 7.240737024221452600e+01 7.919298731257208601e+01
2.479914936562860532e+02 7.280843713956170404e+01 7.986241637831602702e+01
2.480053056516724439e+02 7.305281430219146444e+01 8.000959630911188469e+01
2.476452710495963174e+02 7.314767012687427439e+01 7.990633217993079995e+01
2.475580046136101373e+02 7.298857554786620483e+01 8.009251441753171719e+01
2.482673933102652768e+02 7.312346020761245313e+01 8.079419838523644160e+01
2.486250230680507514e+02 7.339119377162629121e+01 8.121476355247980905e+01
2.478461937716263037e+02 7.331517877739331368e+01 8.082950980392156737e+01
2.474879123414071387e+02 7.334552479815455683e+01 8.077816032295271498e+01
2.479499480968858052e+02 7.441010957324105846e+01 8.095337370242214092e+01
2.482299250288350549e+02 7.518748558246828395e+01 8.110219146482121744e+01
2.479291176470588312e+02 7.549271626297577598e+01 8.075929642445213119e+01
2.473836159169550228e+02 7.558404267589388326e+01 8.020856978085352296e+01
2.476913840830449942e+02 7.596899653979238565e+01 8.052225490196077828e+01
2.481882064590542143e+02 7.672922145328719523e+01 8.119639561707035114e+01
2.483116666666666674e+02 7.709719723183391693e+01 8.137070357554786426e+01
2.477539965397923822e+02 7.721288927335639585e+01 8.111201268742790660e+01
2.473286851211072701e+02 7.733010957324106016e+01 8.086761822376008979e+01
2.478158131487889193e+02 7.778279123414071705e+01 8.132807958477508237e+01
2.484733333333333292e+02 7.833456170703576049e+01 8.177151672433679153e+01
2.482611764705882251e+02 7.841591118800461402e+01 8.154305651672433441e+01
2.478925836216839684e+02 7.760709919261822165e+01 8.077593425605536481e+01
2.479220357554786744e+02 7.634952133794693907e+01 8.032850057670127342e+01
2.483343483275663175e+02 7.593140715109572625e+01 8.036911188004613393e+01
2.483385813148788941e+02 7.509683391003460429e+01 8.032397347174163826e+01
2.482750865051903020e+02 7.451065167243368137e+01 8.034835063437139979e+01
2.487301845444060007e+02 7.438454440599768702e+01 8.074352941176471177e+01
2.493675778546712820e+02 7.434029411764706197e+01 8.158310265282582918e+01
2.495806747404844259e+02 7.431296424452133920e+01 8.166856978085351670e+01
2.490047347174163690e+02 7.364628604382929211e+01 8.138256632064590690e+01
2.484228085351787740e+02 7.322960207612456429e+01 8.099522491349480902e+01
2.483305997693194911e+02 7.302893886966550951e+01 8.095685697808535508e+01
2.482646597462514535e+02 7.285522491349480845e+01 8.090097462514417259e+01
2.483891176470588107e+02 7.279985005767012751e+01 8.102751441753171946e+01
2.483008016147635431e+02 7.260598039215686583e+01 8.094734140715110016e+01
2.481565340253748673e+02 7.238863321799307471e+01 8.079261822376008695e+01
2.480130103806228306e+02 7.227159746251442130e+01 8.071914071510957456e+01
2.480146828143022049e+02 7.244286620530564846e+01 8.078529988465975009e+01
2.478480795847750926e+02 7.256885236447520526e+01 8.079348327566320620e+01
2.479582987312572016e+02 7.286389273356401475e+01 8.091552479815455001e+01
2.479926816608996489e+02 7.319944636678201277e+01 8.094010380622837886e+01
2.475804382929642316e+02 7.337404844290657024e+01 8.076899077277970207e+01
2.476337831603229631e+02 7.360424452133794659e+01 8.082689734717416741e+01
2.478624682814302105e+02 7.392817185697808213e+01 8.111713379469435381e+01
2.480986389850057776e+02 7.453156286043829937e+01 8.132757208765859502e+01
2.477068800461360922e+02 7.474587658592848527e+01 8.106611880046136775e+01
2.471096770472894946e+02 7.476068627450980841e+01 8.072096885813148504e+01
2.473193310265282605e+02 7.514005190311418403e+01 8.088219146482121857e+01
2.475284371395617029e+02 7.545063437139562268e+01 8.114033448673586690e+01
2.475554613610150057e+02 7.634877739331027158e+01 8.076131487889273330e+01
2.474632352941176521e+02 7.670178200692041059e+01 8.053792387543252573e+01
2.473184313725490142e+02 7.701324106113032997e+01 8.036908304498270184e+01
2.473107670126874211e+02 7.729152825836216323e+01 8.034416378316032592e+01
2.472884371395616938e+02 7.755514417531718152e+01 8.037102076124567418e+01
2.469849538638985109e+02 7.787428489042676460e+01 8.038489619377162398e+01
2.473914648212225984e+02 7.833975201845444758e+01 8.084770472895040427e+01
2.478127681660899668e+02 7.871978085351787513e+01 8.125569780853517443e+01
2.475764878892733520e+02 7.880141291810842574e+01 8.117235294117647015e+01
2.472095674740484412e+02 7.866809688581314219e+01 8.089828143021914286e+01
2.468089215686274542e+02 7.763662629757784828e+01 7.979619377162629235e+01
2.469715801614763677e+02 7.620220876585928238e+01 7.918158016147636147e+01
2.472625317185697895e+02 7.569755478662052894e+01 7.899066897347174177e+01
2.472734544405997781e+02 7.544727797001154102e+01 7.886375432525952078e+01
2.471701557093425663e+02 7.517405997693194308e+01 7.873730103806228442e+01
2.472518223760092155e+02 7.476630911188004802e+01 7.909772779700115564e+01
2.471514302191464765e+02 7.431622837370241541e+01 7.923360438292964147e+01
2.468084486735870939e+02 7.383190311418685781e+01 7.900746251441752577e+01
2.467170299884659812e+02 7.361592848904267328e+01 7.888768166089965916e+01
2.466361361014994316e+02 7.336755478662053065e+01 7.873440599769320158e+01
2.466897001153402584e+02 7.311055363321798950e+01 7.853353517877739876e+01
2.468187081891580021e+02 7.298667820069204026e+01 7.847231257208765953e+01
2.466386332179930889e+02 7.272503460207612136e+01 7.817512110726643471e+01
2.462363610149942303e+02 7.233336216839677490e+01 7.775845444059976330e+01
2.463153171856978076e+02 7.230756632064590406e+01 7.768564590542099779e+01
2.464386159169550297e+02 7.163126874279123513e+01 7.789371395617069993e+01
2.464822837370242326e+02 7.129524798154555754e+01 7.797853517877739193e+01
2.463074221453287294e+02 7.110002883506344062e+01 7.809792964244520874e+01
2.462179700115340211e+02 7.115479238754325308e+01 7.807686851211072110e+01
2.464423760092272175e+02 7.141399653979239304e+01 7.836745098039216373e+01
2.466316839677047312e+02 7.179945213379468782e+01 7.861398500576700599e+01
2.466631545559400251e+02 7.221142445213379801e+01 7.891469434832757202e+01
2.466134832756632136e+02 7.243345444059977467e+01 7.902091695501729873e+01
2.460757785467127974e+02 7.252436562860438585e+01 7.867415224913494853e+01
2.459471107266435865e+02 7.269738177623990794e+01 7.865576124567473926e+01
2.461108304498269774e+02 7.265069204152248972e+01 7.870821799307958599e+01
2.464151095732410681e+02 7.273635524798154961e+01 7.892035178777393867e+01
2.464054901960784321e+02 7.280919838523644216e+01 7.888081314878893124e+01
2.468025490196078522e+02 7.311678200692041685e+01 7.929600922722029566e+01
2.474120242214532936e+02 7.355198961937716717e+01 7.973231257208766465e+01
2.474108881199538530e+02 7.519885236447520072e+01 7.970309111880045805e+01
2.468383333333333383e+02 7.590186851211072394e+01 7.902097462514417714e+01
2.460823241061130204e+02 7.628312572087658339e+01 7.851366782006920175e+01
2.463181833910034584e+02 7.680985005767013263e+01 7.868303344867358362e+01
2.466664878892733554e+02 7.729396193771626145e+01 7.895346020761245143e+01
2.465222722029988347e+02 7.743326989619377798e+01 7.905982122260668632e+01
2.462217070357554860e+02 7.758028258362168117e+01 7.900113033448673150e+01
2.461140945790080821e+02 7.780235294117646561e+01 7.906155132641292482e+01
2.463395040369088917e+02 7.805525374855824339e+01 7.927661476355247316e+01
2.464828662053056405e+02 7.808374279123414397e+01 7.931162629757785965e+01
2.463294405997693275e+02 7.698564590542099495e+01 7.900226066897347721e+01
2.459559919261822358e+02 7.595557670126873973e+01 7.846080738177623459e+01
2.459707439446366664e+02 7.550379469434832913e+01 7.824551326412918684e+01
2.461883044982699005e+02 7.525372549019607504e+01 7.825167243367936010e+01
2.458749711649365679e+02 7.498856401384082915e+01 7.798002883506343608e+01
2.455652422145328728e+02 7.350418108419837893e+01 7.768039792387543230e+01
2.457077566320645872e+02 7.293904267589388724e+01 7.771012110726643130e+01
2.460217762399077230e+02 7.262333910034601558e+01 7.792561707035756058e+01
2.460909111880046112e+02 7.239761822376009093e+01 7.797666666666667368e+01
2.459563494809688677e+02 7.220194925028835087e+01 7.780622260668972956e+01
2.455021914648212089e+02 7.166512110726642959e+01 7.768566320645905421e+01
2.453284486735870757e+02 7.124754325259515042e+01 7.771136101499423887e+01
2.450756689734717497e+02 7.097212226066896790e+01 7.764431949250288767e+01
2.453404901960784343e+02 7.097424452133795114e+01 7.784492502883506404e+01
2.455408419838523741e+02 7.101155709342560840e+01 7.800347174163783848e+01
2.457917935409458039e+02 7.117182814302191218e+01 7.833655709342561124e+01
2.458710899653979141e+02 7.124418685121106876e+01 7.847660899653979527e+01
2.459941868512110830e+02 7.143232410611302896e+01 7.866544405997693445e+01
2.463044809688581438e+02 7.177945790080738675e+01 7.903152825836217232e+01
2.466659515570934218e+02 7.210630334486735649e+01 7.944769896193771785e+01
2.467505363321799337e+02 7.285557670126874541e+01 7.938743944636678407e+01
2.461665167243367875e+02 7.311020184544406675e+01 7.894374855824682413e+01
2.463844579008073765e+02 7.365174740484428639e+01 7.903999423298731131e+01
2.465831891580161539e+02 7.397226643598615681e+01 7.919143598615916346e+01
2.466938985005766938e+02 7.426059400230680296e+01 7.927912341407150620e+01
2.461999019607843024e+02 7.529066320645905819e+01 7.926127450980392553e+01
2.463072087658592864e+02 7.615716262975779216e+01 7.944324106113033679e+01
2.464454440599769214e+02 7.665053633217992513e+01 7.957538638985005264e+01
2.468204094579008085e+02 7.721568050749711176e+01 7.998041522491350008e+01
2.467404728950403694e+02 7.741908304498269899e+01 7.999941753171856362e+01
2.465634140715109481e+02 7.770749711649365565e+01 7.966391580161476327e+01
2.465107554786620483e+02 7.793745098039215691e+01 7.942907151095732843e+01
2.467348500576701156e+02 7.836386966551326339e+01 7.948168973471742049e+01
2.472625951557093344e+02 7.883895040369088747e+01 7.990645328719723750e+01
2.471822029988466056e+02 7.896104382929642895e+01 7.984435409457900334e+01
2.471038004613610042e+02 7.914622837370242792e+01 7.988269896193772013e+01
2.473982583621684057e+02 7.955182237600922690e+01 8.021238177623990850e+01
2.479543310265282514e+02 8.009449826989619226e+01 8.081514994232986737e+01
2.480634948096885921e+02 7.943468281430219236e+01 8.062831026528257894e+01
2.479623414071510865e+02 7.809017877739330515e+01 8.011617647058822911e+01
2.477443483275663141e+02 7.749224913494809641e+01 7.966291234140715005e+01
2.474726470588235259e+02 7.722239907727797004e+01 7.932013264129180641e+01
2.472007035755478626e+02 7.706753171856978213e+01 7.908832179930796258e+01
2.471668050749711654e+02 7.693976355247981758e+01 7.905791810841984102e+01
2.473939446366782136e+02 7.705136678200692302e+01 7.930574971164936926e+01
2.474921164936562832e+02 7.635623990772779734e+01 7.985786043829295977e+01
2.471594867358708143e+02 7.577794117647059124e+01 7.983256632064590974e+01
2.469523933102652791e+02 7.546930219146481988e+01 7.975433102652826278e+01
2.471701960784313599e+02 7.537549019607843093e+01 8.012170703575547748e+01
2.476019607843137180e+02 7.542408304498269445e+01 8.035199538638984507e+01
2.478558823529411654e+02 7.535382352941176975e+01 8.037756055363321650e+01
2.477917128027681599e+02 7.525391580161476668e+01 8.015772779700115791e+01
2.480954786620530683e+02 7.539914071510956717e+01 8.031464244521338003e+01
2.480190945790080832e+02 7.541524221453286714e+01 8.026432525951557295e+01
2.478824567474048308e+02 7.551091695501730783e+01 8.013756055363322162e+01
2.477848846597462398e+02 7.549686851211072280e+01 8.027972895040369394e+01
2.471869434832756554e+02 7.535400807381776644e+01 8.007186274509804491e+01
2.465954959630911105e+02 7.537346597462514808e+01 7.979995386389849443e+01
2.471902825836216948e+02 7.575123414071511263e+01 8.023080738177624482e+01
2.476708650519031210e+02 7.619356401384082744e+01 8.074205305651672404e+01
2.473874048442906712e+02 7.633673010380623225e+01 8.055823529411765094e+01
2.472130911188004632e+02 7.654334486735871224e+01 8.041819492502882838e+01
2.476967704728950537e+02 7.704700115340253319e+01 8.074683391003459576e+01
2.481333679354094670e+02 7.744730680507497311e+01 8.130481545559399592e+01
2.483389273356401361e+02 7.775606113033448707e+01 8.155752595155709628e+01
2.480657900807381679e+02 7.811174740484429435e+01 8.116557093425605274e+01
2.475996136101499303e+02 7.825604959630911139e+01 8.080060553633218490e+01
2.476509169550172942e+02 7.847913494809688473e+01 8.088160322952710146e+01
2.473025490196078522e+02 7.868760092272202655e+01 8.064079008073817079e+01
2.470809227220299817e+02 7.880422722029987881e+01 8.043079008073817704e+01
2.473188985005766938e+02 7.911295271049596067e+01 8.062514994232986965e+01
2.472883910034602195e+02 7.930184544405997826e+01 8.067332756632065127e+01
2.472116897347174245e+02 7.938001730103806608e+01 8.069430795847750915e+01
2.471701095732410636e+02 7.953356401384083085e+01 8.074253748558247423e+01
2.472717762399077230e+02 7.858376585928489533e+01 8.042681084198385122e+01
2.473698500576701349e+02 7.773059400230680183e+01 8.002477508650518701e+01
2.471029469434832890e+02 7.708343137254901478e+01 7.946688004613609735e+01
2.464398385236447382e+02 7.643971164936563412e+01 7.880176470588234849e+01
2.466573356401383990e+02 7.626944059976932522e+01 7.875755478662053122e+01
2.470721395617070471e+02 7.628546712802767615e+01 7.898594002306805351e+01
2.470688638985005809e+02 7.585021337946943731e+01 7.911828719723183667e+01
2.467145271049596431e+02 7.554248558246828793e+01 7.898255478662052553e+01
2.465471626297577927e+02 7.535302768166090459e+01 7.885293540945789914e+01
2.467849596309111746e+02 7.526222029988466034e+01 7.896938869665513039e+01
2.467362514417531827e+02 7.514926182237600472e+01 7.887681084198385406e+01
2.463277970011534137e+02 7.469664359861592118e+01 7.851154555940023272e+01
2.459106920415224806e+02 7.431145905420991937e+01 7.817908881199538484e+01
2.462143829296424542e+02 7.435762975778546036e+01 7.842195501730104468e+01
2.465311995386389867e+02 7.441908304498269899e+01 7.880878316032294606e+01
2.469287024221453350e+02 7.461920415224913938e+01 7.914060553633217410e+01
2.469468339100345986e+02 7.438381776239907595e+01 7.918599769319492054e+01
2.469818569780853466e+02 7.427450980392157476e+01 7.933576124567474608e+01
2.473302249134948170e+02 7.435799307958477300e+01 7.966290080738177437e+01
2.475742387543252505e+02 7.454699538638985246e+01 7.988947520184544260e+01
2.471961764705882274e+02 7.445088235294117851e+01 7.967328143021914855e+01
2.467724855824682777e+02 7.472433679354094238e+01 7.938049596309112133e+01
2.470206055363321695e+02 7.531550749711649928e+01 7.963322376009227810e+01
2.471509976931949382e+02 7.582826412918107906e+01 7.991359284890427261e+01
2.472452883506343824e+02 7.614006343713955971e+01 8.006559976931949052e+01
2.469420934256055489e+02 7.632708189158016410e+01 7.987631487889272819e+01
2.463993598615917051e+02 7.657194348327566047e+01 7.960107843137254235e+01
2.464134486735870837e+02 7.696822952710495258e+01 7.968303921568627857e+01
2.471881718569780730e+02 7.761018454440599612e+01 8.034651095732409942e+01
2.475914821222606577e+02 7.809557093425605956e+01 8.083412341407151303e+01
2.471878027681660797e+02 7.813897347174163599e+01 8.062057670126874598e+01
2.471226470588235316e+02 7.865014994232987533e+01 8.006823529411764184e+01
2.477054209919261893e+02 7.929928489042676176e+01 8.025660899653979641e+01
2.479139734717416275e+02 7.971625144175317246e+01 8.038913494809688132e+01
2.479514878892733520e+02 8.006176470588235361e+01 8.033290080738177608e+01
2.477087370242214490e+02 8.007247981545559412e+01 8.021733564013840123e+01
2.474814532871972403e+02 7.909807958477509260e+01 8.024250288350634719e+01
2.473840715109573125e+02 7.732944059976931328e+01 8.000653979238754232e+01
2.473253056516724371e+02 7.646024798154556379e+01 7.983960784313725867e+01
2.470298327566320609e+02 7.590953287197231703e+01 7.959283160322952710e+01
2.466352768166090073e+02 7.553931949250288369e+01 7.928380046136101100e+01
2.469249653979238701e+02 7.534881199538638441e+01 7.927221453287197050e+01
2.470150230680507377e+02 7.513741061130335197e+01 7.923408304498269672e+01
2.468103229527104929e+02 7.488276816608996000e+01 7.895647058823529107e+01
2.466054036908881244e+02 7.460697808535178410e+01 7.870308535178777731e+01
2.468919146482122358e+02 7.463533448673587145e+01 7.876407727797001712e+01
2.471542387543252630e+02 7.444401384083045059e+01 7.900956170703575765e+01
2.468515974625144054e+02 7.396100346020760696e+01 7.866937716262975755e+01
2.461971972318339112e+02 7.344356978085352239e+01 7.808390426758938929e+01
2.462550865051903202e+02 7.338349480968858529e+01 7.811121683967704143e+01
2.468317128027681520e+02 7.347542675893886610e+01 7.864012687427911885e+01
2.470069031141868550e+02 7.336667243367935498e+01 7.877310841983852185e+01
2.463756862745098033e+02 7.302611303344866656e+01 7.836128027681661479e+01
2.463515628604382925e+02 7.297523068050749373e+01 7.835700692041523041e+01
2.468019031141868425e+02 7.316162053056517323e+01 7.861232410611303578e+01
2.474479123414071466e+02 7.344228373702422630e+01 7.909276816608996796e+01
2.480979757785467257e+02 7.395666089965398271e+01 7.983187427912341150e+01
2.482192964244521249e+02 7.420976931949250854e+01 8.022697808535178865e+01
2.482029065743944614e+02 7.441234717416378430e+01 8.048155132641291232e+01
2.480231949250288324e+02 7.453495963091118881e+01 8.051109573241060957e+01
2.479949192618223890e+02 7.467907151095732843e+01 8.046333333333333826e+01
2.480074740484429014e+02 7.502943483275663539e+01 8.056333333333333258e+01
2.480881314878892852e+02 7.532583621683967579e+01 8.066408304498270354e+01
2.482448846597462477e+02 7.561901960784314269e+01 8.085682814302191446e+01
2.483139042675893791e+02 7.591000576701269154e+01 8.095198961937715865e+01
2.480722837370242075e+02 7.600765282583621740e+01 8.084547289504037337e+01
2.484047116493656233e+02 7.672733564013840635e+01 8.130914648212225870e+01
2.488446655132641183e+02 7.724583621683967749e+01 8.179069780853518523e+01
2.488782237600922826e+02 7.752211649365628432e+01 8.181318915801614367e+01
2.487297635524798238e+02 7.776208189158016637e+01 8.182799307958477186e+01
2.487817474048442818e+02 7.798043252595155650e+01 8.201170126874279731e+01
2.486712226066897244e+02 7.837727220299885289e+01 8.180959630911188185e+01
2.484166897347174086e+02 7.828410034602076450e+01 8.134443483275663311e+01
2.482909284890426704e+02 7.749692618223760121e+01 8.067258938869665030e+01
2.484504267589388746e+02 7.678998269896193563e+01 8.038122260668973240e+01
2.483939907727796879e+02 7.639675317185697168e+01 8.007002306805074454e+01
2.482339561707035784e+02 7.562177623990773156e+01 8.031183391003460770e+01
2.480995271049596340e+02 7.503779123414071250e+01 8.058355247981545233e+01
2.479386851211072553e+02 7.472888119953863395e+01 8.059599192618223640e+01
2.474801326412918172e+02 7.432773356401384035e+01 8.032510380622836976e+01
2.473169953863898627e+02 7.426968858131488105e+01 8.032723760092272869e+01
2.477333679354094613e+02 7.406455594002306952e+01 8.051153979238753777e+01
2.483496136101499303e+02 7.414085928489042487e+01 8.081122837370241996e+01
2.485037716262975778e+02 7.404554786620531104e+01 8.082429065743944818e+01
2.481779469434832777e+02 7.372028835063437668e+01 8.048235294117647243e+01
2.478539907727796958e+02 7.338491349480969461e+01 8.014077854671280932e+01
2.478404786620530444e+02 7.333274509803921148e+01 8.008250288350635060e+01
2.479081372549019591e+02 7.334379469434833254e+01 8.006760668973471695e+01
2.480512110726643584e+02 7.343639561707036023e+01 8.025599769319492793e+01
2.480364936562860407e+02 7.345294694348326914e+01 8.021384659746252055e+01
2.478318800461360922e+02 7.345744521337947219e+01 8.005125720876586115e+01
2.475989907727797004e+02 7.343203575547866535e+01 7.988817762399077083e+01
2.476270299884659778e+02 7.358677623990772076e+01 7.994429642445213346e+01
2.478278719723183485e+02 7.386401960784313303e+01 8.017933679354094068e+01
2.475854094579007949e+02 7.386376009227220152e+01 7.997320069204151594e+01
2.472121337946943527e+02 7.379975201845444133e+01 7.987041522491350065e+01
2.471756805074971055e+02 7.404168973471742277e+01 7.976077854671279965e+01
2.475887081891580124e+02 7.441989042675893984e+01 7.995935409457901244e+01
2.476464302191464810e+02 7.463478662053056212e+01 7.986017877739331539e+01
2.472837024221453248e+02 7.460179930795847270e+01 7.963626874279123058e+01
2.473073933102652688e+02 7.470739907727796947e+01 7.966332756632064616e+01
2.474689446366782022e+02 7.514158592848903595e+01 7.992851787773932415e+01
2.474024567474048411e+02 7.551768166089965462e+01 7.999393310265283219e+01
2.474180738177624050e+02 7.591723183391003715e+01 8.015147058823529846e+01
2.473767301038062385e+02 7.610468281430219406e+01 8.018806228373702538e+01
2.474438869665513323e+02 7.635583621683967692e+01 8.027945213379469180e+01
2.476082871972318458e+02 7.637205305651671949e+01 8.033089388696654964e+01
2.476740484429065816e+02 7.599742214532871287e+01 8.012648212226066846e+01
2.479168454440599874e+02 7.512623414071511263e+01 7.988518454440600181e+01
2.478685986159169659e+02 7.443468858131487309e+01 7.954854094579008006e+01
2.475302191464821249e+02 7.394375432525951908e+01 7.911502306805074625e+01
2.473750461361015027e+02 7.334384083044982106e+01 7.883117070357555178e+01
2.476396078431372416e+02 7.308170703575548544e+01 7.889558823529411313e+01
2.474944579008073902e+02 7.274558823529412166e+01 7.872235870818916226e+01
2.469437600922722140e+02 7.237946943483275675e+01 7.832611880046135866e+01
2.467976239907727916e+02 7.222432525951556670e+01 7.824192041522491081e+01
2.466881833910034629e+02 7.211893886966551293e+01 7.849711649365629285e+01
2.466527797001153317e+02 7.217752018454440588e+01 7.879204152249134552e+01
2.462061130334486734e+02 7.193126297577855155e+01 7.867018454440599839e+01
2.456171741637831474e+02 7.155874855824683323e+01 7.829985582468280825e+01
2.453271856978085452e+02 7.143537485582467639e+01 7.813352941176471234e+01
2.454074163783160429e+02 7.131657439446367164e+01 7.761396193771626884e+01
2.458076182237601017e+02 7.139438869665512755e+01 7.743543829296424974e+01
2.458150288350634298e+02 7.145098615916954543e+01 7.720003460207612989e+01
2.454054267589388587e+02 7.136059976931949222e+01 7.684792387543252801e+01
2.450048904267589478e+02 7.130930795847750403e+01 7.659186274509804093e+01
2.454865051903114193e+02 7.157550749711649019e+01 7.729656286043829994e+01
2.459462168396770494e+02 7.189532295271050089e+01 7.790969434832756235e+01
2.461166147635524908e+02 7.205833333333333712e+01 7.832339100346020189e+01
2.460261072664359858e+02 7.214996539792387864e+01 7.846528258362168629e+01
2.460860611303344854e+02 7.237852941176470267e+01 7.856378316032295572e+01
2.460924509803921580e+02 7.245574394463668000e+01 7.863360438292964716e+01
2.461221683967704621e+02 7.253269896193771160e+01 7.869422145328719864e+01
2.460225778546712831e+02 7.260938869665513096e+01 7.872179930795847724e+01
2.459627104959630799e+02 7.268795271049596352e+01 7.869705305651672234e+01
2.462681487889273342e+02 7.295673587081891753e+01 7.893378316032294606e+01
2.461584256055363369e+02 7.348001153402537966e+01 7.867571510957324676e+01
2.458495155709342441e+02 7.382039215686275213e+01 7.840932525951556897e+01
2.458832929642445322e+02 7.412888696655132037e+01 7.842929065743945216e+01
2.457662975778546581e+02 7.432320645905420520e+01 7.821998269896194245e+01
2.451968166089965280e+02 7.449107843137254292e+01 7.781600922722030589e+01
2.452019319492502802e+02 7.469004036908880551e+01 7.799802191464820567e+01
2.453288696655132526e+02 7.440757785467127405e+01 7.795128027681660399e+01
2.452453921568627493e+02 7.312547289504037451e+01 7.740010957324106755e+01
2.450913956170703614e+02 7.241812572087658850e+01 7.696355247981546199e+01
2.454106747404844384e+02 7.211661476355247657e+01 7.687228950403691385e+01
2.454890542099192601e+02 7.136844290657440126e+01 7.683163783160323135e+01
2.455985870818915942e+02 7.088398500576701622e+01 7.679706459054209233e+01
2.460926816608996432e+02 7.069138985005767495e+01 7.710753171856977417e+01
2.464347462514417657e+02 7.054949826989619055e+01 7.720397347174163372e+01
2.464014878892733691e+02 7.034668396770473464e+01 7.711005190311418289e+01
2.463096078431372575e+02 7.058641868512110307e+01 7.733992502883506859e+01
2.458392502883506268e+02 7.061741061130334174e+01 7.733119377162630315e+01
2.456189619377162501e+02 7.067980968858131519e+01 7.738677047289503719e+01
2.453698154555939936e+02 7.072789504036909136e+01 7.729585928489042601e+01
2.447951903114186791e+02 7.051054786620530024e+01 7.691498846597463057e+01
2.451496309111880123e+02 7.014922145328719694e+01 7.712810841983852583e+01
2.460366262975778682e+02 7.011513264129180811e+01 7.780529988465974611e+01
2.465603748558246764e+02 7.000126874279123967e+01 7.819106113033448935e+01
2.464773875432526040e+02 6.995386389850057185e+01 7.815378316032295913e+01
2.461589158016147678e+02 6.977018454440599271e+01 7.796938869665513039e+01
2.460840196078431461e+02 7.011103229527104475e+01 7.796934256055362766e+01
2.466840080738177505e+02 7.073832756632064900e+01 7.847724336793541511e+01
2.469868108419838393e+02 7.115688581314879002e+01 7.871656286043828743e+01
2.465264590542099086e+02 7.121647635524797693e+01 7.850277393310265950e+01
2.464955017301037969e+02 7.145754325259515838e+01 7.860780276816609557e+01
2.460900288350634355e+02 7.161702422145329194e+01 7.836738177623990964e+01
2.457472549019607868e+02 7.172220299884659767e+01 7.811444059976932408e+01
2.457099480968858245e+02 7.189760092272203451e+01 7.808433679354094181e+01
2.457503979238754255e+02 7.202160322952710203e+01 7.809509803921568505e+01
2.461296366782006828e+02 7.232425605536332114e+01 7.836539792387543457e+01
2.463606574394463564e+02 7.269496539792388035e+01 7.846121107266435502e+01
2.463933564013840964e+02 7.296403690888119797e+01 7.850082468281429726e+01
2.464906343713956289e+02 7.322912341407150905e+01 7.854494232987312330e+01
2.465392272202998925e+02 7.351753748558246571e+01 7.868159169550173715e+01
2.468855363321799246e+02 7.400272779700115677e+01 7.906542099192618878e+01
2.466890080738177744e+02 7.427000576701269097e+01 7.911851787773933609e+01
2.462813206459054243e+02 7.421688581314879229e+01 7.889653402537486215e+01
2.463248269896193676e+02 7.383602652825835833e+01 7.860838523644751774e+01
2.466301038062283624e+02 7.309398500576700997e+01 7.848039215686274872e+01
2.466384140715109652e+02 7.264234717416378828e+01 7.831805651672434010e+01
2.467357035755478591e+02 7.234122260668974036e+01 7.833625144175317701e+01
2.467833333333333314e+02 7.221331026528258690e+01 7.836068627450980273e+01
2.467620069204152173e+02 7.201822376009226900e+01 7.834927335640138324e+01
2.466667704728950525e+02 7.186777393310265438e+01 7.831846020761246052e+01
2.465434256055363278e+02 7.175355824682814898e+01 7.822358708189157994e+01
2.467282352941176384e+02 7.171809688581315356e+01 7.818503460207612932e+01
2.470410207612456759e+02 7.170789504036909534e+01 7.829882929642445788e+01
2.471014763552479678e+02 7.163784890426758523e+01 7.838664936562859964e+01
2.469186274509803809e+02 7.150561707035755887e+01 7.820119377162629348e+01
2.470167301038062249e+02 7.150203575547865853e+01 7.822241061130334572e+01
2.476566493656285957e+02 7.161295271049596067e+01 7.859139561707036137e+01
2.478946366782006976e+02 7.165752018454440986e+01 7.883024221453287339e+01
2.479154786620530615e+02 7.161846020761245768e+01 7.895610149942329770e+01
2.478547001153402505e+02 7.161258938869664803e+01 7.897449826989618771e+01
2.475536389850057617e+02 7.157208765859284938e+01 7.872145328719723523e+01
2.472834083044982663e+02 7.136153979238754630e+01 7.897502883506344062e+01
2.473902018454440679e+02 7.133340253748558268e+01 7.949885236447519787e+01
2.474254901960784423e+02 7.126087658592848584e+01 7.986721453287196937e+01
2.473409284890426818e+02 7.122015570934256345e+01 7.991269319492502632e+01
2.473097693194925171e+02 7.128760092272203508e+01 8.000817185697808043e+01
2.474611303344867395e+02 7.166745098039216089e+01 7.986186851211073190e+01
2.473513898500576715e+02 7.182231257208765385e+01 7.957789504036908568e+01
2.473190599769319533e+02 7.194907151095732445e+01 7.939190311418684587e+01
2.473277335640138404e+02 7.213247404844290145e+01 7.935802768166090004e+01
2.473688062283736997e+02 7.231134371395617677e+01 7.946464821222606645e+01
2.476042560553633223e+02 7.286783737024221352e+01 7.968779700115339892e+01
2.476680276816609023e+02 7.335197231833909370e+01 7.983361014994233074e+01
2.479527739331026623e+02 7.380956747404844975e+01 8.014023068050749998e+01
2.479173010380622770e+02 7.418247404844291282e+01 8.019384083044982958e+01
2.476877623990772861e+02 7.430035178777393412e+01 8.021645905420992051e+01
2.476311361014994361e+02 7.428301038062284078e+01 8.005537485582468094e+01
2.474169146482122130e+02 7.398485582468281052e+01 7.972160322952710487e+01
2.474367243367935316e+02 7.309568050749712143e+01 7.918478085351787854e+01
2.478513437139561688e+02 7.236328719723182701e+01 7.923260092272202826e+01
2.480715397923875400e+02 7.223153979238753664e+01 7.932554786620531218e+01
2.477658246828142978e+02 7.219843137254902388e+01 7.919702422145329024e+01
2.471639215686274440e+02 7.212934256055363846e+01 7.884389850057669946e+01
2.466997289504036814e+02 7.190779123414071705e+01 7.844641291810842176e+01
2.468160668973471843e+02 7.195756055363321479e+01 7.849923298731256693e+01
2.471610207612456804e+02 7.209605536332179554e+01 7.864911188004613507e+01
2.470842387543252698e+02 7.160557670126874541e+01 7.900439446366782192e+01
2.462812514417531702e+02 7.077780276816608307e+01 7.856878892733564612e+01
2.461397289504036792e+02 7.056064590542099779e+01 7.850050749711648734e+01
2.467719031141868413e+02 7.060001153402537000e+01 7.900237600922721981e+01
2.464877277970011562e+02 7.026713956170704023e+01 7.881801038062283737e+01
2.457683044982698846e+02 6.977858131487889182e+01 7.770681660899653309e+01
2.458376585928488964e+02 6.979944059976932635e+01 7.762111303344867963e+01
2.462504094579008154e+02 6.988268742791234445e+01 7.778121107266436240e+01
2.462575663206459069e+02 6.990246251441753600e+01 7.776311995386389242e+01
2.460563206459054300e+02 6.994351211072664398e+01 7.760506343713956312e+01
2.458770818915801613e+02 6.974561130334487302e+01 7.762854671280277330e+01
2.456153921568627538e+02 6.962094579008073936e+01 7.771038062283737702e+01
2.456693540945790062e+02 6.972155709342560215e+01 7.796909457900807183e+01
2.460199480968858268e+02 7.004530565167243594e+01 7.844820069204152446e+01
2.459506516724336791e+02 7.025121107266436127e+01 7.852203575547866876e+01
2.455881660899653980e+02 7.049525374855824111e+01 7.829118800461361616e+01
2.456236966551326475e+02 7.085451557093425379e+01 7.822803921568628027e+01
2.455763956170703466e+02 7.103910611303345490e+01 7.811205305651672859e+01
2.453488638985005821e+02 7.120426758938869227e+01 7.798754901960784025e+01
2.456174855824682766e+02 7.158714532871972835e+01 7.824894463667820332e+01
2.457095559400230798e+02 7.211370818915801806e+01 7.834294117647058897e+01
2.455878027681660853e+02 7.257183391003459860e+01 7.839183391003460599e+01
2.454756978085351875e+02 7.286131487889272762e+01 7.837643021914648500e+01
2.453612283737024313e+02 7.307260092272203167e+01 7.830471741637830974e+01
2.451987024221453169e+02 7.329247404844291225e+01 7.830851211072663887e+01
2.450999077277969889e+02 7.385257208765858650e+01 7.825358708189158108e+01
2.449845617070357662e+02 7.388471164936562730e+01 7.802609573241061014e+01
2.450326355247981667e+02 7.282395617070358185e+01 7.740341983852364649e+01
2.452015916955017190e+02 7.216908881199537973e+01 7.712061130334487302e+01
2.452398904267589330e+02 7.166517877739330800e+01 7.680388696655133174e+01
2.450056689734717281e+02 7.102192041522491195e+01 7.646670703575547634e+01
2.448689792387543207e+02 7.061730680507497482e+01 7.638427335640137983e+01
2.450367301038062351e+02 7.058792964244521784e+01 7.650095732410611049e+01
2.451370299884659687e+02 7.050354094579007835e+01 7.659864475201845835e+01
2.452292848904267544e+02 7.034000000000000341e+01 7.659678777393310156e+01
2.447481372549019625e+02 6.965534025374856242e+01 7.629184544405997315e+01
2.444373760092272221e+02 6.918935986159169715e+01 7.617140715109573534e+01
2.447814417531718618e+02 6.904098039215686811e+01 7.632942906574393760e+01
2.452094405997693229e+02 6.903370818915801976e+01 7.658251441753171207e+01
2.455815916955017428e+02 6.907549019607843377e+01 7.695362745098039170e+01
2.449846885813148845e+02 6.868728373702421663e+01 7.662532295271049065e+01
2.444698615916954907e+02 6.833040945790081366e+01 7.625112456747405076e+01
2.446694348327566217e+02 6.834132064590542655e+01 7.637848327566319995e+01
2.452114705882353007e+02 6.854683967704728786e+01 7.676458477508650446e+01
2.453515109573241091e+02 6.868739907727797345e+01 7.698861591695501261e+01
2.450069953863898604e+02 6.883653402537485988e+01 7.689674740484429094e+01
2.452524279123414033e+02 6.909768742791234786e+01 7.709423298731256580e+01
2.456819146482122278e+02 6.948452710495962492e+01 7.746445213379469408e+01
2.455807958477508635e+02 6.965549596309111280e+01 7.754167243367935214e+01
2.449604498269896169e+02 6.955519607843137919e+01 7.709738754325259436e+01
2.447358708189157994e+02 6.953267589388696024e+01 7.698275086505189790e+01
2.452046655132641320e+02 6.978087081891580112e+01 7.736412918108419490e+01
2.453762745098039204e+02 6.995166089965397305e+01 7.759080161476354931e+01
2.452304152249134859e+02 7.003768166089965064e+01 7.757624567474049115e+01
2.449546712802768127e+02 7.003683391003460201e+01 7.735456170703575651e+01
2.449588235294117737e+02 7.035822952710495315e+01 7.719053056516723643e+01
2.449277277970011539e+02 7.065352364475201341e+01 7.722250288350633696e+01
2.444486620530565233e+02 7.076151095732410568e+01 7.701701845444060268e+01
2.444881314878892624e+02 7.102471164936562786e+01 7.699127450980391529e+01
2.446958996539792395e+02 7.133310265282582918e+01 7.718418108419838575e+01
2.447296828143021798e+02 7.147942906574394328e+01 7.728813725490195452e+01
2.440739042675893984e+02 7.143717416378315477e+01 7.682836216839676524e+01
2.426953633217993058e+02 7.094603806228373344e+01 7.579020184544405936e+01
2.427899538638984893e+02 7.018132641291811069e+01 7.533122260668973524e+01
2.430542618223760201e+02 6.946338523644752172e+01 7.512377739331026305e+01
2.426666666666666572e+02 6.906422722029988392e+01 7.473659746251441049e+01
2.420213610149942269e+02 6.874644752018454597e+01 7.433078431372548778e+01
2.427108708189157937e+02 6.897282006920414688e+01 7.477468281430219577e+01
2.436470934256055330e+02 6.925173587081891924e+01 7.543782006920415029e+01
2.436097174163783166e+02 6.923376585928488680e+01 7.542194925028834973e+01
2.424136332179930662e+02 6.811338523644751319e+01 7.467424452133795398e+01
2.424273817762399119e+02 6.779600922722029566e+01 7.468319492502882895e+01
2.430173990772779575e+02 6.771987889273356132e+01 7.511915224913494171e+01
2.435166147635524680e+02 6.770171280276817072e+01 7.542885813148788543e+01
2.435893425605536322e+02 6.764089965397923265e+01 7.551433102652825369e+01
2.436136447520184447e+02 6.775522491349481413e+01 7.525298154555939334e+01
2.439183910034602150e+02 6.800070934256055466e+01 7.533320069204152958e+01
2.443091522491349394e+02 6.830712802768165659e+01 7.556435409457900221e+01
2.443128892733564044e+02 6.842658016147635180e+01 7.560228373702422289e+01
2.436953460207612352e+02 6.832570357554786256e+01 7.527158016147635067e+01
2.431450519031141937e+02 6.827934256055362994e+01 7.488467704728950025e+01
2.435372318339100275e+02 6.844147635524798545e+01 7.534599192618223640e+01
2.436597289504036894e+02 6.861732987312572618e+01 7.561668396770473066e+01
2.436561245674740519e+02 6.875441176470587834e+01 7.584205305651671836e+01
2.444424855824682936e+02 6.913243367935409367e+01 7.654563437139562154e+01
2.450846655132641274e+02 6.942847174163783563e+01 7.697750865051902736e+01
2.448101211072664398e+02 6.939535178777393298e+01 7.689279123414071648e+01
2.440138754325259640e+02 6.926535755478661827e+01 7.651185697808534769e+01
2.441935986159169545e+02 6.948005767012686817e+01 7.672237600922721867e+01
2.452802479815455570e+02 7.002235870818915942e+01 7.761360438292963693e+01
2.454315628604383051e+02 7.040779123414071705e+01 7.764554786620530535e+01
2.443633621683967760e+02 7.047017301038061987e+01 7.670949250288350640e+01
2.440759227220299863e+02 7.059143598615916915e+01 7.653610149942329599e+01
2.445773933102652791e+02 7.106529411764705628e+01 7.697081314878892044e+01
2.448283794694348217e+02 7.139840830449827536e+01 7.714284890426759489e+01
2.443882064590542029e+02 7.165444636678201107e+01 7.699559400230680239e+01
2.440945098039215679e+02 7.190647058823529392e+01 7.685602076124567361e+01
2.445573587081891560e+02 7.212418685121107842e+01 7.705122260668973411e+01
2.449173702422145311e+02 7.162625720876586399e+01 7.694238177623991248e+01
2.447051384083044923e+02 7.079164936562860078e+01 7.645152825836217403e+01
2.446065340253748559e+02 7.016919838523644160e+01 7.606516724336793800e+01
2.444920242214532777e+02 6.975298731257208829e+01 7.576984429065744564e+01
2.446106401384083142e+02 6.964290080738177835e+01 7.574144752018455051e+01
2.444313321799307914e+02 6.952495963091118369e+01 7.567324682814302150e+01
2.442211418685121203e+02 6.936739331026528532e+01 7.554671856978085032e+01
2.442779584775086619e+02 6.908282583621684125e+01 7.567359284890426352e+01
2.443208419838523753e+02 6.887549596309112587e+01 7.585254325259515440e+01
2.443472029988465977e+02 6.870934256055363676e+01 7.594519607843136555e+01
2.439508304498269808e+02 6.845483852364475297e+01 7.569691464821222837e+01
2.440539446366782101e+02 6.839464244521337832e+01 7.576510380622836749e+01
2.441672433679354128e+02 6.825752595155709912e+01 7.600062283737024416e+01
2.442585755478662008e+02 6.823183967704729014e+01 7.620873702422144902e+01
2.440490888119953752e+02 6.811197231833909882e+01 7.632250865051902622e+01
2.435242906574394510e+02 6.785143598615917426e+01 7.585930219146482045e+01
2.434014475201845471e+02 6.787057670126874598e+01 7.579431372549019841e+01
2.435956516724336893e+02 6.800588235294117112e+01 7.590552479815455911e+01
2.437310784313725378e+02 6.820272779700115962e+01 7.596700115340253490e+01
2.433252652825836151e+02 6.810017877739331027e+01 7.578046712802768070e+01
2.434704267589388564e+02 6.823858708189158051e+01 7.586486159169550092e+01
2.437015974625144281e+02 6.842766435986159479e+01 7.608125720876586229e+01
2.434288062283737020e+02 6.881946943483275447e+01 7.592313148788927890e+01
2.429450749711649280e+02 6.895380046136101271e+01 7.564353517877739819e+01
2.430870415224913472e+02 6.922549019607842524e+01 7.573338523644751774e+01
2.431764648212225950e+02 6.938351787773933665e+01 7.577043252595156275e+01
2.430900807381776190e+02 6.949686274509804207e+01 7.578618223760092576e+01
2.428657958477508600e+02 6.966242214532871913e+01 7.558686851211072621e+01
2.424469780853517875e+02 6.976844290657439274e+01 7.528664359861591038e+01
2.424528143021914559e+02 6.992527104959630435e+01 7.529035178777392900e+01
2.421734659746251452e+02 7.008021914648212203e+01 7.526881776239908106e+01
2.414628200692041560e+02 7.005722029988466204e+01 7.479166089965397646e+01
2.411500749711649405e+02 7.019389273356401304e+01 7.485464821222606702e+01
2.417535582468281348e+02 7.067721453287197164e+01 7.537713379469434472e+01
2.421356689734717520e+02 7.090683391003460656e+01 7.559314302191464208e+01
2.422109169550172965e+02 7.034321799307959111e+01 7.530314878892733077e+01
2.418750288350634321e+02 6.934554786620530820e+01 7.466424452133794887e+01
2.416113783160323010e+02 6.894378892733564612e+01 7.417140138408304040e+01
2.418503748558246969e+02 6.889675893886966662e+01 7.409778546712803404e+01
2.415801845444059950e+02 6.873247404844290998e+01 7.371258938869665656e+01
2.411840715109573239e+02 6.850773933102652791e+01 7.344330449826989593e+01
2.412296136101499542e+02 6.850609573241061412e+01 7.343954440599769384e+01
2.408630046136101441e+02 6.793295271049596806e+01 7.341198961937716660e+01
2.407685524798154688e+02 6.759940599769319647e+01 7.345442329873125686e+01
2.407624048442906712e+02 6.728008073817763091e+01 7.343808535178777674e+01
2.405508073817762522e+02 6.702871972318338578e+01 7.323941753171857272e+01
2.404737485582468253e+02 6.685549019607843491e+01 7.313939446366782704e+01
2.405199538638985075e+02 6.687922145328720092e+01 7.306494809688581427e+01
2.407053344867358646e+02 6.689771626297577711e+01 7.309398500576700997e+01
2.404686505190311436e+02 6.683847174163783222e+01 7.289355247981545460e+01
2.406043079584775057e+02 6.692938292964244340e+01 7.288582468281430238e+01
2.404907612456747472e+02 6.687211649365629285e+01 7.282636101499423376e+01
2.401082410611303430e+02 6.673145328719722613e+01 7.271922722029988506e+01
2.398418050749711767e+02 6.669684544405997428e+01 7.259297001153402107e+01
2.401904786620530672e+02 6.688895040369088463e+01 7.281595155709342748e+01
2.404088638985005844e+02 6.711043252595155195e+01 7.302674163783160566e+01
2.399150057670127012e+02 6.705655709342561011e+01 7.286978662053056155e+01
2.395871741637831462e+02 6.735639561707036194e+01 7.270613610149942474e+01
2.397188292964244454e+02 6.765543252595155366e+01 7.267470588235293860e+01
2.400629815455594098e+02 6.789103229527104588e+01 7.278479238754324854e+01
2.401543310265282685e+02 6.798193194925028138e+01 7.278844867358708370e+01
2.395506055363321707e+02 6.785545559400230786e+01 7.238982698961937956e+01
2.394477335640138449e+02 6.779711072664359506e+01 7.245043829296425031e+01
2.395914475201845448e+02 6.786825836216839036e+01 7.263849480968858074e+01
2.400709111880046009e+02 6.818025951557093833e+01 7.311217416378316614e+01
2.404723010380622839e+02 6.847754325259515440e+01 7.354972895040368996e+01
2.406992675893886826e+02 6.875026528258362646e+01 7.382258362168396104e+01
2.403043310265282457e+02 6.903480392156862422e+01 7.372972318339100184e+01
2.399902825836216778e+02 6.932525374855825362e+01 7.351382352941176634e+01
2.398524625144175388e+02 6.965508073817763091e+01 7.339974048442905996e+01
2.395648500576701281e+02 6.989847750865051523e+01 7.328069780853518012e+01
2.387832064590542132e+02 6.987069204152248858e+01 7.268540369088812270e+01
2.385736505190311334e+02 6.952215686274509210e+01 7.221303344867358476e+01
2.390418569780853488e+02 6.874476355247981019e+01 7.186628604382929097e+01
2.393493137254901910e+02 6.817055363321799177e+01 7.155182814302190764e+01
2.388372837370242223e+02 6.745009803921568903e+01 7.095632641291810216e+01
2.376431776239907663e+02 6.689295847750865676e+01 7.011757785467128201e+01
2.378773471741637877e+02 6.670489042675893643e+01 7.015798154555939448e+01
2.385719204152249233e+02 6.664291234140715403e+01 7.057564590542099836e+01
2.387296655132641376e+02 6.660027681660899646e+01 7.069145328719723409e+01
2.383385063437139593e+02 6.630720299884659141e+01 7.054006343713956539e+01
2.375479065743944602e+02 6.602574394463667318e+01 7.011674163783160907e+01
2.383335351787773959e+02 6.619916378316032990e+01 7.062527681660900214e+01
2.395142445213379574e+02 6.645973471741638150e+01 7.126079584775087028e+01
2.392603863898500549e+02 6.627393886966551406e+01 7.115779700115339779e+01
2.392020184544406050e+02 6.620296424452133977e+01 7.114355824682814955e+01
2.395685409457900903e+02 6.630041522491349326e+01 7.134856978085352353e+01
2.395280507497116389e+02 6.622434832756631806e+01 7.137828719723182758e+01
2.395067301038062340e+02 6.627103229527105555e+01 7.151877739331025907e+01
2.399561014994233119e+02 6.652938292964245193e+01 7.195799307958478153e+01
2.402411707035755342e+02 6.680136678200692302e+01 7.237089388696655590e+01
2.402133217993079484e+02 6.696132641291811183e+01 7.256583621683967067e+01
2.404482698961937785e+02 6.721163206459054607e+01 7.282145328719722954e+01
2.407593771626297610e+02 6.735062860438293342e+01 7.309295271049596465e+01
2.409556574394463553e+02 6.751103229527105043e+01 7.332289504036909022e+01
2.413343483275663175e+02 6.778212802768166512e+01 7.366676470588235759e+01
2.419148731257208738e+02 6.810524221453287907e+01 7.417654555940022476e+01
2.416739561707035762e+02 6.827689734717417025e+01 7.417835640138407882e+01
2.417687370242214513e+02 6.864591695501729873e+01 7.440124567474047979e+01
2.425990023068050618e+02 6.917090542099192874e+01 7.516382929642445276e+01
2.427946655132641354e+02 6.938332179930796428e+01 7.540054209919262007e+01
2.420806574394463553e+02 6.935813725490196191e+01 7.510114186851211571e+01
2.417523183391003556e+02 6.959057670126874484e+01 7.487426758938869398e+01
2.419330334486735978e+02 6.993801038062284192e+01 7.503185121107266298e+01
2.418509746251441754e+02 7.019668973471740969e+01 7.505486735870819359e+01
2.419421107266435911e+02 7.050837370242214774e+01 7.519025374855824850e+01
2.424932698961937660e+02 7.107920415224913313e+01 7.566909457900807467e+01
2.429433333333333280e+02 7.171450403690887754e+01 7.600388119953863963e+01
2.425356170703575458e+02 7.196455017301038026e+01 7.576409457900807354e+01
2.419331949250288289e+02 7.198143598615916972e+01 7.534852941176470154e+01
2.420155363321799200e+02 7.143435409457900676e+01 7.497495386389850580e+01
2.422855074971164981e+02 7.043724913494810380e+01 7.468106113033448423e+01
2.424768454440599896e+02 6.985761822376009889e+01 7.446505190311418687e+01
2.421433448673587066e+02 6.936825836216839036e+01 7.404588811995385811e+01
2.416100173010380558e+02 6.894856978085351784e+01 7.365168973471742220e+01
2.417058765859284790e+02 6.894738754325258867e+01 7.362859284890426181e+01
2.418856055363321786e+02 6.898851211072664569e+01 7.376339677047289456e+01
2.420275663206459171e+02 6.861313725490195736e+01 7.411760092272203337e+01
2.421394982698961940e+02 6.846737024221452828e+01 7.447201268742790603e+01
2.420416089965397930e+02 6.820551326412918058e+01 7.464233564013841260e+01
2.421211361014994168e+02 6.803227220299883982e+01 7.465874279123414681e+01
2.424695098039215679e+02 6.803537485582468491e+01 7.479256632064590349e+01
2.428542848904267544e+02 6.831416955017300552e+01 7.489998269896193506e+01
2.425879354094579128e+02 6.830185121107265900e+01 7.460325259515570906e+01
2.426952768166090095e+02 6.850226643598615794e+01 7.475681660899654446e+01
2.434357900807381725e+02 6.892065167243367796e+01 7.536889273356401020e+01
2.434040888119953934e+02 6.896893886966550724e+01 7.539743367935409424e+01
2.429683333333333337e+02 6.867374279123414738e+01 7.524716262975778136e+01
2.428996136101499417e+02 6.866527104959631345e+01 7.533256632064590974e+01
2.432114071510957274e+02 6.890023068050749089e+01 7.579370818915801067e+01
2.435181660899654048e+02 6.914399077277970207e+01 7.625806805074971351e+01
2.430384948096885864e+02 6.905871395617070618e+01 7.607670126874279504e+01
2.424726874279123479e+02 6.879060553633217978e+01 7.573991349480968438e+01
2.427288408304498262e+02 6.886024798154555526e+01 7.584841407151095893e+01
2.432409284890426875e+02 6.902350634371396154e+01 7.623275663206459285e+01
2.435126182237600858e+02 6.911155132641292198e+01 7.635860438292964147e+01
2.432694752018454381e+02 6.904771049596308785e+01 7.612133217993078915e+01
2.429102537485582332e+02 6.927530565167243992e+01 7.598931949250288653e+01
2.431470645905421009e+02 6.968279123414070853e+01 7.626564590542099609e+01
2.432335063437139695e+02 6.990568050749710949e+01 7.643217993079585426e+01
2.430985582468281336e+02 7.010037485582468264e+01 7.649192041522491081e+01
2.427855305651672495e+02 7.021998269896194245e+01 7.627329873125721349e+01
2.425820011534025298e+02 7.045959054209919259e+01 7.614019607843137294e+01
2.426695444059976978e+02 7.077444059976932067e+01 7.633958477508650731e+01
2.425281199538638930e+02 7.097648788927335772e+01 7.648039215686274872e+01
2.422554209919261723e+02 7.084941753171857215e+01 7.619866782006920403e+01
2.416166493656286036e+02 6.966612456747404281e+01 7.528739907727796776e+01
2.417208535178777424e+02 6.920431372549019500e+01 7.466044405997693900e+01
2.418837254901960705e+02 6.901730680507496629e+01 7.440398500576701224e+01
2.414013840830449737e+02 6.880154555940022476e+01 7.397734717416378203e+01
2.405050634371395688e+02 6.850037485582468832e+01 7.339389273356401588e+01
2.399877508650519076e+02 6.826852364475202251e+01 7.304173587081891128e+01
2.402610322952710362e+02 6.834466551326413253e+01 7.301065167243368137e+01
2.407398327566320688e+02 6.858262399077277394e+01 7.314510957324105789e+01
2.400605594002306873e+02 6.833145328719723466e+01 7.266521337946943504e+01
2.395428892733563941e+02 6.813299307958477868e+01 7.224888696655132492e+01
2.399808131487889398e+02 6.818836793540945962e+01 7.241627450980392666e+01
2.405590138408304597e+02 6.804464821222606474e+01 7.283937716262975925e+01
2.402224163783160407e+02 6.775320069204151707e+01 7.276632064590542370e+01
2.394492445213379597e+02 6.737980392156862308e+01 7.232005190311419085e+01
2.402881660899653866e+02 6.770502883506343039e+01 7.300599769319492793e+01
2.412307727797001178e+02 6.805852941176470949e+01 7.368769896193771274e+01
2.410815916955017428e+02 6.813928489042676517e+01 7.355157439446367107e+01
2.402472549019607868e+02 6.805256055363321366e+01 7.305435409457901130e+01
2.406537600922721936e+02 6.838529988465974441e+01 7.330663206459054493e+01
2.417535005767012706e+02 6.905251441753172514e+01 7.417325259515570224e+01
2.418881141868511975e+02 6.926280853517877745e+01 7.433529411764705230e+01
2.413008535178777265e+02 6.921352941176471063e+01 7.412020184544405765e+01
2.411427681660899793e+02 6.936352364475202137e+01 7.418975778546712263e+01
2.411359861591695619e+02 6.955028258362168003e+01 7.432841407151096291e+01
2.413836908881199577e+02 6.999870242214532823e+01 7.472499999999999432e+01
2.411182006920415120e+02 7.016991926182237194e+01 7.472028835063437668e+01
2.406334717416378339e+02 7.039700115340254172e+01 7.440356978085351614e+01
2.408406978085351682e+02 7.067786043829296716e+01 7.444722606689734334e+01
2.412833217993079700e+02 7.098848904267589432e+01 7.466989042675893984e+01
2.418629584775086414e+02 7.138771049596309126e+01 7.496731833910034482e+01
2.418001153402537398e+02 7.148993656286043574e+01 7.492136101499423262e+01
2.414643713956170643e+02 7.157415801614763495e+01 7.479713956170704137e+01
2.416135178777393264e+02 7.196561707035755262e+01 7.500219723183390386e+01
2.415168973471741651e+02 7.226226643598616306e+01 7.524318339100345554e+01
2.412484602076124531e+02 7.251146482122260295e+01 7.522175317185697452e+01
2.414189792387543321e+02 7.281087658592848300e+01 7.537754325259516008e+01
2.417720991926182137e+02 7.267309111880045691e+01 7.474467128027681895e+01
2.415781718569780878e+02 7.119295271049595897e+01 7.355106689734716952e+01
2.406762053056516777e+02 7.030679354094579026e+01 7.248578431372548891e+01
2.401375778546712922e+02 6.983285467128027335e+01 7.184266435986158683e+01
2.401835755478662122e+02 6.973790080738177721e+01 7.180539215686275156e+01
2.406756805074971055e+02 6.928898500576701736e+01 7.232184544405997428e+01
2.406205940023068024e+02 6.886226066897347664e+01 7.243865051903114249e+01
2.401296885813148663e+02 6.838547289504036542e+01 7.227663206459054379e+01
2.401790369088811872e+02 6.834055363321799348e+01 7.239365628604383573e+01
2.401106632064590656e+02 6.825972318339100298e+01 7.238635524798154108e+01
2.402151153402537602e+02 6.813382929642445163e+01 7.238109573241061412e+01
2.401438119953863861e+02 6.792850634371396268e+01 7.243998269896194131e+01
2.399630911188004632e+02 6.772617070357554780e+01 7.232057670126874882e+01
2.398892964244521409e+02 6.761357554786620483e+01 7.238766435986158854e+01
2.399476701268742715e+02 6.760997116493656733e+01 7.237365628604382550e+01
2.395705536332179975e+02 6.752817762399077139e+01 7.239752018454440474e+01
2.395879238754325229e+02 6.763009803921568164e+01 7.265939446366782306e+01
2.398815686274509744e+02 6.778768166089965064e+01 7.299401960784314269e+01
2.403675605536332114e+02 6.798170703575547691e+01 7.331033448673586861e+01
2.405362283737024143e+02 6.815041522491350179e+01 7.339410611303344467e+01
2.398565974625144293e+02 6.801895617070357503e+01 7.302429065743945102e+01
2.400651384083045059e+02 6.819152825836216891e+01 7.308119953863898388e+01
2.399506574394463598e+02 6.836089965397924573e+01 7.302152249134948647e+01
2.396489561707035705e+02 6.838063437139561529e+01 7.286084198385236732e+01
2.397088927335640278e+02 6.858776816608995830e+01 7.289455017301038708e+01
2.396694694348327630e+02 6.877908881199539337e+01 7.289446943483275732e+01
2.396104036908881199e+02 6.888256632064590690e+01 7.293630911188004973e+01
2.393883333333333212e+02 6.898116493656286252e+01 7.287513840830449396e+01
2.393323702422145232e+02 6.916927335640139063e+01 7.283599769319492623e+01
2.395314532871972233e+02 6.940105536332180236e+01 7.300277393310265950e+01
2.398353863898500435e+02 7.008688004613610190e+01 7.325373702422145072e+01
2.397845155709342464e+02 7.045761822376009320e+01 7.323273933102652222e+01
2.391638119953863963e+02 7.069342560553633348e+01 7.292729527104960141e+01
2.393592906574394590e+02 7.116081891580161312e+01 7.315672433679354469e+01
2.402238350634371500e+02 7.186920415224913938e+01 7.391509803921569244e+01
2.405914071510957228e+02 7.236396193771626884e+01 7.411386389850058265e+01
2.403397116493656256e+02 7.208545559400231184e+01 7.351770472895040598e+01
2.397916666666666572e+02 7.073589965397924573e+01 7.233216262975778932e+01
2.396101614763552448e+02 7.003445790080738220e+01 7.192928489042675722e+01
2.400491407151095871e+02 6.978630334486736331e+01 7.197897923875432014e+01
2.394600000000000080e+02 6.914603806228373628e+01 7.182034025374855446e+01
2.390026355247981655e+02 6.866726643598616420e+01 7.161121683967704143e+01
2.389008592848904300e+02 6.844982698961938183e+01 7.154089388696655760e+01
2.392622202998846603e+02 6.858822376009227639e+01 7.180803344867358362e+01
2.402510265282583646e+02 6.895892156862744571e+01 7.260826412918108019e+01
2.402200057670126796e+02 6.859499999999999886e+01 7.277887543252595037e+01
2.396669146482122130e+02 6.825635524798154563e+01 7.257169550173010464e+01
2.396361245674740417e+02 6.811780276816608648e+01 7.271236447520185209e+01
2.401444175317185739e+02 6.809775663206458773e+01 7.306557093425605842e+01
2.406487081891580146e+02 6.814945213379469635e+01 7.328625144175316564e+01
2.404140715109573136e+02 6.807858708189158392e+01 7.295325836216839832e+01
2.402859746251441777e+02 6.807555363321799291e+01 7.250930795847750687e+01
2.404054498269896101e+02 6.822514417531718323e+01 7.241296424452133351e+01
2.407958189158016182e+02 6.846817185697808839e+01 7.271797001153402107e+01
2.408461880046136230e+02 6.859547289504037337e+01 7.286691464821223008e+01
2.404418742791234251e+02 6.861494232987313069e+01 7.282752018454441156e+01
2.399544117647058954e+02 6.849723760092271618e+01 7.276113033448673661e+01
2.401267243367935293e+02 6.863386389850057867e+01 7.295704728950403251e+01
2.407618627450980284e+02 6.899761245674740451e+01 7.343084198385236050e+01
2.409306459054209881e+02 6.913732987312572220e+01 7.364559976931948881e+01
2.407604325259515576e+02 6.917583621683967010e+01 7.360107266435986162e+01
2.405844636678200743e+02 6.921040369088811417e+01 7.349490772779699910e+01
2.406780334486735740e+02 6.938252018454440417e+01 7.357944059976931328e+01
2.407948615916955077e+02 6.956191464821222326e+01 7.372821222606690128e+01
2.409209803921568493e+02 6.976738754325259606e+01 7.387465397923875798e+01
2.415162975778546581e+02 7.007941753171857613e+01 7.436192041522491536e+01
2.417328719723183497e+02 7.025191464821222098e+01 7.471791234140715687e+01
2.411927450980392109e+02 7.024114763552479701e+01 7.459933102652826165e+01
2.405912456747404917e+02 7.034435986159169829e+01 7.438382929642445163e+01
2.408052768166089947e+02 7.068987312572087944e+01 7.465617070357555463e+01
2.409562918108419751e+02 7.121440023068051062e+01 7.493297001153402448e+01
2.405549596309111848e+02 7.137761245674739996e+01 7.466728373702422061e+01
2.405340888119953888e+02 7.095257208765859502e+01 7.424022491349481356e+01
2.411188350634371318e+02 6.994414648212226382e+01 7.391536332179930469e+01
2.412626874279123399e+02 6.944916955017301063e+01 7.373682814302190991e+01
2.407990945790080843e+02 6.872604382929642952e+01 7.324410611303345320e+01
2.405661188004613678e+02 6.847327566320646497e+01 7.311562283737023904e+01
2.407006401384083176e+02 6.844550749711649473e+01 7.317168396770472327e+01
2.404924336793540931e+02 6.827953863898500231e+01 7.308644175317185443e+01
2.401768569780853397e+02 6.813933679354094863e+01 7.289107266435986787e+01
2.399384083044982674e+02 6.802690888119953172e+01 7.282738177623990339e+01
2.401560784313725492e+02 6.805238177623991191e+01 7.300623414071510808e+01
2.404443194925028706e+02 6.809114186851211059e+01 7.315258938869665428e+01
2.405821741637831508e+02 6.805067474048442477e+01 7.318985582468280882e+01
2.403414936562860476e+02 6.787128604382930064e+01 7.295146482122260068e+01
2.404450634371395665e+02 6.766370818915801522e+01 7.296842560553633916e+01
2.404986216839677127e+02 6.755708765859284881e+01 7.298627450980391984e+01
2.406981718569780924e+02 6.749993656286044086e+01 7.308459054209919259e+01
2.407258823529411700e+02 6.749727220299884323e+01 7.308998846597462773e+01
2.402229527104959743e+02 6.740141291810842006e+01 7.282581891580161937e+01
2.396980738177624062e+02 6.732508650519031335e+01 7.259381776239908390e+01
2.398844290657439444e+02 6.752004036908881801e+01 7.272335063437139979e+01
2.403197923875432593e+02 6.791597462514417316e+01 7.305910611303345092e+01
2.399374682814302275e+02 6.791179930795847497e+01 7.300568050749711801e+01
2.394383679354094454e+02 6.796603806228374367e+01 7.286148788927336284e+01
2.392504613610149988e+02 6.799986735870818677e+01 7.278651095732411136e+01
2.389362226066897392e+02 6.796877162629758118e+01 7.257905997693194422e+01
2.388870415224913586e+02 6.800768166089964950e+01 7.249086505190311414e+01
2.392150980392156896e+02 6.823984429065744450e+01 7.266919838523644160e+01
2.392689619377162558e+02 6.841536332179930469e+01 7.280150519031141698e+01
2.394183275663206416e+02 6.875310841983852583e+01 7.295368512110727011e+01
2.393979527104959573e+02 6.899289504036909193e+01 7.287005190311418801e+01
2.390215916955017406e+02 6.902509227220299692e+01 7.264756055363321252e+01
2.389723241061130352e+02 6.921662629757786078e+01 7.262429642445214029e+01
2.387346136101499496e+02 6.930414071510956830e+01 7.254688581314879059e+01
2.389798212226066880e+02 6.972929642445213005e+01 7.277572087658592181e+01
2.391444463667820060e+02 7.021187427912342116e+01 7.308627450980392837e+01
2.390570472895040268e+02 7.057747404844290884e+01 7.317106113033449333e+01
2.384929642445213460e+02 7.055089965397924345e+01 7.286606113033448651e+01
2.381410034602075996e+02 6.956054209919261666e+01 7.216875432525951339e+01
2.387123933102652700e+02 6.916328719723183838e+01 7.176069204152248915e+01
2.389992156862745105e+02 6.879362168396770016e+01 7.138482122260668916e+01
2.385170242214532834e+02 6.828301038062284078e+01 7.081668396770473350e+01
2.384785351787774061e+02 6.808034025374855958e+01 7.059856978085352353e+01
2.386340369088811997e+02 6.805722029988466204e+01 7.049592272202998799e+01
2.387750692041522598e+02 6.773395617070357844e+01 7.076141868512110022e+01
2.378730680507497084e+02 6.701295847750864709e+01 7.032694925028835087e+01
2.373656920415224931e+02 6.677658592848904107e+01 7.011069204152249768e+01
2.380169953863898513e+02 6.695809688581314845e+01 7.054618800461361161e+01
2.386984544405997610e+02 6.717520184544406447e+01 7.104351211072663830e+01
2.384414532871972199e+02 6.685533448673587031e+01 7.106553633217993138e+01
2.380778027681660944e+02 6.656508073817762750e+01 7.090323529411764980e+01
2.375802998846597518e+02 6.621282583621683671e+01 7.072185697808535565e+01
2.377631199538639066e+02 6.616463091118799866e+01 7.082877739331026135e+01
2.376303633217993081e+02 6.616799884659745601e+01 7.078061130334486961e+01
2.371028777393310349e+02 6.614123990772779393e+01 7.040876009227220322e+01
2.366048788927335522e+02 6.616547289504036655e+01 7.012632641291810387e+01
2.370886851211072610e+02 6.644414071510956887e+01 7.042626297577854189e+01
2.376305132641291777e+02 6.676341407151095098e+01 7.073640715109573307e+01
2.374423183391003533e+02 6.677859861591694823e+01 7.066348904267589148e+01
2.371776758938869705e+02 6.687840253748558439e+01 7.039009803921568675e+01
