2.438414545231749457e+02 1.955691572465766015e+01 5.190869711729926905e+01
2.438250896057347745e+02 1.956330606868241162e+01 5.190376497258217370e+01
2.437152406335202102e+02 1.956121067303863015e+01 5.185768464908250053e+01
2.439289219740832664e+02 1.987902459945470568e+01 5.207192966332750927e+01
2.440081487608369457e+02 2.021197806574150491e+01 5.203818889195233055e+01
2.440021872989615019e+02 2.066055815948288910e+01 5.187107802591673789e+01
2.439991054743742893e+02 2.107393928254143134e+01 5.173814294029347849e+01
2.441240572251325034e+02 2.111475660938026522e+01 5.178980485862206251e+01
2.443040223018717541e+02 2.119352387954538486e+01 5.191111723799895827e+01
2.446240664154642559e+02 2.127199093220598769e+01 5.213174034249303190e+01
2.448750421223539604e+02 2.147590601354042050e+01 5.243094078362895516e+01
2.452129216064699904e+02 2.166410562754648694e+01 5.276920013479153226e+01
2.452813160555095919e+02 2.253172808871733679e+01 5.290681616273013788e+01
2.452607664736696904e+02 2.300513433201605196e+01 5.278717642373556629e+01
2.452626045400238866e+02 2.341050761265815083e+01 5.276430475140152510e+01
2.453350488619305736e+02 2.364312103666942377e+01 5.273868210642404364e+01
2.453981619336458095e+02 2.385919186349293852e+01 5.279411818766657660e+01
2.455076616732530681e+02 2.373914162301258912e+01 5.303327512789878284e+01
2.456899856018135608e+02 2.371411328615629799e+01 5.315858836503997509e+01
2.458714150047483429e+02 2.376711699292344449e+01 5.327130472076708401e+01
2.459851177894188652e+02 2.383877094629782789e+01 5.336118003859939307e+01
2.460748031737279007e+02 2.390558465827282930e+01 5.349784639892166638e+01
2.461527371871457888e+02 2.431388659130594476e+01 5.368632784976870909e+01
2.461039242716662159e+02 2.458742762613730193e+01 5.365789909015715153e+01
2.456199368930551827e+02 2.424196305486628233e+01 5.327782985632448032e+01
2.443391293692369004e+02 2.295293937444474963e+01 5.208610728180620697e+01
2.437804245933278082e+02 2.234777440798946202e+01 5.146302116839751051e+01
2.432124498361057476e+02 2.280400698465214759e+01 5.091023496614894128e+01
2.431621664675428178e+02 2.321247434365713858e+01 5.081004809606960038e+01
2.433082682351499670e+02 2.358127010385074840e+01 5.091189535275556466e+01
2.435965076739270216e+02 2.390975094200900486e+01 5.136810954875470969e+01
2.438941947737646672e+02 2.430586036822596085e+01 5.164411971938853441e+01
2.442580155010262501e+02 2.394275035995466183e+01 5.190198204821860628e+01
2.446063045675948899e+02 2.371527739484728770e+01 5.219328493091934007e+01
2.447849584903348443e+02 2.359951597586006145e+01 5.243332414300156330e+01
2.449032625677787109e+02 2.359365254419017788e+01 5.259738381888919179e+01
2.451159207180712656e+02 2.366422816530343454e+01 5.285677786968109615e+01
2.452910026651962028e+02 2.388456943295652835e+01 5.301648745519712946e+01
2.454577091566338822e+02 2.404358668014581824e+01 5.307835676867934893e+01
2.455555984437704922e+02 2.425382470973868720e+01 5.323721471678460659e+01
2.456657966485923339e+02 2.444683393070489785e+01 5.340369451337193141e+01
2.457456606316821421e+02 2.459102410930367810e+01 5.355903562785282901e+01
2.457817357473271329e+02 2.495224703611800265e+01 5.360651288178169693e+01
2.458557791869619962e+02 2.520080874919584701e+01 5.363269307355329119e+01
2.458468768189198386e+02 2.540044113592500707e+01 5.364387464387464632e+01
2.458827742548172637e+02 2.551741567870600136e+01 5.372460251815090260e+01
2.459576325705357931e+02 2.565136170082406508e+01 5.386110957938915078e+01
2.461022638850595854e+02 2.547746224305364038e+01 5.391078025916735328e+01
2.461232484759366343e+02 2.530676714762736168e+01 5.387164169959869042e+01
2.461867107802591761e+02 2.523360597984254028e+01 5.389502190362405543e+01
2.463011181570321355e+02 2.532308917685261918e+01 5.403267469288974922e+01
2.463444965229911361e+02 2.534803786416689775e+01 5.402278589590417823e+01
2.462430720215666327e+02 2.553376834237049309e+01 5.385582820206476384e+01
2.456864871488527342e+02 2.535787151916184001e+01 5.324540023894862628e+01
2.443421989400484051e+02 2.432485372055264605e+01 5.196136997212266095e+01
2.437121588089329975e+02 2.357221456361241252e+01 5.131890451245290308e+01
2.434482124804705450e+02 2.334300768924424929e+01 5.111821830101399655e+01
2.434535612535612472e+02 2.317668106485310631e+01 5.094017706705879078e+01
2.435571791808351065e+02 2.312965107373709372e+01 5.095539012958367664e+01
2.437003155347241261e+02 2.318857335416475252e+01 5.110241705725576367e+01
2.440323622216095316e+02 2.338400882271849923e+01 5.131055356431700432e+01
2.442047422111938317e+02 2.357511870845204172e+01 5.144581074043439628e+01
2.443059093833287250e+02 2.391709708053793904e+01 5.156273626811260868e+01
2.443812333425236716e+02 2.424081119995098632e+01 5.168313574120026033e+01
2.445561743712281384e+02 2.452136139447967267e+01 5.189357595809208590e+01
2.446583953680727745e+02 2.476912661213736655e+01 5.202702570229451595e+01
2.448053671537542471e+02 2.497735502251631345e+01 5.214397573752412285e+01
2.449044511840210703e+02 2.491201789051251581e+01 5.234482737493490134e+01
2.450360934963085526e+02 2.486426492663051846e+01 5.258206047238305558e+01
2.452257880709493634e+02 2.490363018104953596e+01 5.281214961860123225e+01
2.453287994363263067e+02 2.494776215421376619e+01 5.291337193272676842e+01
2.453709585516037066e+02 2.503297491039426603e+01 5.297634408602150557e+01
2.454269828140795937e+02 2.512142879024599296e+01 5.299194926936862515e+01
2.455405508072174712e+02 2.519458995803081791e+01 5.303170664460986927e+01
2.456693563704316432e+02 2.531158900836320313e+01 5.319819256808504093e+01
2.457398155806758098e+02 2.544240419079128657e+01 5.330369144992801012e+01
2.458154091229360176e+02 2.555124835339888989e+01 5.326079710810893886e+01
2.457962993597402317e+02 2.554735777961584375e+01 5.324156480715620177e+01
2.451334681248659706e+02 2.488967925742119291e+01 5.266999356676775790e+01
2.441037159574794089e+02 2.395962380908617462e+01 5.164245933278191103e+01
2.437493061299512931e+02 2.353281867475415723e+01 5.141912814385932506e+01
2.436997089728272385e+02 2.342046993229788754e+01 5.133578408847225916e+01
2.438016971479337087e+02 2.333569831204239975e+01 5.141456361241307604e+01
2.440382624146064927e+02 2.335904175474068012e+01 5.160363937138130552e+01
2.443271206690561428e+02 2.354153110927304482e+01 5.193161780473608502e+01
2.446194344882516987e+02 2.371083540115798272e+01 5.222091106822289674e+01
2.448168121802530379e+02 2.395765095119933719e+01 5.242931715834941286e+01
2.449759642189749798e+02 2.409887571608001622e+01 5.260974175167723388e+01
2.451897558435192934e+02 2.422547559966914932e+01 5.288510247219924310e+01
2.453887326532487805e+02 2.436284655209386329e+01 5.314469871029010761e+01
2.455872070581748119e+02 2.457539441840517114e+01 5.342790797414453152e+01
2.456900836320191104e+02 2.471827344300462670e+01 5.356776644303526069e+01
2.457653463223355743e+02 2.465364702999111657e+01 5.348996109426217060e+01
2.458879821094874956e+02 2.467073492019728675e+01 5.346814937352571917e+01
2.460106178966393884e+02 2.471117237998958416e+01 5.356328156113102068e+01
2.460997579879300190e+02 2.478200533039242615e+01 5.361204546150782591e+01
2.461930276016297512e+02 2.485354287289771236e+01 5.364259412431455587e+01
2.462028980179517816e+02 2.493372545415556019e+01 5.371597586006188152e+01
2.463186471831633071e+02 2.502801825812578329e+01 5.394174555034770435e+01
2.464376374720460774e+02 2.517519835799405570e+01 5.400517109334313659e+01
2.464099133045369570e+02 2.520399473087645248e+01 5.389998468278038501e+01
2.463352571761173806e+02 2.517744079894617570e+01 5.380314309346567114e+01
2.455798854271972687e+02 2.482135833103574996e+01 5.305562601476579943e+01
2.444139202891890932e+02 2.389743589743589780e+01 5.192300952731060448e+01
2.439485035076432951e+02 2.350178598780749439e+01 5.149799957111785176e+01
2.438535367460098655e+02 2.340321661611984183e+01 5.136304873939282345e+01
2.439331924149128383e+02 2.347335110130808999e+01 5.152039947308764312e+01
2.440410256410256409e+02 2.372793554513984660e+01 5.169125386759795049e+01
2.441699169806696830e+02 2.391356799313788528e+01 5.181901173299022645e+01
2.443670495971571199e+02 2.411739117115461184e+01 5.198542413381122884e+01
2.445238856722727689e+02 2.432530711025334824e+01 5.216041417761847754e+01
2.446652268480225416e+02 2.454109610023588672e+01 5.231110498422326316e+01
2.447778022853291588e+02 2.466376252182703865e+01 5.252218239745121764e+01
2.448746928897466546e+02 2.478663113071715074e+01 5.268066047850994238e+01
2.449832062004105069e+02 2.476654106546579825e+01 5.274284226327237235e+01
2.450676959838250184e+02 2.488181846031308453e+01 5.286833318016113736e+01
2.450906473057010828e+02 2.495531660692951093e+01 5.286468768189198641e+01
2.452969273657445797e+02 2.468955671966424603e+01 5.302132156970866816e+01
2.454822534693502405e+02 2.449610636277303044e+01 5.320722360077198942e+01
2.457104677878871541e+02 2.446055203259504296e+01 5.343001562356401024e+01
2.460327849768709996e+02 2.451188309897987239e+01 5.376139447967405260e+01
2.460922648040927641e+02 2.458432742088655942e+01 5.397155898661274875e+01
2.462170695095426254e+02 2.438809545691266223e+01 5.420389057378304898e+01
2.464339123242349103e+02 2.426904389915142701e+01 5.441682443402873304e+01
2.465627056336733745e+02 2.421316055509603871e+01 5.458786263517446002e+01
2.467272064454860185e+02 2.417707318567533648e+01 5.487494409214839663e+01
2.466101706338265558e+02 2.401233955212449800e+01 5.481338724994638767e+01
2.457167846092577292e+02 2.293666636032227402e+01 5.369495450785773016e+01
2.448316208681800106e+02 2.201216799926477208e+01 5.255581901173299286e+01
2.445156511350059816e+02 2.170332383665716947e+01 5.219539870722666564e+01
2.444131176668811065e+02 2.164291272248261322e+01 5.210105688815366420e+01
2.444792880556321393e+02 2.167274453941120527e+01 5.222410317679134550e+01
2.446025610391201894e+02 2.194985142296970082e+01 5.247382899856017957e+01
2.448507980271421047e+02 2.223654075912140371e+01 5.280110896670036169e+01
2.450302606990778997e+02 2.250292558894709316e+01 5.309540789755843804e+01
2.452186073583922905e+02 2.275619275189167823e+01 5.335520632294825560e+01
2.453401280519560146e+02 2.290701222314125474e+01 5.353777532702263642e+01
2.454454308733878634e+02 2.298885519100572949e+01 5.361812333425236687e+01
2.455323530312777507e+02 2.305468860092516081e+01 5.367378611034524738e+01
2.455847930643629695e+02 2.314152498238519584e+01 5.378551603712894291e+01
2.457152038721931149e+02 2.325299757987929894e+01 5.391885549735012262e+01
2.458370554177005829e+02 2.340944766106056463e+01 5.401455135863737667e+01
2.459827466838219436e+02 2.357778390466562612e+01 5.399948534142082224e+01
2.460914070397941487e+02 2.371823668167754207e+01 5.395574548907882217e+01
2.462223508868670194e+02 2.391874521336886872e+01 5.403731887387801436e+01
2.463707686180804330e+02 2.406420365775204573e+01 5.425611616579358554e+01
2.465234200287963802e+02 2.425834022608216145e+01 5.437114235823913333e+01
2.464539656281591817e+02 2.489309806083999632e+01 5.448548233924577744e+01
2.464649878993965046e+02 2.527115154857090218e+01 5.467552001960604002e+01
2.464931164415035312e+02 2.559276414545231759e+01 5.477118524645406694e+01
2.465134577091566257e+02 2.574409214839322502e+01 5.483667555065404287e+01
2.464191894127378077e+02 2.578095150568268679e+01 5.474884048647489720e+01
2.456081732683883274e+02 2.488683638146003574e+01 5.388716110651594704e+01
2.447568850902184181e+02 2.388225346935024263e+01 5.297483687161106758e+01
2.443817418742149812e+02 2.349394357136292655e+01 5.264460987041632478e+01
2.443192843794994360e+02 2.341326471218944505e+01 5.259572955917042236e+01
2.444393836350825495e+02 2.352875042122353832e+01 5.269962932328523664e+01
2.447461140213828514e+02 2.323857488588671316e+01 5.280088839873786100e+01
2.450863155959930282e+02 2.310017461630364721e+01 5.310279692430230369e+01
2.454569616763165243e+02 2.311136231351285275e+01 5.349428055019453154e+01
2.457393193027601512e+02 2.322584933982783539e+01 5.373929479520877095e+01
2.458741537236160752e+02 2.334782954998008719e+01 5.391286952792329146e+01
2.459237692614036632e+02 2.367091872683270637e+01 5.403074472321784327e+01
2.459151977453052780e+02 2.394043439634837611e+01 5.401491284502036905e+01
2.459055846582728293e+02 2.407806267806267897e+01 5.403401035444046130e+01
2.458891584719541754e+02 2.422222834911006828e+01 5.395714854639585667e+01
2.459730416934717994e+02 2.442709309806084050e+01 5.401082008393836276e+01
2.460506080936188482e+02 2.461989400484024060e+01 5.408105872622001442e+01
2.461352204147902967e+02 2.478355543301779917e+01 5.419794136568329890e+01
2.462356033452807651e+02 2.491981129185430177e+01 5.430183500291027343e+01
2.462933186288024956e+02 2.504652145942468522e+01 5.446481634653677872e+01
2.463550041356492954e+02 2.515038446221241841e+01 5.464619673436877889e+01
2.464121496186012337e+02 2.518817510645467550e+01 5.470887479704683898e+01
2.464549275495512006e+02 2.530728180620653589e+01 5.472330974481511845e+01
2.464296541371810179e+02 2.531596973317403254e+01 5.461955089912078876e+01
2.459408081365070586e+02 2.475216738657598725e+01 5.406929510155316621e+01
2.448851514873020108e+02 2.351173605367153741e+01 5.299581533560028390e+01
2.443614251141132740e+02 2.298093312501914554e+01 5.258424777134454331e+01
2.441605857304782035e+02 2.280227307539135495e+01 5.232634255429954351e+01
2.441567564255736329e+02 2.280184419324204370e+01 5.227809943938976289e+01
2.442345985356737970e+02 2.300226694850350739e+01 5.217998345740281252e+01
2.443781392641607795e+02 2.315075820237110449e+01 5.235104003921208005e+01
2.446409827528107144e+02 2.335501638942499270e+01 5.268266397083601049e+01
2.448812670404068115e+02 2.346221854608951318e+01 5.305837086052139995e+01
2.450793922127255371e+02 2.352425328554360817e+01 5.320836320191158819e+01
2.451863676745397242e+02 2.360289801795178022e+01 5.332390405293631375e+01
2.452569984376436025e+02 2.370134485188248519e+01 5.340930674264007649e+01
2.453157246576601551e+02 2.370903409613087121e+01 5.338773397052966629e+01
2.453965199277027125e+02 2.368656067150690703e+01 5.331919860306957304e+01
2.454592592592592553e+02 2.377250252734123848e+01 5.326050914438010864e+01
2.455264283307294022e+02 2.373207119443678437e+01 5.324153417271696753e+01
2.456071562050056798e+02 2.387507275679318752e+01 5.325546671568177004e+01
2.456777992218852376e+02 2.393028827007321624e+01 5.342368654841773434e+01
2.457532457188371211e+02 2.397624605581594892e+01 5.365396562815917747e+01
2.458517170603192028e+02 2.407216861195355762e+01 5.368572741475967547e+01
2.459966853536745930e+02 2.412548479000091817e+01 5.394123701865637344e+01
2.461312624452409352e+02 2.428269460527524970e+01 5.416152927120668892e+01
2.463232300952731180e+02 2.413482829396807716e+01 5.443596483166375322e+01
2.464842324541249354e+02 2.388662806727322874e+01 5.463651012468216805e+01
2.459156695156695207e+02 2.293202830622185573e+01 5.403407162331893687e+01
2.450181478418037671e+02 2.168590509450724468e+01 5.308317862941518683e+01
2.446508960573476656e+02 2.124502649878994021e+01 5.259281316055509592e+01
2.445345709646784940e+02 2.118164997089728274e+01 5.261648132830928404e+01
2.445519406917256333e+02 2.138502588610115396e+01 5.275282909046349999e+01
2.446494684924792580e+02 2.155512054651839549e+01 5.307491958459700498e+01
2.448762307385963197e+02 2.188061146340716334e+01 5.330612382440339303e+01
2.450681064853107785e+02 2.213409919431424910e+01 5.350413258585301435e+01
2.452633949085561937e+02 2.233303311582881534e+01 5.366505529516282280e+01
2.455047085133106748e+02 2.244501424501424580e+01 5.382353950310939439e+01
2.456495665226848075e+02 2.252429004687069281e+01 5.397198786876206356e+01
2.457517630119780563e+02 2.262869834267683800e+01 5.403688999172869956e+01
2.458568146310081772e+02 2.266128725913672071e+01 5.419130594614465934e+01
2.459243390619734839e+02 2.258603682259596113e+01 5.423004625800324874e+01
2.460084060901265275e+02 2.256256471525288632e+01 5.425933278191342879e+01
2.461570505161903100e+02 2.272216401678767284e+01 5.432930796801764473e+01
2.462762246117084715e+02 2.283093465674110689e+01 5.447273228563550873e+01
2.464682964188340577e+02 2.294253591888000443e+01 5.474591183408387707e+01
2.464649082498544885e+02 2.343016879576019207e+01 5.498653310051159337e+01
2.465026192445547224e+02 2.374399411818766481e+01 5.505783782127868164e+01
2.465263486811873861e+02 2.398340838770946348e+01 5.508895628465521099e+01
2.465753025150874578e+02 2.410040131115399831e+01 5.521532334650613905e+01
2.466915847195417086e+02 2.430712863401035406e+01 5.530121618723769217e+01
2.467738688233311848e+02 2.457167539748184737e+01 5.531003890573783366e+01
2.468247893882302435e+02 2.476794412278283275e+01 5.535124835339889415e+01
2.468311368440400599e+02 2.483221517630119735e+01 5.543508868670159018e+01
2.464525748246178409e+02 2.435619275189167610e+01 5.499423459853567664e+01
2.453897742241828155e+02 2.299659345035689029e+01 5.354275648684250655e+01
2.448681616273014185e+02 2.186990779033789778e+01 5.309017553533682587e+01
2.447779493306375116e+02 2.147553840026958483e+01 5.299054621205159066e+01
2.448474711270410182e+02 2.127975982599638627e+01 5.301844805930827675e+01
2.450112796005269047e+02 2.126632356094721743e+01 5.320062494256042385e+01
2.452344637441411521e+02 2.148104647244432286e+01 5.359294182519988681e+01
2.454933370094660461e+02 2.191861654872407428e+01 5.396934105321201969e+01
2.457050945072450361e+02 2.227563643047513864e+01 5.429138865913059675e+01
2.459112152682045291e+02 2.252007474803173892e+01 5.452466991391722928e+01
2.460718132524584121e+02 2.279123242349048795e+01 5.451756885090218674e+01
2.461006892748828250e+02 2.289701926906228024e+01 5.448126091351898026e+01
2.460810464724443136e+02 2.284723830530282029e+01 5.454007290996538160e+01
2.460645467634714976e+02 2.302730141224764893e+01 5.448616242379683428e+01
2.460910271727476015e+02 2.324654596697607545e+01 5.451663756394939497e+01
2.460633336396777224e+02 2.350323806022730722e+01 5.451714609564071878e+01
2.460968538430904005e+02 2.360307569769935299e+01 5.458255062341083885e+01
2.461880954569126629e+02 2.362993597402199697e+01 5.481051373954599626e+01
2.464110774132279573e+02 2.369861225990258191e+01 5.505456606316821677e+01
2.465084152804582800e+02 2.386294764574334337e+01 5.520134791532640861e+01
2.465787948411604305e+02 2.391881260913519114e+01 5.537324388077076520e+01
2.466570229451949956e+02 2.403994730876451413e+01 5.551826731611677701e+01
2.467180835094813460e+02 2.411182183010139823e+01 5.571629445822993887e+01
2.468254449652299058e+02 2.426620102319026984e+01 5.584258799742670476e+01
2.469352694298930828e+02 2.440384768556811679e+01 5.594873020249364259e+01
2.469867720491376417e+02 2.449121710627087012e+01 5.600039212082222662e+01
2.469806696688416991e+02 2.447789725209080203e+01 5.605803388168979495e+01
2.469862328830070624e+02 2.459715712403884424e+01 5.607144563918757285e+01
2.470245198051649709e+02 2.466653187513402656e+01 5.613313727292221955e+01
2.467670618509328051e+02 2.438250773519590808e+01 5.591644763042612709e+01
2.457357963422479656e+02 2.306804521643231354e+01 5.479045430873387801e+01
2.451260117023557825e+02 2.232689397420580235e+01 5.401307477866618001e+01
2.449971693778145436e+02 2.192054651839598023e+01 5.379036853230401505e+01
2.451395459976105258e+02 2.191702968477162017e+01 5.381328921974083102e+01
2.452981895046411296e+02 2.203472720031859922e+01 5.397520448488190681e+01
2.454639830897895365e+02 2.218858560794044621e+01 5.411383144931532030e+01
2.457037588456943240e+02 2.243988603988604069e+01 5.440902490579910022e+01
2.459908831908831814e+02 2.258239132432680663e+01 5.482423796832399177e+01
2.462203412676530832e+02 2.269250987960665356e+01 5.529821401219250987e+01
2.463638023465980496e+02 2.280374352847471187e+01 5.558938210336059882e+01
2.464204515516343577e+02 2.292569923107557628e+01 5.581290322580645125e+01
2.464411236712311961e+02 2.299359740219955128e+01 5.583590356278528333e+01
2.465408694053855356e+02 2.289179916061636533e+01 5.599822932941212628e+01
2.466156113102349536e+02 2.291144808994271287e+01 5.610193916000367409e+01
2.466463070183500292e+02 2.295690347088196503e+01 5.615627852832153621e+01
2.467595809208712296e+02 2.304077443862390240e+01 5.624780197898477496e+01
2.468625616518089601e+02 2.315804307202156664e+01 5.637363600159299182e+01
2.469251416842814706e+02 2.330033391538767873e+01 5.655657261893821186e+01
2.469679563765585328e+02 2.336432925895291390e+01 5.670891155837392716e+01
2.470712618325521532e+02 2.347241368746745138e+01 5.678030818245871814e+01
2.471267101675703941e+02 2.356182948871120786e+01 5.691325552185767123e+01
2.471796648592347481e+02 2.362522439726740942e+01 5.697301718592041198e+01
2.472170204944398506e+02 2.347877952394081547e+01 5.699136721502313208e+01
2.471257237386269594e+02 2.310715926844959256e+01 5.687947186226756457e+01
2.464760469319609228e+02 2.208600312471280347e+01 5.606506142205066823e+01
2.457762644364794937e+02 2.091313911098857403e+01 5.500352296051220691e+01
2.454339919737769264e+02 2.042603314646325430e+01 5.445808289679257541e+01
2.452803786416689604e+02 2.055322733817357417e+01 5.434117574977790355e+01
2.453691511196887518e+02 2.077846398921667870e+01 5.434849125386759994e+01
2.455819440615139513e+02 2.109863064056612458e+01 5.457733051496492038e+01
2.457953987072266671e+02 2.136604478755016245e+01 5.476676163342830250e+01
2.459081456973929960e+02 2.159178997028459435e+01 5.490836013846766406e+01
2.459682627209508894e+02 2.164372759856630779e+01 5.524494072236007725e+01
2.460598535673804577e+02 2.173979107312440817e+01 5.550541923230095165e+01
2.461444842692154396e+02 2.181317893575958067e+01 5.575717305394724832e+01
2.461794014030573123e+02 2.186914192935698154e+01 5.581499862145023627e+01
2.462209233219985833e+02 2.190022363140642625e+01 5.589919431424807783e+01
2.463644824311490993e+02 2.203669393131758625e+01 5.581258462763839390e+01
2.464643445761725218e+02 2.221422663358147176e+01 5.567930030940783581e+01
2.465930030940783695e+02 2.234033636614281804e+01 5.566594982078853349e+01
2.466413871274086205e+02 2.240539166130563942e+01 5.564452409398646182e+01
2.466958490334834551e+02 2.247451520999907970e+01 5.570568881536623707e+01
2.467810740434396450e+02 2.270503936525441802e+01 5.572558282020647624e+01
2.468403884446895233e+02 2.302075789602671207e+01 5.563583616701896517e+01
2.468360751156450021e+02 2.315834941641393385e+01 5.580382930490457483e+01
2.468020708880924019e+02 2.317845786232883043e+01 5.577095242471586545e+01
2.461575529209937940e+02 2.240120699690592332e+01 5.512236007719878472e+01
2.453445210305425235e+02 2.106555769996630190e+01 5.444790000919033446e+01
2.449477805348772961e+02 2.041128572741476077e+01 5.404938271604937938e+01
2.447963545017308320e+02 2.013495083172502476e+01 5.398178476242992474e+01
2.448238826088288533e+02 2.002085592623226873e+01 5.393646417302331031e+01
2.450353153815519534e+02 2.011320650675489219e+01 5.414335079496369474e+01
2.453956989247311924e+02 2.039302760162975048e+01 5.427971081089360439e+01
2.456137119750023032e+02 2.064952976135771934e+01 5.448449591030236405e+01
2.457467389639432724e+02 2.082954385319976609e+01 5.471176056122292408e+01
2.458190117329902193e+02 2.095028643200686247e+01 5.483817663817664112e+01
2.458555402383359478e+02 2.106455289035934086e+01 5.497823116747847649e+01
2.459148975278007470e+02 2.120197285788683672e+01 5.508087491958459481e+01
2.459134454553809519e+02 2.132080997457341454e+01 5.510834175780412636e+01
2.459136966577826797e+02 2.131459731029623583e+01 5.514702080078424018e+01
2.459406733449744138e+02 2.140648224734246341e+01 5.514518273443004404e+01
2.460811996446404919e+02 2.157279661795790915e+01 5.523508868670158733e+01
2.462212480470545017e+02 2.170845816867322142e+01 5.543828692215789289e+01
2.463237386269644276e+02 2.174155561682443505e+01 5.561984498973746582e+01
2.464045032625677720e+02 2.188781055662776254e+01 5.575334374904267065e+01
2.465111294917746534e+02 2.207558741537236102e+01 5.591273473639065372e+01
2.466050853169132608e+02 2.220104769782189180e+01 5.604937658916153254e+01
2.466686088901142568e+02 2.226874368164690665e+01 5.614842998498912152e+01
2.464767025089605852e+02 2.196203167601017014e+01 5.609275495512054732e+01
2.457011978065741573e+02 2.087963728823944010e+01 5.508347272003185680e+01
2.449858713966240771e+02 1.981059338908801237e+01 5.406705878748889660e+01
2.447538155194069134e+02 1.956507673927028890e+01 5.378664951138069483e+01
2.446277609288362100e+02 1.953473639065036949e+01 5.355175075820237396e+01
2.445126979750635599e+02 1.957445087767668568e+01 5.350378335324571566e+01
2.446605704132585970e+02 1.974932451061483363e+01 5.361513341298287827e+01
2.450536960450938864e+02 2.017531476886315644e+01 5.379141623012590401e+01
2.451971264895996114e+02 2.031783230707961962e+01 5.390046258003247459e+01
2.451010323806022768e+02 2.073963177404037594e+01 5.413417271696841482e+01
2.450872346291701263e+02 2.110563980026345732e+01 5.436519927702723720e+01
2.451263793156266217e+02 2.134838709677419288e+01 5.443557271084152660e+01
2.450726648898692019e+02 2.140199736543822695e+01 5.440822228349109935e+01
2.450045645314462490e+02 2.137658303464755249e+01 5.440395184266152029e+01
2.449310970192690604e+02 2.116360628618692985e+01 5.419935667677603419e+01
2.450824617835370418e+02 2.110042581870538925e+01 5.415192843794994104e+01
2.451931256318353007e+02 2.118785650828661460e+01 5.422500382930490304e+01
2.453023435346015901e+02 2.124196305486628233e+01 5.435804307202156593e+01
2.452339613393376965e+02 2.131353123181080278e+01 5.441526207762766632e+01
2.452189810985509837e+02 2.105558312655086795e+01 5.479696719051558063e+01
2.452388628496155434e+02 2.088861317893575986e+01 5.524399105474374494e+01
2.454360077198786882e+02 2.098856722727690638e+01 5.558159482890665970e+01
2.456044848819042272e+02 2.112791103758845779e+01 5.575868026835768632e+01
2.456671384370308999e+02 2.103594645100021410e+01 5.573042918849370153e+01
2.448378335324571822e+02 2.057323775388291409e+01 5.472865851790582781e+01
2.439363232546028257e+02 1.995202034126765156e+01 5.372550317066446013e+01
2.437052844407683097e+02 1.971924149128450310e+01 5.334016481328309567e+01
2.437728027448457624e+02 1.970551113561866075e+01 5.323802346598045432e+01
2.437024476916949993e+02 1.968621756578745874e+01 5.327653708298869617e+01
2.436966271482400543e+02 2.002736268112612095e+01 5.354978402720337982e+01
2.439063811536929904e+02 2.042036577520448404e+01 5.379832735961768009e+01
2.439885611003890631e+02 2.069841619949146860e+01 5.406832092638543941e+01
2.439133964402781487e+02 2.082126030083019330e+01 5.435782863094691209e+01
2.438644671139294928e+02 2.089181141439205902e+01 5.451738504426676712e+01
2.441427013448518721e+02 2.140177067058787586e+01 5.449686609686609984e+01
2.442217014367552110e+02 2.166536776644303686e+01 5.436349600220567879e+01
2.441292957142419482e+02 2.175331311460343642e+01 5.427055111356186501e+01
2.442063964709126083e+02 2.200129890022363099e+01 5.426778788714272395e+01
2.444244217749593986e+02 2.222217320711944311e+01 5.443745366541065778e+01
2.446026897037649803e+02 2.217615415249823840e+01 5.444092761082008280e+01
2.445441840517109426e+02 2.201974695953190420e+01 5.444576785221946835e+01
2.445531844499586498e+02 2.206212051588395795e+01 5.453061299512912541e+01
2.450102625371442571e+02 2.236792574211929008e+01 5.491362926201635730e+01
2.453685813191189595e+02 2.258951076800539326e+01 5.510504549214226699e+01
2.453093588211867768e+02 2.273585148423858016e+01 5.511089667003645332e+01
2.452816836687804312e+02 2.286714456391875672e+01 5.521477805348773416e+01
2.452575498575498614e+02 2.292601170235578678e+01 5.525432098765432443e+01
2.446816469074533700e+02 2.236091658242195734e+01 5.469838556505223437e+01
2.438618325521551355e+02 2.118075544527157561e+01 5.366139754311797105e+01
2.435885243390619621e+02 2.098883681034218540e+01 5.308358300401311425e+01
2.434335263303005377e+02 2.103171889838556652e+01 5.292829090463499142e+01
2.434249057990993492e+02 2.118025304046809509e+01 5.290868486352357536e+01
2.435058113531231925e+02 2.139528842324541102e+01 5.304957877646049980e+01
2.436434335079496236e+02 2.163866066231657470e+01 5.329186655638268633e+01
2.438832766596207478e+02 2.169023067732745247e+01 5.376269950678553045e+01
2.440770823760070982e+02 2.186549030419998019e+01 5.408125478663112773e+01
2.443666207150077980e+02 2.210782709922494860e+01 5.442221609533437743e+01
2.448234782342309188e+02 2.237339092607909663e+01 5.481541524982385027e+01
2.451304659498208025e+02 2.259802101522531714e+01 5.496560365162515893e+01
2.450814753545936355e+02 2.263245412492724284e+01 5.506599270900345999e+01
2.449064117881322318e+02 2.265573629874705119e+01 5.500840609012652038e+01
2.449853934993719804e+02 2.274426370125294739e+01 5.510078117820053478e+01
2.451020065557700036e+02 2.288826394632846117e+01 5.511753208957509997e+01
2.451577367276292136e+02 2.302744233066813706e+01 5.532100603498452784e+01
2.451860858376987551e+02 2.332269092914254216e+01 5.533913549612474014e+01
2.453316606929510044e+02 2.375241246208988244e+01 5.545856692093251183e+01
2.454828906656863694e+02 2.397114235823913120e+01 5.561492509879606416e+01
2.455308029286523777e+02 2.413291057807186846e+01 5.573761602793860703e+01
2.454684128297031407e+02 2.415959930153478652e+01 5.574486413626198811e+01
2.452744110529056627e+02 2.358963943265018415e+01 5.557869068406702695e+01
2.446603682259596155e+02 2.213594338755629209e+01 5.449155408510247156e+01
2.442773458321845510e+02 2.120322274300768939e+01 5.360262230799865080e+01
2.441436816469074529e+02 2.084952976135771863e+01 5.332083448212480192e+01
2.440498177250865410e+02 2.068991207915939157e+01 5.322026161811108125e+01
2.440727996814018184e+02 2.047394540942928032e+01 5.332490273565542083e+01
2.444645467634715033e+02 2.049183592194344783e+01 5.363654688600924914e+01
2.447755843519284440e+02 2.061747388414055138e+01 5.389243023006464028e+01
2.448532120209539471e+02 2.082013908035413507e+01 5.407052660601047478e+01
2.449646539840088337e+02 2.087822197714670835e+01 5.424597616640627251e+01
2.451327145176607587e+02 2.132954691664368951e+01 5.441763318322458076e+01
2.452914009129062833e+02 2.159466960757283260e+01 5.457472658762981155e+01
2.452545599362803728e+02 2.168449591030236334e+01 5.451304720767086565e+01
2.451827956989247355e+02 2.175419538645344986e+01 5.448838035719756334e+01
2.452880495052538095e+02 2.190968354624268599e+01 5.460545293018411428e+01
2.454112244585362816e+02 2.231293692368961246e+01 5.470538859786171315e+01
2.454915663388781581e+02 2.248620531201176220e+01 5.470752688172043321e+01
2.454902306773274461e+02 2.258613485280151778e+01 5.478234843611187443e+01
2.454800600435009130e+02 2.277408326440584574e+01 5.481822136445792637e+01
2.456767515240633486e+02 2.296322641914039764e+01 5.498473179548448542e+01
2.458200104157093335e+02 2.384086634194160936e+01 5.507209508929938835e+01
2.457027479091995303e+02 2.407210121618723875e+01 5.495432405109824714e+01
2.448571393560640956e+02 2.334990656496032813e+01 5.416983120423980580e+01
2.438526299666084753e+02 2.220844285145360431e+01 5.292929571424195245e+01
2.435656526667279422e+02 2.181176362466684893e+01 5.253026988940967357e+01
2.436654780504242979e+02 2.085204178537511766e+01 5.239956499096283693e+01
2.438864503875256560e+02 2.055881505989032831e+01 5.240264681555004245e+01
2.442121925068161659e+02 2.049249149894311017e+01 5.260993168520050034e+01
2.445211408265171826e+02 2.045412492724320686e+01 5.275949514444138089e+01
2.446474527463774677e+02 2.064957264957265082e+01 5.298660662316576264e+01
2.447103881383451380e+02 2.088002940906166671e+01 5.349528535980148547e+01
2.447360843059767888e+02 2.097188983855650690e+01 5.382497932175351707e+01
2.447690469625953540e+02 2.109716631437061451e+01 5.394999234139019251e+01
2.448031063321385830e+02 2.106417915020065479e+01 5.401834390221487325e+01
2.448594982078853093e+02 2.109048187972919308e+01 5.409392519069938743e+01
2.449281438593266671e+02 2.088124865974328515e+01 5.412300952731060022e+01
2.449809208712434554e+02 2.087540360873694212e+01 5.411365376956774753e+01
2.450357258830377134e+02 2.088584995251661880e+01 5.419696106362773236e+01
2.451565603651625054e+02 2.093237141194130402e+01 5.428915234506632004e+01
2.452107404343963424e+02 2.102098459087706317e+01 5.438084122170143786e+01
2.453592623227031879e+02 2.141959378733572450e+01 5.438671690714701157e+01
2.454799558864075095e+02 2.168572128787182507e+01 5.450616671261832380e+01
2.455172686333976628e+02 2.191864718316331206e+01 5.453907422724626741e+01
2.456506326011702299e+02 2.215240633520203417e+01 5.466037435284746948e+01
2.457566951566951445e+02 2.227705174156787038e+01 5.477710994700242253e+01
2.452836932879943674e+02 2.178280182581258018e+01 5.437969549367398514e+01
2.441544037006402732e+02 2.050745948595410795e+01 5.326339490855620085e+01
2.434550194528689246e+02 1.986433232239683733e+01 5.262355788377293919e+01
2.433434794596084885e+02 1.966354195386453441e+01 5.244079894617529192e+01
2.433673436877737970e+02 1.972032595043347669e+01 5.249412737799834616e+01
2.433405017921147078e+02 2.045857304782035868e+01 5.243525411267346925e+01
2.434106485310786354e+02 2.102409092301565252e+01 5.250556015072144334e+01
2.434872897711607322e+02 2.142637625218270259e+01 5.264783261342400777e+01
2.435492387341849678e+02 2.177130778421101098e+01 5.277111785068774452e+01
2.436395122997273575e+02 2.198726832705327183e+01 5.292210274790920010e+01
2.436870263149833136e+02 2.169655362558588507e+01 5.304579235977085716e+01
2.439311031461569144e+02 2.161825199889716131e+01 5.314303832368348424e+01
2.440344637441411635e+02 2.151242839199828438e+01 5.317595196519927470e+01
2.439683117360536642e+02 2.139506172839506348e+01 5.319476763777839068e+01
2.439277149771773452e+02 2.141478418037557674e+01 5.323432282572067464e+01
2.440255613760990059e+02 2.131475660938026451e+01 5.339246392794780149e+01
2.442837423030971422e+02 2.138310204331709841e+01 5.359909322059859704e+01
2.444695524308427537e+02 2.148833134209478146e+01 5.377176117391171317e+01
2.445873357228196028e+02 2.158886744478142461e+01 5.381043409000398015e+01
2.446926201635879181e+02 2.176287105964525281e+01 5.394319149587966677e+01
2.448481328309285345e+02 2.210928529853261182e+01 5.414395122997273546e+01
2.449177955457525400e+02 2.231744631314523630e+01 5.431150935882118347e+01
2.448911558373924038e+02 2.254472934472934398e+01 5.449518732959592882e+01
2.449577060931899553e+02 2.276643690837239120e+01 5.473724228777992096e+01
2.450564899059522759e+02 2.287932481695922604e+01 5.491941917103207516e+01
2.452391508133443665e+02 2.289667003645498156e+01 5.509210550500873183e+01
2.453686916031002170e+02 2.293928254143308010e+01 5.525924087859571898e+01
2.454054222957448701e+02 2.297581717366663767e+01 5.532501914652452513e+01
2.453199338296112444e+02 2.284343963483748396e+01 5.532876880188707958e+01
2.445872315657261993e+02 2.190853781821523683e+01 5.435434243176178626e+01
2.436535918880004772e+02 2.077473271451766124e+01 5.301876665747633410e+01
2.432675611922923622e+02 2.037116686579052072e+01 5.246303954906105105e+01
2.431549122323315828e+02 2.031820604723830570e+01 5.230743497840271772e+01
2.432241399381184408e+02 2.039019697944429055e+01 5.232484146677695236e+01
2.434099500658640522e+02 2.057491039426523471e+01 5.256086756731917831e+01
2.435184388689765171e+02 2.108861317893575915e+01 5.278302239377508442e+01
2.436584014949606285e+02 2.148212480470544961e+01 5.299962625984131392e+01
2.438363569524859713e+02 2.189853261036056864e+01 5.332188217994669799e+01
2.438388444689520043e+02 2.206666666666666643e+01 5.349126612137364845e+01
2.438654412890971912e+02 2.217441411634959891e+01 5.366136078179088997e+01
2.439318812609135136e+02 2.221914652452286987e+01 5.380037374015868323e+01
2.440813650706123781e+02 2.233256134546457261e+01 5.394545231749533087e+01
2.442243359985295399e+02 2.239183285849952654e+01 5.408833134209478288e+01
2.444757038262414710e+02 2.251446251876359383e+01 5.428946481634653765e+01
2.447372545415556147e+02 2.275801856447017713e+01 5.444950525380632911e+01
2.448256532794167128e+02 2.300449100879208331e+01 5.449629016940844650e+01
2.447047330208620508e+02 2.312404497135679904e+01 5.445460282449529643e+01
2.445471127041019486e+02 2.318561406733449815e+01 5.452349355145054233e+01
2.447563275434243053e+02 2.351524676040805062e+01 5.464316392488435525e+01
2.450062800600435082e+02 2.378204821860735763e+01 5.480056367368195680e+01
2.450749563459240790e+02 2.402709922494868877e+01 5.498680881046472280e+01
2.450703550531507631e+02 2.427356554238274811e+01 5.504225101859510261e+01
2.451016266887234565e+02 2.448448365652666681e+01 5.504262475875378868e+01
2.452962043929785807e+02 2.463462917011304043e+01 5.526219403853812651e+01
2.454260086389118669e+02 2.473930704898446820e+01 5.536401678767270340e+01
2.454557424256348952e+02 2.479452868915234376e+01 5.539100572864013827e+01
2.454375823300554487e+02 2.486395858223815125e+01 5.548787182550623243e+01
2.455421928131605682e+02 2.504334160463192660e+01 5.567996201329534500e+01
2.456423490488006678e+02 2.512898936984958453e+01 5.577951168703857121e+01
2.453673559415494765e+02 2.485237263731887225e+01 5.553166681983886122e+01
2.444026406886621885e+02 2.277273534907943642e+01 5.421211285727414975e+01
2.438410072603620904e+02 2.141404895383390183e+01 5.319060135404221512e+01
2.437312011763624753e+02 2.093512238458475139e+01 5.286523297491039131e+01
2.437463162086818045e+02 2.083182918236681758e+01 5.283041999816193623e+01
2.437446558220751740e+02 2.091572465766014233e+01 5.293866372576049883e+01
2.436446343779677193e+02 2.119740832644058415e+01 5.313454645712710089e+01
2.437356370431639334e+02 2.154588732653248684e+01 5.333049658426002537e+01
2.437535581901173316e+02 2.191348221670802232e+01 5.347905523389394489e+01
2.440006862114389037e+02 2.230756364304751571e+01 5.377045001991238848e+01
2.441720123763134609e+02 2.257937076861808023e+01 5.393118892258677022e+01
2.442951076800539170e+02 2.278989676193977232e+01 5.404951750758202422e+01
2.444024078669239941e+02 2.291468308672609666e+01 5.412451674172104532e+01
2.445367215023129006e+02 2.303463529700088941e+01 5.420529975798793032e+01
2.446457372177802370e+02 2.313549612474343675e+01 5.427200931286952823e+01
2.448546457127102371e+02 2.325523389394357210e+01 5.438491560211990361e+01
2.449118157032135628e+02 2.323223355696474002e+01 5.442027999877462463e+01
2.448226694850350782e+02 2.305060809361884466e+01 5.440254265845663895e+01
2.450408234537266878e+02 2.318640443586680178e+01 5.457775327022638834e+01
2.452541678154581462e+02 2.331275924394203969e+01 5.480085776429862676e+01
2.453328676898569256e+02 2.345020984590876978e+01 5.494507245044879795e+01
2.452300523848910814e+02 2.377282112550929583e+01 5.500808749195846303e+01
2.452912477407101051e+02 2.415556168244340185e+01 5.499463284624575010e+01
2.454154887724780281e+02 2.453384186502466235e+01 5.506215115032319574e+01
2.454856355114419557e+02 2.473022700119474138e+01 5.499951597586006358e+01
2.450547743773550167e+02 2.430538859786171457e+01 5.457372177802285051e+01
2.440854394510308509e+02 2.247909199522102597e+01 5.352302178108629960e+01
2.436045767852219512e+02 2.137225745182734471e+01 5.277292528260269933e+01
2.434463315259014280e+02 2.098635542076402416e+01 5.248021934258493104e+01
2.436461048310510762e+02 2.101146340716233141e+01 5.246329075146279308e+01
2.437004748338081583e+02 2.102251018595104526e+01 5.253495695861287373e+01
2.438343105719449682e+02 2.086734062432987002e+01 5.265728027448457738e+01
2.442164690745335918e+02 2.094557485525227492e+01 5.293112152682045490e+01
2.445171460956407259e+02 2.110292558894709458e+01 5.315314768863156303e+01
2.446380602273075340e+02 2.115203872193119494e+01 5.326765922249793306e+01
2.447144686456514364e+02 2.124253285543608172e+01 5.336035903562785165e+01
2.447157736727629072e+02 2.161957540667217970e+01 5.332376313451582206e+01
2.445830223937750816e+02 2.187703336090432771e+01 5.322087430689581566e+01
2.444609441534172731e+02 2.199664859234751546e+01 5.311542444015562126e+01
2.444360506080936091e+02 2.206742640075973583e+01 5.304320681309928887e+01
2.445129798119045290e+02 2.220911068222896034e+01 5.301145115338663771e+01
2.445653095610084904e+02 2.243472107343075095e+01 5.303307294059982269e+01
2.445434365713935563e+02 2.268271298593879237e+01 5.309874705143522533e+01
2.446219894004840114e+02 2.292741475967282483e+01 5.316304261250498087e+01
2.447320957019881860e+02 2.320463192721257073e+01 5.334329565297306885e+01
2.449508623594645087e+02 2.327032441871151391e+01 5.347660447875501433e+01
2.450532855436081263e+02 2.335622338633091388e+01 5.357033360904328845e+01
2.451323223968385321e+02 2.344239806390343972e+01 5.366376864871488550e+01
2.450841773121343010e+02 2.336578133137273028e+01 5.356340409888797183e+01
2.443124100113347481e+02 2.228632172288086366e+01 5.263764972582176682e+01
2.434964127071654048e+02 2.137763685935728830e+01 5.184842079465735054e+01
2.431732622614343029e+02 2.070410807830162625e+01 5.139804552277670524e+01
2.429415188554973497e+02 2.030317066446098551e+01 5.127944735471616866e+01
2.428978647795852055e+02 2.018925956560365265e+01 5.131259994485800746e+01
2.431645804613546602e+02 2.030615445884263082e+01 5.156149863676745326e+01
2.434629537726311810e+02 2.046745090831112179e+01 5.180796495420151615e+01
2.435678093312502028e+02 2.077948717948718027e+01 5.197381368134056601e+01
2.437361578286309509e+02 2.103896087982109364e+01 5.220523848910945475e+01
2.439609349630854922e+02 2.136982507735195824e+01 5.237375853934993586e+01
2.440908372392243280e+02 2.150943234384094538e+01 5.244291272248261748e+01
2.442369451337193311e+02 2.157847011610452626e+01 5.251316361853996284e+01
2.441926906227981533e+02 2.150750850105688983e+01 5.260324725055907891e+01
2.440601599117728142e+02 2.132541126734675174e+01 5.264329258952914614e+01
2.440455411573691151e+02 2.130953650093434959e+01 5.269799957111784749e+01
2.440316208681799992e+02 2.136631437061544503e+01 5.276490518641056582e+01
2.441659345035689057e+02 2.147900009190331616e+01 5.294974726587629732e+01
2.443327451520999887e+02 2.171360475446497063e+01 5.307313666023343757e+01
2.443129307968017656e+02 2.187176423735563446e+01 5.320126826578439250e+01
2.443981435529822761e+02 2.197032135526759333e+01 5.333101736972704998e+01
2.445014122476488012e+02 2.213038017339092534e+01 5.348799436326318357e+01
2.446598535673804520e+02 2.227848543332414266e+01 5.358224427901847520e+01
2.447049168274974704e+02 2.265383696351438303e+01 5.346194283613638731e+01
2.442335079496369872e+02 2.242832460251815263e+01 5.286808810464724218e+01
2.431595135251049271e+02 2.152205985969427005e+01 5.180218729896149199e+01
2.426706001286646313e+02 2.095479582146248987e+01 5.120697239837024739e+01
2.425646172226817328e+02 2.073766504304138536e+01 5.094601599117728341e+01
2.425331005115951370e+02 2.051377630732469370e+01 5.104793064362957011e+01
2.425937199399564861e+02 2.039443065894678853e+01 5.119718775847807990e+01
2.426924976258309528e+02 2.035367460098643022e+01 5.137790031553472403e+01
2.429825444965229906e+02 2.047653095610084861e+01 5.169583065281990031e+01
2.431329779738381944e+02 2.064348252305241616e+01 5.193921514566675768e+01
2.431388291517323808e+02 2.073803878320007499e+01 5.201634040988879804e+01
2.431915571485463943e+02 2.083987378611034558e+01 5.208730202493643446e+01
2.432895322121128459e+02 2.094819103636308100e+01 5.217552308304996700e+01
2.433045124528995586e+02 2.103223968385258758e+01 5.215943387556291100e+01
2.433958766044787581e+02 2.110973868823331046e+01 5.219701007873050713e+01
2.435116135159146040e+02 2.112484759366479636e+01 5.231426033146463084e+01
2.436157951168703732e+02 2.107040406825353074e+01 5.252957755108293014e+01
2.437063321385901986e+02 2.117766749379652680e+01 5.263265018533835615e+01
2.438779891554084998e+02 2.128044603743528640e+01 5.283141868088104331e+01
2.439212572373862713e+02 2.142961737585393323e+01 5.303971448702631619e+01
2.439524002083141738e+02 2.146759182673160993e+01 5.320090065251355327e+01
2.441486995680544112e+02 2.162872897711607223e+01 5.327528107097999310e+01
2.443090769843458077e+02 2.180686824127684176e+01 5.339196765003216427e+01
2.444464908249854602e+02 2.195535949514444241e+01 5.351000214441074831e+01
2.443870783935300040e+02 2.189309806083999632e+01 5.348396899794749260e+01
2.435988726526360892e+02 2.101858285084091449e+01 5.277631345158226850e+01
2.428059308274362138e+02 1.999966302116839856e+01 5.190926079098122159e+01
2.425497656465398393e+02 1.967542811628833022e+01 5.151446251876359383e+01
2.425542872897711675e+02 1.953599240265906900e+01 5.131543669393131779e+01
2.425042551236099655e+02 1.955404221425726874e+01 5.129648622981956407e+01
2.426274239500045837e+02 1.985708421407345980e+01 5.142736268112611953e+01
2.428306895812272046e+02 2.021228441013387211e+01 5.164981772508654245e+01
2.430133504886192952e+02 2.053487118218301077e+01 5.179167968630333974e+01
2.431592868302545583e+02 2.071945593235915695e+01 5.198114143920595609e+01
2.432038538124559750e+02 2.080567962503446466e+01 5.201887081456973760e+01
2.431731826118922868e+02 2.087206445486015483e+01 5.205038752565634042e+01
2.431985234200288062e+02 2.104060288576417648e+01 5.209692736574456973e+01
2.431853383573813687e+02 2.104092761082008423e+01 5.209265692491499067e+01
2.431190576846490785e+02 2.103288913396440307e+01 5.208936065925313130e+01
2.430267744998927810e+02 2.099014796434151364e+01 5.206079098122108917e+01
2.431753208957510139e+02 2.090694482737493587e+01 5.206557608062984599e+01
2.432848328891339520e+02 2.086717519835799450e+01 5.217200624942560694e+01
2.433770731856753287e+02 2.092561345464571332e+01 5.233688692828477684e+01
2.434842753423398563e+02 2.095311705419232240e+01 5.246217565787458170e+01
2.437487608369328882e+02 2.111028398125172245e+01 5.266965658793616001e+01
2.439759948534142211e+02 2.120250589712955147e+01 5.286511043715344726e+01
2.440502220996844756e+02 2.119112213950923618e+01 5.315258401494960339e+01
2.436328401188616226e+02 2.070747173972980448e+01 5.278599393438103249e+01
2.429980639034402543e+02 1.971749532824801676e+01 5.200711944367858308e+01
2.425874398799130063e+02 1.923935912753116995e+01 5.136442728915847056e+01
2.422917746530649765e+02 1.920890236804215334e+01 5.099493306375026691e+01
2.420341573997488069e+02 1.925014245014245162e+01 5.082875348466746601e+01
2.420216462947645653e+02 1.941800692338326684e+01 5.091889225867720370e+01
2.422004840241399393e+02 1.961189228931164408e+01 5.110966516557914474e+01
2.425586251263670476e+02 1.991592071807125564e+01 5.134882210581135098e+01
2.429335048861930488e+02 2.008286615813497633e+01 5.151150935882118631e+01
2.430752320558772226e+02 2.013302698894096920e+01 5.163638146003737717e+01
2.431213920289189048e+02 2.020286738351254385e+01 5.174307508501056674e+01
2.431250804154030050e+02 2.022824495297613723e+01 5.178935759580920717e+01
2.431182060472383171e+02 2.023261955089911979e+01 5.182130931593297163e+01
2.430508164078056552e+02 2.043192721257237210e+01 5.184712189443371955e+01
2.430765615905400807e+02 2.056997212266029607e+01 5.187491958459700214e+01
2.431485402689703790e+02 2.071719511074349640e+01 5.197686487148853018e+01
2.431903807860797144e+02 2.081143277272309433e+01 5.200033085194375815e+01
2.432408173268388225e+02 2.084844530220874148e+01 5.209427442330667901e+01
2.433527800753607266e+02 2.095119933829611369e+01 5.216053671537542158e+01
2.435003584229390583e+02 2.104044358668014425e+01 5.224301075268817129e+01
2.435984315167110879e+02 2.102002266948503362e+01 5.239425297919921576e+01
2.435372974297705468e+02 2.092905676561590411e+01 5.235541463713506971e+01
2.428895015776736273e+02 2.017469595319057518e+01 5.173678277119137192e+01
2.420272156358177824e+02 1.959152651410715862e+01 5.089027969243022653e+01
2.415358392304628978e+02 1.927203994730876602e+01 5.032717581104677862e+01
2.414463499065649614e+02 1.919794136568330245e+01 5.024978709064730253e+01
2.415567441717979307e+02 1.932363446987102762e+01 5.030323193333946108e+01
2.416609318996415823e+02 1.948681187390864977e+01 5.035716080017155605e+01
2.418135526759182596e+02 1.932199246392794834e+01 5.066895812272156263e+01
2.419912814385932620e+02 1.928058695585577453e+01 5.092359770854394441e+01
2.422009190331770867e+02 1.926907453359066125e+01 5.122720950892993841e+01
2.422659191863492936e+02 1.930440216891829763e+01 5.145680237723248496e+01
2.422913518978035086e+02 1.935822075176913870e+01 5.153357228195937978e+01
2.423915203872193160e+02 1.957741629139478690e+01 5.138226878656985974e+01
2.425591275311705317e+02 1.983236222160953233e+01 5.134281162883313243e+01
2.426234659804552223e+02 2.000495665226847919e+01 5.126172226817388378e+01
2.425438409459914908e+02 2.000272033820420958e+01 5.122094782954997783e+01
2.425101798241583140e+02 2.006923383267469418e+01 5.124299237202463075e+01
2.426061942836136325e+02 2.021823361823361864e+01 5.135755904788162951e+01
2.427633060686824251e+02 2.038876328768801827e+01 5.157622767515240980e+01
2.429115828814753684e+02 2.053415433630487286e+01 5.168359525778880936e+01
2.430673835125448079e+02 2.071837760009803020e+01 5.191661305639800617e+01
2.431725699231075453e+02 2.089512606071745893e+01 5.207950862359464850e+01
2.430296296296296248e+02 2.043758233005544867e+01 5.205398400882271659e+01
2.424063780902490635e+02 1.942227736421284945e+01 5.136345924087859771e+01
2.418884109916367890e+02 1.877352571761174005e+01 5.094601599117728341e+01
2.415338663725760568e+02 1.829446435682994831e+01 5.063268694666544434e+01
2.414077688937904043e+02 1.828755322733817223e+01 5.059036853230401931e+01
2.413770915663388905e+02 1.871410103238060074e+01 5.050574395735686295e+01
2.415809024905799163e+02 1.923009527310602707e+01 5.054169040835707705e+01
2.416626045400238922e+02 1.950386300278773533e+01 5.064017400361486665e+01
2.416212051588395582e+02 1.966678920442361189e+01 5.069669454400636965e+01
2.416803418803418708e+02 1.986345005054682389e+01 5.078437030910149019e+01
2.418272952853598099e+02 1.983426768373005089e+01 5.084814508470422112e+01
2.419031461569095995e+02 1.979454094292804101e+01 5.091622706246361929e+01
2.419270716539533623e+02 1.971779554575253357e+01 5.091475048249241553e+01
2.418754771313911078e+02 1.966186318659437049e+01 5.086688723462916784e+01
2.419519897068284138e+02 1.977560885947982783e+01 5.099008669546304162e+01
2.421680053916612962e+02 1.990105076126581451e+01 5.110216585485402874e+01
2.423213123793769057e+02 2.004275955028643352e+01 5.115675029868578605e+01
2.425657752044848792e+02 2.030059737156511446e+01 5.130060349845295775e+01
2.426619122016971346e+02 2.045708421407346123e+01 5.145222559201053514e+01
2.428048402413993756e+02 2.060234047115767453e+01 5.162162178721318639e+01
2.429612167999264898e+02 2.068591122139509153e+01 5.193892105505008772e+01
2.432064025978004338e+02 2.082665196213583414e+01 5.226479796587323534e+01
2.432840486474894988e+02 2.080279386085837601e+01 5.245705357963422699e+01
2.430420488312961425e+02 2.058193180773825759e+01 5.238853046594982033e+01
2.422044971356799294e+02 1.962691541831326703e+01 5.149191557148546394e+01
2.413739055846582744e+02 1.904305976779095033e+01 5.065325490916888640e+01
2.409024660723585498e+02 1.875456299972428909e+01 5.008023159636062616e+01
2.404917195110743364e+02 1.862377845173543989e+01 4.980259780044726625e+01
2.402637380142756456e+02 1.865973102962350438e+01 4.981430015623563889e+01
2.402561100389057458e+02 1.872580338816898049e+01 4.990252121434917143e+01
2.402544006371963405e+02 1.948051343320160456e+01 5.000715620500566416e+01
2.404645345096957954e+02 2.005503170664460910e+01 5.010171859204117339e+01
2.405308396899794730e+02 2.034803173727904735e+01 5.016027325919799296e+01
2.404997028459393960e+02 2.048274974726587772e+01 5.016623472107342963e+01
2.404046135465490295e+02 2.056507673927028890e+01 5.019632386729161055e+01
2.405767668412829607e+02 2.056543209876543088e+01 5.025864657047452511e+01
2.407851851851851848e+02 2.048561713077842228e+01 5.038053487730907420e+01
2.408095150568268821e+02 2.043547468063596995e+01 5.035374812364059949e+01
2.408786140979689492e+02 2.044606806972398516e+01 5.050622798149679937e+01
2.410486781239469281e+02 2.052929571424195032e+01 5.060697239837024597e+01
2.412239745121465546e+02 2.004212848083815857e+01 5.083793156266274593e+01
2.414214134730263766e+02 1.973337622154826576e+01 5.102546334589345634e+01
2.414616487455197102e+02 1.959473087645130818e+01 5.121968569065343502e+01
2.416140734613852885e+02 1.958266703427993605e+01 5.148729589804858620e+01
2.419319364029041424e+02 1.971709095365009290e+01 5.172673467512176870e+01
2.419326471218944334e+02 2.011483013203443448e+01 5.162493643353858630e+01
2.418031369665778243e+02 2.049984376435989475e+01 5.154768863155960190e+01
2.417895536562203347e+02 2.080093128695279248e+01 5.162325766626842238e+01
2.418670832950402882e+02 2.097231872070581815e+01 5.174975339276414843e+01
2.419133045369604531e+02 2.108080752381827594e+01 5.176143736788898053e+01
2.419943938976197160e+02 2.136763777839046696e+01 5.185496431087828739e+01
2.421000888398737914e+02 2.165081640780565664e+01 5.192093251233036000e+01
2.418520111509358799e+02 2.153243880770762431e+01 5.169521183714731905e+01
2.408597126489599702e+02 2.044429127224826104e+01 5.059730416934718278e+01
2.402963330576233716e+02 1.984217136905309076e+01 4.987237079925252203e+01
2.400597003951842794e+02 1.947613883527862200e+01 4.975943387556290531e+01
2.400899243329350838e+02 1.946291701130410701e+01 4.984484881904236886e+01
2.404154581380387867e+02 1.965502557975676368e+01 5.013557577428544931e+01
2.406971050454921510e+02 1.985218883068345264e+01 5.038264252672854582e+01
2.408986919094446080e+02 1.998485433324142946e+01 5.064006371963360920e+01
2.410946665441288985e+02 1.991385595686670840e+01 5.081244983610574906e+01
2.411423398584688869e+02 1.979512299727353408e+01 5.102788346659314556e+01
2.412234598535673911e+02 1.981634653677664559e+01 5.111058419875624281e+01
2.412500934350396733e+02 1.968820880433783671e+01 5.115616824434028587e+01
2.410452899549673873e+02 1.959650767392702875e+01 5.102189137027846755e+01
2.412028735104003943e+02 1.948327665962074562e+01 5.098043072021566502e+01
2.416149741138988531e+02 1.958811996446404891e+01 5.111715222252856705e+01
2.418382624146065041e+02 1.969025518487883986e+01 5.125281377324387933e+01
2.419382838587139588e+02 1.969942713598627648e+01 5.137098918604294795e+01
2.419871825506234018e+02 1.969553043531537995e+01 5.145123916306712175e+01
2.420872101216187104e+02 1.988333792849921977e+01 5.163945103084888189e+01
2.423922739944245279e+02 2.015591091505070054e+01 5.181555004135649511e+01
2.426185767239530549e+02 2.027495634592408891e+01 5.206095028030512140e+01
2.426699322978892894e+02 2.041609533437490498e+01 5.217954844836565087e+01
2.427631038813834436e+02 2.057916245443127323e+01 5.231867169071470158e+01
2.427006157522286571e+02 2.042691541831326774e+01 5.246352970008884142e+01
2.427381490671813253e+02 2.036246055815948353e+01 5.258200533039242686e+01
2.429447048371779658e+02 2.041868700793432012e+01 5.283797445087767386e+01
2.430719786784302983e+02 2.056439052783138877e+01 5.300971724412584507e+01
2.432995435468553751e+02 2.066794105933890791e+01 5.323257053579634146e+01
2.430257574365101334e+02 2.076632049750329401e+01 5.287967404956652473e+01
2.419414146984039462e+02 1.994025671660080334e+01 5.147451520999908325e+01
2.413635205097570804e+02 1.932968170817633080e+01 5.070210458597555458e+01
2.410800784241644408e+02 1.915509603896700597e+01 5.035328860705205045e+01
2.411244125846276347e+02 1.917158349416413898e+01 5.028815978923505980e+01
2.411823729436632675e+02 1.895012713292283024e+01 5.046629292650798249e+01
2.413044144226939807e+02 1.885532579726127977e+01 5.080425206016603568e+01
2.414859050945072454e+02 1.895126060717458572e+01 5.112029531599424104e+01
2.418156970866648408e+02 1.916687191740955143e+01 5.142427472965107427e+01
2.420175412799068795e+02 1.925022209968446418e+01 5.156334895689734310e+01
2.422049566522684927e+02 1.948674447814232735e+01 5.160513433201604983e+01
2.423276046931960934e+02 1.957559047881628445e+01 5.159698557117911832e+01
2.422248812915479448e+02 1.955803081824587153e+01 5.149281009711117463e+01
2.421386147106577198e+02 1.953197316423122842e+01 5.143848910945685304e+01
2.421864473240817404e+02 1.958247097386882274e+01 5.153819195539625753e+01
2.423467573446068002e+02 1.993299635450173213e+01 5.155755904788162525e+01
2.424232392856048648e+02 2.022424409521183719e+01 5.159934442300033908e+01
2.424875103391232471e+02 2.040197898477468286e+01 5.171222620469931996e+01
2.425296755812884726e+02 2.056844040069846358e+01 5.176760101706338446e+01
2.428220813038017241e+02 2.080792206598658112e+01 5.203086113408694047e+01
2.432133504886193123e+02 2.074120638421713636e+01 5.219984070091597061e+01
2.433633857182244355e+02 2.062910884416260870e+01 5.235618049811598240e+01
2.435268449591030162e+02 2.062862482002266873e+01 5.249943938976196733e+01
2.436566063168213816e+02 2.074815427503599707e+01 5.263110008271298312e+01
2.436546763471494614e+02 2.063662040866341840e+01 5.267241981435530107e+01
2.430277548019483618e+02 1.996601415311092609e+01 5.214768250467174937e+01
2.421529822626596911e+02 1.898804031492203492e+01 5.135648071562049921e+01
2.417433753025150907e+02 1.858756241766994322e+01 5.092365285053457313e+01
2.416815550041356460e+02 1.845604264313941556e+01 5.078141102227123582e+01
2.417307110253346707e+02 1.841574610176760629e+01 5.083075085010568728e+01
2.418848696504610416e+02 1.871920472995741846e+01 5.084303526023956010e+01
2.419939833961339275e+02 1.899766565573017019e+01 5.100258554667156830e+01
2.421752228655454360e+02 1.926783690224550583e+01 5.115855773060074085e+01
2.423355267591826703e+02 1.945776429862451451e+01 5.125413718101890481e+01
2.424705694942254013e+02 1.965925313237141125e+01 5.135358882455656726e+01
2.425988236375333145e+02 1.971579818031430875e+01 5.147285482339245988e+01
2.426289311644150359e+02 1.975497962809790664e+01 5.150861134086940751e+01
2.426854884661336200e+02 1.977725086542290711e+01 5.155217351346383481e+01
2.426582667034279837e+02 1.984086021505376252e+01 5.154786631130717467e+01
2.426421836228287816e+02 1.983670618509328065e+01 5.159464510002144522e+01
2.426556015072144135e+02 1.978558955978310863e+01 5.155688509021842236e+01
2.426715375425052912e+02 1.982518763594032407e+01 5.173303311582881747e+01
2.428177679747572313e+02 2.002830622185460996e+01 5.190900958857947955e+01
2.431338357381368098e+02 2.020728486965046145e+01 5.217742241828263161e+01
2.432845020371902081e+02 2.035659099960175311e+01 5.226415464264926669e+01
2.432995435468553751e+02 2.054504181600955803e+01 5.233676439052783280e+01
2.432354011579818120e+02 2.059995711178506994e+01 5.252812547866311377e+01
2.432749563459240960e+02 2.079161229053702087e+01 5.275606408724688379e+01
2.434626780626780658e+02 2.103719020923321992e+01 5.294877921759642447e+01
2.437166130563979891e+02 2.120762797536990973e+01 5.320708880923934458e+01
2.436643935912753136e+02 2.125150874613240148e+01 5.313066201023190160e+01
2.427188248629108784e+02 2.028865606715068992e+01 5.212871365989645511e+01
2.417895168948932394e+02 1.930139999387311178e+01 5.108176944521030549e+01
2.415315320283062306e+02 1.891403363661428116e+01 5.051546120148270802e+01
2.413547651870232471e+02 1.874733327206445566e+01 5.044912538675979619e+01
2.411971081089360780e+02 1.870960389670067059e+01 5.045078577336641956e+01
2.413488404864748986e+02 1.879289893698495817e+01 5.055679931378855940e+01
2.415671047391477373e+02 1.900756057960359158e+01 5.074809300615752505e+01
2.417715406059492125e+02 1.916896731305333290e+01 5.094926936862420774e+01
2.419356247893882426e+02 1.934866280672732231e+01 5.118952302178108482e+01
2.420283613638452209e+02 1.935594767637778446e+01 5.138847532395919160e+01
2.419663266243911437e+02 1.928165303434120759e+01 5.141662837361761973e+01
2.419591397849462453e+02 1.924149741138988290e+01 5.141306252489048489e+01
2.420627148240051554e+02 1.927907974144533298e+01 5.140799558864075181e+01
2.420566982201390829e+02 1.923572588303771269e+01 5.132106117697515657e+01
2.420086695463039632e+02 1.925395950127132849e+01 5.124145452317495142e+01
2.420491131329841039e+02 1.945008730815182574e+01 5.129915142603314848e+01
2.420560181355880331e+02 1.953068651778329112e+01 5.136051833471188388e+01
2.421768403639371456e+02 1.963390619734705922e+01 5.141137763073246703e+01
2.423450418160095694e+02 1.980396409643721611e+01 5.158206659927090243e+01
2.422670220261618113e+02 2.057917470820696693e+01 5.147169684158931346e+01
2.422043929785865259e+02 2.099318690071378413e+01 5.138788714272585167e+01
2.422986061330147436e+02 2.139716325092669180e+01 5.141876665747633268e+01
2.423810127745611567e+02 2.167919002542658546e+01 5.154013417884385717e+01
2.423823545629997227e+02 2.182828784119106658e+01 5.160310020525074037e+01
2.423772386116472148e+02 2.191174830744723323e+01 5.167412921606469922e+01
2.424532732898324241e+02 2.197911343932849348e+01 5.187832613424011186e+01
2.425262016358790618e+02 2.206931348221670675e+01 5.191486076647367298e+01
2.419980761572159338e+02 2.136649817725086464e+01 5.127847930643629581e+01
2.410700180743191368e+02 2.028053181386514581e+01 5.039647091259994482e+01
2.405861838679043103e+02 1.992353643966547239e+01 4.985270348926263040e+01
2.403302760162975176e+02 1.976037741629139433e+01 4.955887020188095704e+01
2.404173268388322242e+02 1.988578868363814678e+01 4.962290843366112369e+01
2.406617835370523437e+02 2.010528444076831178e+01 4.973129307968017798e+01
2.407832062004104898e+02 2.026888460006739479e+01 4.992949790154091261e+01
2.408143798057776621e+02 2.038343902214869985e+01 5.023240510982446239e+01
2.409848849676806708e+02 2.058785038139876988e+01 5.060695401770670543e+01
2.414124069478908154e+02 2.091990319517201158e+01 5.105829121097938383e+01
2.416830438378825363e+02 2.115827589375976459e+01 5.129348405477437467e+01
2.417655485096345274e+02 2.120762184848206289e+01 5.136388199614005856e+01
2.415829059829059702e+02 2.084517967098612345e+01 5.121561743712281611e+01
2.414254939803327034e+02 2.063368562938455497e+01 5.115822687865698271e+01
2.415901724718929131e+02 2.065024048034800686e+01 5.139481665288116830e+01
2.418790368532303887e+02 2.075576386974236343e+01 5.159364029041448418e+01
2.419865698618386887e+02 2.086286186931348396e+01 5.156072052201084688e+01
2.419680972949790032e+02 2.096130257635633853e+01 5.167838740311858459e+01
2.421987684955426801e+02 2.125493980332689858e+01 5.193000643323223642e+01
2.424926262904757550e+02 2.153515301902398704e+01 5.218935759580920575e+01
2.426370676714762737e+02 2.173486505529516322e+01 5.232398370247832275e+01
2.425961094262169411e+02 2.182831847563030436e+01 5.247235241858897581e+01
2.426741353429525532e+02 2.215820237110559532e+01 5.254869344116656293e+01
2.429288545783169297e+02 2.251054743742915676e+01 5.262894341819072963e+01
2.431103820114572898e+02 2.275544527157430252e+01 5.272260515271268133e+01
2.431964525319364157e+02 2.292767821585026056e+01 5.295037833532457228e+01
2.431062708697117216e+02 2.299724290046870578e+01 5.295110130809055704e+01
2.422460435621725878e+02 2.187443556045706572e+01 5.215643782740556844e+01
2.410946236559139777e+02 2.073353552063229444e+01 5.088989369849584676e+01
2.405746346843121160e+02 2.015401157981803237e+01 5.041955702600863987e+01
2.405433017798609114e+02 2.009559170419385410e+01 5.037541279906871239e+01
2.406642097846398940e+02 2.020363937138130694e+01 5.052547253622522305e+01
2.407177465306497481e+02 2.057953006770211246e+01 5.054375516956162073e+01
2.406150598903286948e+02 2.077888061759029625e+01 5.051571853077229690e+01
2.403877094629782789e+02 2.088635235732009932e+01 5.059774530527218417e+01
2.406650430413871220e+02 2.129943938976197160e+01 5.091089054314861073e+01
2.408540881659161244e+02 2.153971142358239277e+01 5.115230217810862712e+01
2.407772079772079792e+02 2.208577642986245237e+01 5.120892687559354073e+01
2.405240020831418803e+02 2.230740434396348348e+01 5.109713567993137673e+01
2.407377998345740195e+02 2.258978647795852268e+01 5.113833287381674353e+01
2.410711209141316544e+02 2.296388199614005998e+01 5.126496951873296126e+01
2.410637073798364156e+02 2.306618264252673001e+01 5.133018411297981487e+01
2.408310755751616057e+02 2.249834267683730005e+01 5.137513708911558297e+01
2.410763471494654198e+02 2.235581901173299002e+01 5.172121434917134053e+01
2.415129675581288495e+02 2.233980945378795013e+01 5.198583463529700310e+01
2.419044511840210703e+02 2.248621143889961260e+01 5.226785528290904637e+01
2.421663327512789863e+02 2.266848635235731990e+01 5.247873050883803359e+01
2.423544037006402618e+02 2.285527678215850145e+01 5.266575376037741307e+01
2.426039947308764511e+02 2.314695953190576816e+01 5.277777777777777857e+01
2.428423674294641899e+02 2.342194651226909130e+01 5.293498759305210655e+01
2.428963698189504612e+02 2.347603467818521494e+01 5.293776307324694130e+01
2.420601047697821855e+02 2.273538584076218427e+01 5.215301902398676503e+01
2.408374107771957142e+02 2.144388077076249033e+01 5.096611218331648274e+01
2.405316239316239262e+02 2.094480286738351182e+01 5.048960573476702507e+01
2.404454370002757173e+02 2.080158073706460797e+01 5.030244156480715390e+01
2.405366786140979798e+02 2.086718745213368820e+01 5.037275985663082167e+01
2.409763195784701111e+02 2.117704255123609869e+01 5.055664001470453428e+01
2.412902735655423783e+02 2.146378702937842675e+01 5.078636154765187172e+01
2.413443004625800370e+02 2.165833409919431318e+01 5.084812057715283373e+01
2.412273994424532191e+02 2.184166283736176339e+01 5.083845847501761739e+01
2.414809423153509158e+02 2.209040835707502382e+01 5.107539135496124771e+01
2.419247066752443232e+02 2.239295407897558476e+01 5.131550408969764021e+01
2.420065373893330900e+02 2.257353797138743445e+01 5.129363722697056005e+01
2.416902735655423839e+02 2.247186839444903939e+01 5.118793003094078387e+01
2.415721532947339369e+02 2.251746469380877969e+01 5.120220567962503111e+01
2.417388046441809877e+02 2.266829029194620659e+01 5.135904175474068012e+01
2.419082621082621074e+02 2.283984315167110779e+01 5.143564010660784902e+01
2.418530649756456228e+02 2.301012161872376893e+01 5.150410807830162696e+01
2.418868731427871239e+02 2.320960083325674717e+01 5.165325490916888640e+01
2.421448457555984533e+02 2.348052568697729825e+01 5.197392396532181635e+01
2.423673436877737970e+02 2.380859602364978755e+01 5.215077658303464858e+01
2.424470851331066399e+02 2.395274331403363632e+01 5.228638299175933923e+01
2.426395429341665988e+02 2.376434763961645658e+01 5.245202340471157498e+01
2.427381061789664045e+02 2.346370125294856379e+01 5.264296173758539510e+01
2.420855864963391753e+02 2.226272095089299441e+01 5.197828630946910522e+01
2.411272983488037198e+02 2.122716049382716008e+01 5.091458505652054356e+01
2.406792145329779657e+02 2.065104922954385458e+01 5.051873908648101974e+01
2.405957847011610511e+02 2.057111172379989483e+01 5.047624299237202194e+01
2.406360567349814801e+02 2.063088564163832928e+01 5.049800569800569860e+01
2.407308764513065569e+02 2.071446251876359312e+01 5.063911405201727689e+01
2.407555616824434139e+02 2.084851882486291075e+01 5.077804123395521430e+01
2.409363355083785052e+02 2.109238121496186125e+01 5.098237907055111151e+01
2.411087583861777546e+02 2.146008026223080023e+01 5.111122752198021146e+01
2.411321753515301793e+02 2.179604203045063215e+01 5.106015991177281421e+01
2.410758631253254975e+02 2.187867536684741054e+01 5.099535581901173487e+01
2.408796372882394508e+02 2.197487363293814866e+01 5.088857029072082838e+01
2.408605581594828777e+02 2.193927028765738285e+01 5.093325981067916786e+01
2.408864442606378020e+02 2.214134117574977623e+01 5.094927549551205459e+01
2.409300370676714635e+02 2.224125233587599126e+01 5.098751952945501387e+01
2.409356676776031634e+02 2.234037312746990267e+01 5.106113408694054101e+01
2.411070489844683493e+02 2.260607174585669199e+01 5.114176393101124063e+01
2.412037864166896384e+02 2.266335814722911479e+01 5.131487302024936525e+01
2.411843212939987211e+02 2.268991820604723841e+01 5.136988634623043026e+01
2.411531967037343520e+02 2.278892871365989592e+01 5.153511625769690596e+01
2.413907055111356215e+02 2.299538645345096910e+01 5.181392028918910597e+01
2.415415433630487314e+02 2.319063811536929975e+01 5.202685414943479714e+01
2.415387495021903703e+02 2.326636644916214891e+01 5.208211867781760418e+01
2.411108905431485994e+02 2.291098857335416383e+01 5.167346751217719003e+01
2.401432466378703054e+02 2.172961431241001051e+01 5.058000183806635164e+01
2.394960328401188576e+02 2.117149771773427602e+01 4.994118800355359156e+01
2.390809484422387641e+02 2.086781239469411631e+01 4.970348313574120169e+01
2.387687344913151435e+02 2.066107894494991370e+01 4.961455748552522493e+01
2.387320773213246241e+02 2.089266917869068507e+01 4.962023711055969244e+01
2.389951781392641692e+02 2.117692001347915465e+01 4.974958183990442251e+01
2.392800477897252165e+02 2.144010660784854494e+01 4.987844254510920905e+01
2.395157124038844358e+02 2.168598474404926080e+01 5.008771865331004847e+01
2.395861471065772150e+02 2.178569984376435897e+01 5.026095640719296398e+01
2.396066538002021957e+02 2.187479091995221125e+01 5.038488496768066938e+01
2.397250987960665327e+02 2.189179916061636533e+01 5.047316116778482353e+01
2.395832307079618886e+02 2.177137517997732985e+01 5.041169622890053148e+01
2.394541555616824553e+02 2.168066047850994238e+01 5.035480194835033529e+01
2.394872958980485862e+02 2.169515056826884702e+01 5.032985326103605672e+01
2.394321171460956350e+02 2.166578439481665441e+01 5.027370646080323269e+01
2.394678001409184276e+02 2.173205281377324383e+01 5.028861930582360884e+01
2.395122813466899458e+02 2.191761786600496364e+01 5.038750727567931875e+01
2.395828569678031954e+02 2.202003492326073086e+01 5.043517446313145314e+01
2.396983549306129930e+02 2.215357657078087072e+01 5.065763563397972291e+01
2.398434518886131741e+02 2.232311368440400656e+01 5.093209570198817460e+01
2.400906718132524702e+02 2.246058879392212759e+01 5.118763594032411390e+01
2.402358606745703469e+02 2.259001317280887022e+01 5.137747143338540923e+01
2.404939313175872257e+02 2.280702754036087399e+01 5.163762521827037943e+01
2.403057929724596420e+02 2.273284930919339430e+01 5.165004441993688999e+01
2.392939619520264785e+02 2.196455595380326642e+01 5.069409674355910767e+01
2.383178813221823873e+02 2.103741690408357101e+01 4.953757313972367626e+01
2.381418558343289646e+02 2.069249762583095986e+01 4.908907882241215503e+01
2.381249149894311188e+02 2.064846980976013313e+01 4.895164660110896904e+01
2.378799987746224360e+02 2.059139172257451733e+01 4.887470514352234829e+01
2.378230432251937714e+02 2.072984713414820845e+01 4.887598566308243875e+01
2.380275771222007677e+02 2.085534417792482387e+01 4.905588334405538831e+01
2.384371534479061268e+02 2.111448702631498264e+01 4.946099316852004790e+01
2.386267683730049214e+02 2.129712955304353272e+01 4.976734368777379558e+01
2.384291578592653877e+02 2.131198725607327660e+01 4.982115001684893940e+01
2.385528658517905853e+02 2.131820604723830570e+01 4.995258401494960765e+01
2.387490549275495653e+02 2.137976901632815441e+01 5.003613025763563371e+01
2.389721349140704092e+02 2.145681463100817865e+01 5.008792696749686257e+01
2.391244003308519552e+02 2.146713231014306444e+01 5.008526789817112501e+01
2.392520295315994190e+02 2.152076095947063550e+01 5.015951352510492001e+01
2.390883129614312281e+02 2.155841681218025130e+01 5.009813436265049091e+01
2.390764084183439024e+02 2.164513065588334229e+01 5.017512483533988643e+01
2.391251294305057797e+02 2.177219005606102442e+01 5.023516220935575660e+01
2.390954078975584309e+02 2.183268694666544008e+01 5.027349814661642569e+01
2.389578041233955332e+02 2.189268755935422561e+01 5.035629690898507960e+01
2.389597524737309584e+02 2.195855160371289472e+01 5.050971418068192520e+01
2.392139325429648125e+02 2.217788193487118065e+01 5.078256287718653539e+01
2.395026069907790429e+02 2.242149312256839266e+01 5.103923658977422662e+01
2.394859724902735536e+02 2.242474037312747015e+01 5.119045430873387659e+01
2.392955304353153849e+02 2.247570382624146035e+01 5.122420120699690926e+01
2.394966026406886499e+02 2.232799681401832004e+01 5.144305976779094891e+01
2.391969794442912587e+02 2.143518671690714683e+01 5.089062892503752522e+01
2.384061820298379359e+02 2.028559262322703205e+01 4.993003706767147776e+01
2.377940630456759550e+02 1.966996905921637051e+01 4.935118708452041858e+01
2.372730202493643219e+02 1.929747265876298101e+01 4.898902674386545186e+01
2.375452991452991398e+02 1.974888337468982513e+01 4.926988328278650897e+01
2.381810985509910381e+02 2.032511717673007823e+01 4.960057592745764765e+01
2.382230738596329900e+02 2.051038201145728124e+01 4.974325276475813951e+01
2.383434610789449550e+02 2.075679318690071540e+01 4.983107557516159858e+01
2.385825199889715975e+02 2.106535551266734174e+01 5.006144043133290467e+01
2.387063872805808273e+02 2.124337836595901052e+01 5.017511258156419274e+01
2.388044481205771490e+02 2.138780136629598871e+01 5.027601629752167156e+01
2.390694605275250524e+02 2.155013325981067851e+01 5.032142879024599580e+01
2.391004687069203101e+02 2.154849738075544607e+01 5.026848635235732132e+01
2.390093986459577877e+02 2.156770517415678867e+01 5.016492356707410494e+01
2.391853444842692227e+02 2.154691051680298841e+01 5.002763839107925037e+01
2.395286891523450663e+02 2.164345188861317837e+01 5.008299482277976722e+01
2.398225653279416747e+02 2.169663327512789763e+01 5.020808136507061192e+01
2.399624911925987192e+02 2.174864442606378034e+01 5.035165272799681446e+01
2.402585546671568295e+02 2.195463039549061079e+01 5.045142296970254137e+01
2.404119719388536680e+02 2.205266672793554505e+01 5.059046043562172912e+01
2.406221486995680436e+02 2.216909597769812734e+01 5.078416812180253004e+01
2.409851545507459605e+02 2.237809024905799049e+01 5.102306773274515450e+01
2.411980148883374682e+02 2.253982783445148996e+01 5.117432221303189266e+01
2.410974420243237546e+02 2.258064516129032384e+01 5.124318843243574406e+01
2.405372667953313055e+02 2.229567748062371635e+01 5.078145391048617086e+01
2.395267714364488540e+02 2.139903807860797258e+01 4.973035566583953937e+01
2.389665349385779507e+02 2.087631038813834650e+01 4.921046472444322006e+01
2.388578133137272914e+02 2.073187513402567106e+01 4.905982905982906317e+01
2.391280335753453983e+02 2.076310388138345076e+01 4.917943816438440052e+01
2.392532426553931941e+02 2.106444260637809052e+01 4.922523052415525768e+01
2.391475293324755569e+02 2.115645008118126569e+01 4.928199001317280903e+01
2.390953221211285609e+02 2.125406978525258239e+01 4.944986674018932149e+01
2.393136108813528153e+02 2.150313390313390371e+01 4.957631345158226566e+01
2.395704377661366777e+02 2.178498299788622461e+01 4.973428912783751343e+01
2.397924271666207119e+02 2.184555341114480953e+01 4.992653248782281139e+01
2.397513525104922962e+02 2.181753515301902269e+01 4.999202279202279442e+01
2.395688692828477713e+02 2.172955917041938534e+01 4.995209386392182438e+01
2.396486781239469508e+02 2.174328952608522414e+01 5.005009343503967045e+01
2.398200594308121083e+02 2.182184235517568993e+01 5.006034984529608067e+01
2.399361026866403108e+02 2.197431608614404297e+01 4.990739209018779121e+01
2.400114327727230830e+02 2.205105535643170001e+01 4.980625555249211089e+01
2.400800661703887613e+02 2.223318935146892272e+01 4.970537634408601946e+01
2.402004411359250184e+02 2.238392304628863627e+01 4.981188003553594967e+01
2.404590877063995435e+02 2.250097723861164667e+01 5.003736176209294229e+01
2.407116747847930753e+02 2.268948319701008032e+01 5.015899273963790250e+01
2.407703887510339200e+02 2.273419722451980363e+01 5.022427472965107142e+01
2.409093526942989172e+02 2.285338970070152698e+01 5.031177894188646604e+01
2.406713047207670968e+02 2.249375363783966009e+01 4.988492479245167743e+01
2.397058481144502764e+02 2.156271788744907170e+01 4.893749961706951268e+01
2.392344698710290061e+02 2.038737861103452431e+01 4.865250130196366740e+01
2.392386177741016411e+02 1.987471739729804199e+01 4.872329749103942476e+01
2.393521490059124517e+02 1.976300585117789410e+01 4.890095273106025786e+01
2.394238335937260729e+02 1.968694666544129035e+01 4.901417761847869059e+01
2.393520019606040989e+02 1.967559966914805614e+01 4.900182581257850245e+01
2.394253775694635920e+02 1.960017767974757064e+01 4.917908893177710183e+01
2.397127163557271103e+02 1.974018319394663479e+01 4.943826241460649840e+01
2.401475232055877314e+02 1.997544343350794804e+01 4.974143920595533785e+01
2.404466868853965593e+02 2.009314707594277394e+01 4.980863278497687219e+01
2.404682351499555750e+02 2.004850044419936950e+01 4.993965015470391933e+01
2.403341482094170374e+02 2.019685690653432530e+01 4.987307539135495915e+01
2.401919125080415540e+02 2.026310694482737418e+01 4.988403639371381360e+01
2.401285911221395111e+02 2.032569310418772801e+01 4.983209263854425330e+01
2.401468431210366816e+02 2.037355635205097570e+01 4.989568973439941146e+01
2.401951352510492370e+02 2.045851177894188666e+01 5.001054437398523334e+01
2.403606286186931413e+02 2.040697852525809353e+01 5.008450816407805917e+01
2.405254357748981420e+02 2.035078270992249472e+01 5.017895414024446410e+01
2.404798701099776395e+02 2.027199705909383454e+01 5.020548969151119678e+01
2.404509695800018392e+02 2.018225653279416676e+01 5.019827834451490389e+01
2.404639647091260031e+02 2.028456943295653048e+01 5.026281898109854751e+01
2.406332444934595571e+02 2.104363569524860011e+01 5.048617467757252797e+01
2.406684924792451739e+02 2.154500505468247340e+01 5.053350488619305736e+01
2.402324357442637108e+02 2.149260178292436407e+01 5.027414759672824118e+01
2.389231259381797088e+02 2.052686946665441425e+01 4.921093649480746279e+01
2.378584382562877124e+02 1.971725025273412513e+01 4.835180590019299984e+01
2.376334650614220436e+02 1.943263793156266317e+01 4.810277241675090920e+01
2.376959164292497633e+02 1.943898538737248316e+01 4.818149067181325051e+01
2.375635327635327769e+02 1.944485494593021357e+01 4.822516312838893526e+01
2.375074165977391658e+02 1.951522225285666323e+01 4.830891768526176833e+01
2.376988512085286231e+02 1.966277609288361816e+01 4.867996814018319185e+01
2.379877768587446099e+02 2.020243850136323260e+01 4.894650001531721983e+01
2.381045737217780243e+02 2.045169255276782039e+01 4.904697484912538386e+01
2.380371595747939750e+02 2.056573844315779809e+01 4.917256379621971263e+01
2.383488221058113652e+02 2.081516404742211179e+01 4.929623502741782204e+01
2.386707839353000509e+02 2.104023527249333725e+01 4.940149496063474288e+01
2.386655576999663140e+02 2.097328676898569455e+01 4.938463376527892734e+01
2.384753545936341652e+02 2.090915663388781809e+01 4.936084305976778808e+01
2.386201329534662818e+02 2.095662776092883561e+01 4.945703519897067935e+01
2.391491529577551205e+02 2.122201390803541443e+01 4.982387035505315254e+01
2.393242165242165242e+02 2.134294642036577372e+01 4.995047023864228208e+01
2.392786263517446343e+02 2.140276322641913964e+01 5.005632447998039680e+01
2.393216799926477449e+02 2.149008975890696149e+01 5.015118708452041574e+01
2.394772478019789901e+02 2.164761204546150708e+01 5.036557301718592328e+01
2.396334834420856055e+02 2.180420917195110775e+01 5.047998039395888981e+01
2.396803234996783374e+02 2.190758815059890452e+01 5.052716968415893461e+01
2.397445026498789957e+02 2.205209692736574567e+01 5.053672150231290061e+01
2.399204975032932055e+02 2.230950586649511536e+01 5.065749471555923122e+01
2.402324296173758569e+02 2.268036638789326886e+01 5.090026039273351444e+01
2.406183439022148605e+02 2.291244064577398021e+01 5.127139049719694697e+01
2.404483043837882406e+02 2.264797965873234631e+01 5.109160922709309460e+01
2.392392917317648369e+02 2.128873571669270603e+01 4.999947921453297539e+01
2.385108844162607511e+02 2.043759458383114236e+01 4.918701099776368579e+01
2.381626076034678192e+02 2.013703397359311253e+01 4.889652299114664658e+01
2.381026131176668912e+02 2.006118922893116618e+01 4.881414698403946062e+01
2.383012468216769264e+02 2.024688294580767689e+01 4.884552890359341859e+01
2.384777869681095410e+02 2.070403455564746054e+01 4.903155347241369100e+01
2.385034218668627375e+02 2.103784578623288226e+01 4.915980148883375023e+01
2.384003676132708449e+02 2.128009067794014086e+01 4.932214563612413372e+01
2.384118677817602645e+02 2.141670189627178900e+01 4.950445118402107880e+01
2.385264222038415483e+02 2.167399442453205793e+01 4.948278650859295880e+01
2.387305946144655877e+02 2.173589437245351164e+01 4.946531262445240884e+01
2.387383328738167450e+02 2.176230125907545343e+01 4.939451030848880464e+01
2.386835523695738743e+02 2.181015225316300743e+01 4.926112183316484305e+01
2.386679594400024484e+02 2.187506050301749383e+01 4.926966271482400828e+01
2.386607603467818421e+02 2.189333088257819426e+01 4.936343473332720322e+01
2.388453573507337069e+02 2.183339766565573115e+01 4.960878595717305473e+01
2.390303771099470111e+02 2.184849431731152336e+01 4.976385136170082291e+01
2.391653830836626469e+02 2.182269399258646558e+01 4.999935667677603135e+01
2.393735257176117273e+02 2.194693502435437793e+01 5.030405293631100250e+01
2.395954967374322280e+02 2.219909934748644531e+01 5.042793248169592601e+01
2.396653126244524117e+02 2.226634806849860482e+01 5.046985877523511732e+01
2.397874092454737536e+02 2.241479643415127398e+01 5.047801366295990277e+01
2.400091658242195933e+02 2.266454063658364859e+01 5.055543301779860599e+01
2.404571761173911852e+02 2.295418925956560230e+01 5.086394632846245401e+01
2.407947186226756173e+02 2.319575406672180762e+01 5.117554146371350754e+01
2.405427993750574274e+02 2.287990074441687227e+01 5.097186533100511241e+01
2.394778176025487824e+02 2.165046104831051110e+01 4.984748338081671193e+01
2.384383298103728350e+02 2.045800324725055930e+01 4.877279661795790844e+01
2.380549581839904363e+02 2.004611708482676136e+01 4.839900131728088439e+01
2.382121863799283119e+02 2.002962962962962834e+01 4.850614833195478326e+01
2.381718469503415747e+02 2.030242318414361335e+01 4.870062187911650398e+01
2.380490457372177673e+02 2.043393683178629416e+01 4.890586036822595872e+01
2.380359219434488125e+02 2.064761817234935393e+01 4.921588702018809869e+01
2.382988940967435667e+02 2.092514781116931744e+01 4.958663113071715145e+01
2.387564868425083375e+02 2.127943510094047852e+01 4.993036179272738195e+01
2.389701620561835682e+02 2.139858468890727039e+01 5.009262629047574933e+01
2.388907208283552279e+02 2.141428790245994662e+01 5.005164966455289033e+01
2.387274025058971176e+02 2.135850258861011497e+01 5.002627209508929695e+01
2.390350641791501971e+02 2.144038231780167436e+01 5.008312348742456521e+01
2.394558649633918321e+02 2.166142817755720884e+01 5.018427840578377896e+01
2.395498820574089507e+02 2.192037496553625431e+01 5.021724106240235130e+01
2.394991085378182163e+02 2.204475078883681149e+01 5.017245351223845518e+01
2.395963116135159225e+02 2.222275526146493974e+01 5.018818123334252590e+01
2.397745856692093298e+02 2.245265447415984994e+01 5.036570780871856101e+01
2.399364764267990040e+02 2.263275434243176321e+01 5.052762920074748365e+01
2.397676193977269179e+02 2.245209692736574425e+01 5.080882884538798550e+01
2.398924914989431159e+02 2.248102196489293192e+01 5.115937873357228227e+01
2.401489078822412182e+02 2.259675887632876723e+01 5.148201452072419926e+01
2.403414392059553393e+02 2.252191894127377836e+01 5.157550470238642504e+01
2.396442422571454927e+02 2.148501056888153826e+01 5.053302086205312094e+01
2.387396991698066984e+02 2.077693839414269661e+01 4.937398523420029051e+01
2.383017063382654896e+02 2.038160095579450370e+01 4.884035781025028200e+01
2.382292130012559994e+02 2.033339460221180772e+01 4.861654259718775961e+01
2.383230585424133778e+02 2.046289250375271962e+01 4.859899519039304039e+01
2.385698618386790315e+02 2.068404252060166115e+01 4.871888000490150716e+01
2.387185185185185219e+02 2.093065588334405547e+01 4.903444536347762295e+01
2.389411696228900439e+02 2.115994240725423481e+01 4.936781545813803973e+01
2.392290230677327543e+02 2.145317525962687100e+01 4.965432711454216985e+01
2.394412217014367457e+02 2.166909904114205077e+01 4.985767239530680683e+01
2.394647795852096976e+02 2.176185399626259809e+01 4.987824035781024890e+01
2.393829121097938355e+02 2.163976962901693923e+01 4.987514015255950994e+01
2.392656434763961784e+02 2.156774193548386975e+01 4.979171032074258108e+01
2.394159115277394960e+02 2.155975860061881733e+01 4.995247373096835730e+01
2.396776031614741385e+02 2.165905707196029795e+01 5.006682596575069510e+01
2.398352970008884029e+02 2.179802101522531643e+01 5.018362895567196347e+01
2.399198357994056892e+02 2.209798731734215593e+01 5.033034953895168684e+01
2.398545905707196084e+02 2.226650124069479020e+01 5.045129430505774337e+01
2.399471188309898082e+02 2.252120209539564399e+01 5.060217504518579545e+01
2.401633183224581103e+02 2.282515700150108628e+01 5.075277394847287127e+01
2.404329197684036501e+02 2.309758294274423207e+01 5.095248598474405100e+01
2.407423153509174938e+02 2.300316760101706492e+01 5.103754556872836190e+01
2.402532977973838229e+02 2.205299757987929965e+01 5.050280305119014912e+01
2.391442943356921944e+02 2.074111448089942655e+01 4.934802561039120405e+01
2.385541708789020561e+02 2.018947400667830649e+01 4.881225990258248260e+01
2.383456361241307491e+02 1.996360015929908371e+01 4.861584413197316223e+01
2.381967404956652388e+02 2.015427503599546455e+01 4.871405201727782242e+01
2.380396899794749288e+02 2.045772141040958303e+01 4.878242808565389055e+01
2.382260086389118783e+02 2.076570780871856314e+01 4.901869313482216484e+01
2.386878411910670081e+02 2.113708911558373771e+01 4.939814967987010874e+01
2.388773703397359327e+02 2.132492724320681177e+01 4.964669913917225585e+01
2.389209815274331277e+02 2.132920381092424122e+01 4.963971448702631761e+01
2.389654749869803538e+02 2.142866770823760092e+01 4.954935514505407212e+01
2.390025916735594080e+02 2.136798088410991525e+01 4.955026192445546940e+01
2.388764880678859299e+02 2.126078485433324161e+01 4.947017124651533493e+01
2.388238764819409994e+02 2.126719357902153718e+01 4.941917715896210694e+01
2.388910700609625337e+02 2.115453236528505343e+01 4.954982078853046801e+01
2.390697607450295550e+02 2.120827742548172523e+01 4.963230095273105746e+01
2.391409429280396921e+02 2.133533682565940737e+01 4.986231657629507197e+01
2.394298808320313583e+02 2.149804858622063009e+01 5.008325215206935610e+01
2.396559875011487861e+02 2.168422020034923392e+01 5.029157246576601636e+01
2.399070796189075736e+02 2.194023220904941240e+01 5.050269276720889877e+01
2.400095947063688868e+02 2.217862941518855635e+01 5.064123395521244930e+01
2.402744294335692246e+02 2.237609288361976567e+01 5.097118524645406268e+01
2.405138437030910268e+02 2.260497503293202115e+01 5.112674080200962123e+01
2.400354930612995190e+02 2.221448396287106064e+01 5.070469625953496973e+01
2.386986245136782827e+02 2.091505682688478274e+01 4.949998468278037933e+01
2.381249578776460396e+02 2.027896945746408264e+01 4.882227123732499763e+01
2.379184756303035897e+02 2.006818613485280167e+01 4.849258952914866683e+01
2.377507398217075547e+02 1.990154703918144818e+01 4.841871764237355791e+01
2.375894923873418634e+02 1.993963790092822208e+01 4.828774316086143870e+01
2.375313972367735857e+02 1.991457280274484631e+01 4.829225867720491294e+01
2.374780626780626847e+02 1.992036883864840746e+01 4.846650736758263633e+01
2.376132034433109652e+02 2.012995129124161409e+01 4.867060012866464547e+01
2.379784823698802256e+02 2.033560640872468994e+01 4.894780504242869767e+01
2.382790858683331692e+02 2.051957847011610525e+01 4.905368379131819978e+01
2.383412676530955991e+02 2.081243145544220852e+01 4.902787733970529871e+01
2.382083754556872748e+02 2.080484024139938271e+01 4.902793248169592033e+01
2.380337223907116311e+02 2.083878932696136843e+01 4.893031277762460718e+01
2.380346475507765831e+02 2.098004472628128525e+01 4.898323683484974111e+01
2.379756272401433819e+02 2.107056336733755941e+01 4.905595686670955757e+01
2.381416659008056911e+02 2.110032166161198575e+01 4.921982048218607275e+01
2.383496247281193519e+02 2.119683852587078476e+01 4.938843243574426367e+01
2.384873755475906023e+02 2.130508225346935092e+01 4.953889042061084780e+01
2.384851821217412748e+02 2.140938026529424221e+01 4.966436908372391912e+01
2.385913181999203516e+02 2.158557730600741209e+01 4.988327665962074775e+01
2.389714119413044102e+02 2.207800753607205380e+01 5.008605826670342509e+01
2.392618693134822081e+02 2.243769874092454586e+01 5.014802561039120121e+01
2.393239408142634090e+02 2.270675489385166657e+01 5.024342125417394556e+01
2.395708666482859996e+02 2.298605520325950380e+01 5.055102165854854235e+01
2.394484391753208854e+02 2.278408847226051392e+01 5.041313604754464706e+01
2.382399840700915945e+02 2.170915050699996840e+01 4.925989645559538133e+01
2.369448580093741441e+02 2.062183622828784024e+01 4.836719051557761162e+01
2.365832184541862091e+02 2.024776521765769033e+01 4.795140765248292070e+01
2.367773795300676909e+02 2.026232270318291739e+01 4.793181999203504517e+01
2.371087890206169675e+02 2.041279906871304561e+01 4.808689152345066020e+01
2.372841099163679814e+02 2.039309499739607290e+01 4.832044848819042215e+01
2.373705603038936260e+02 2.032645283828079386e+01 4.853288607052047610e+01
2.372781852158196330e+02 2.030591551021658603e+01 4.869099653830836871e+01
2.373850258861011469e+02 2.038394755384002721e+01 4.892764758141102277e+01
2.375232362221609606e+02 2.048068498606133048e+01 4.915649296939619717e+01
2.373103391232423576e+02 2.089524859847440652e+01 4.902911497105045413e+01
2.369705357963422614e+02 2.111703581165946630e+01 4.872541126734675032e+01
2.371002113776307283e+02 2.128417118524645346e+01 4.878343289526085158e+01
2.374138161320956897e+02 2.158943724535122399e+01 4.884571271022883820e+01
2.374329136415157961e+02 2.170973256134546503e+01 4.883163924884355112e+01
2.374978770333609077e+02 2.159903195172012502e+01 4.893669086787366496e+01
