2.007151056801214679e+02 3.712769910456346878e+01 4.979034963053197771e+01
2.004664507383016030e+02 3.702182758722786815e+01 4.966945195223774334e+01
2.001276938173850795e+02 3.699194762732582831e+01 4.961603770392647306e+01
2.000607211288337339e+02 3.697860807627071722e+01 4.958713587202490203e+01
2.002319802386420804e+02 3.708735899095258048e+01 4.959527072468181785e+01
2.003015869994628133e+02 3.722622038651388721e+01 4.953149995135795791e+01
2.001635430016792156e+02 3.730812406681301496e+01 4.929301436843596917e+01
2.002785729694062695e+02 3.733125441479394624e+01 4.918223000494879926e+01
2.004037331709112095e+02 3.741288316181726969e+01 4.911576805782904387e+01
2.005156447608291899e+02 3.748687722325851013e+01 4.906391775688285151e+01
2.004687707521751463e+02 3.752553812901561514e+01 4.904281134078613746e+01
2.005864041265369906e+02 3.761960549189792857e+01 4.912383100485997289e+01
2.006119115899179803e+02 3.822610406858950682e+01 4.918804378629648255e+01
2.006432180305471888e+02 3.858967160277640573e+01 4.923859872853934405e+01
2.005824228812161323e+02 3.884522948469044934e+01 4.925141590637041844e+01
2.005669134721534874e+02 3.903458872096810239e+01 4.926847340126300168e+01
2.006698823285579465e+02 3.921603093633814296e+01 4.935099250912566760e+01
2.008615446597383425e+02 3.932094653182247157e+01 4.938774580092292865e+01
2.009600437355395570e+02 3.941386023238206349e+01 4.937358885209012982e+01
2.010719743592997304e+02 3.950504925535379641e+01 4.939377529914855103e+01
2.011224944061652593e+02 3.958845449431311181e+01 4.944908870193425798e+01
2.012817664251483620e+02 3.970712627050896515e+01 4.954791981253780619e+01
2.014053584495455027e+02 3.995081549439347413e+01 4.958081663642400372e+01
2.012464163504934049e+02 4.008087691025755106e+01 4.953384111394503719e+01
2.006503261131625493e+02 3.996855397786152508e+01 4.929514615875915950e+01
1.999544435561984699e+02 3.954738369264997289e+01 4.886670283096679412e+01
1.996757986811662136e+02 3.933986299863379088e+01 4.865169760723455283e+01
1.995670858341686937e+02 3.966068792535349985e+01 4.850061859987057034e+01
1.998303968344605721e+02 3.998764809386644714e+01 4.854804776225461893e+01
2.000521833931841797e+02 4.016288316181726969e+01 4.863260877840800589e+01
2.000482084924774142e+02 4.024526374560635134e+01 4.866216516299313355e+01
2.002846310183951459e+02 4.045512877451664480e+01 4.879599210730011549e+01
2.004780201420347510e+02 4.029827299605364743e+01 4.884293907901582088e+01
2.005641419332461908e+02 4.013658790885750705e+01 4.888266059275614595e+01
2.004821314519437863e+02 4.002736326299271497e+01 4.887236539901277865e+01
2.004782908455678694e+02 3.995316934620866789e+01 4.889764339885204691e+01
2.003788940068775730e+02 3.972772617491678204e+01 4.880204592654628470e+01
2.004879748414903986e+02 3.983057448365416064e+01 4.884500953806979595e+01
2.004602806011310463e+02 3.988626327610491273e+01 4.877863430067549189e+01
2.003893224375161140e+02 3.994159042555441630e+01 4.875554625012160415e+01
2.001249201636064470e+02 3.997558803997952737e+01 4.870835712563604858e+01
2.000908686199618387e+02 4.008189099107101327e+01 4.871449025255793686e+01
2.001154074722634562e+02 4.024154262946184701e+01 4.874217180368918179e+01
2.004310604810909240e+02 4.042599430676632011e+01 4.887568997677871607e+01
2.004718203966652652e+02 4.053098180787662841e+01 4.889382817093235900e+01
2.001982818785133418e+02 4.050390616738783933e+01 4.884371629423782224e+01
2.001161952618422220e+02 4.058684507721395107e+01 4.891160049234205331e+01
2.001979995431877910e+02 4.061782159791219726e+01 4.892582723192948180e+01
2.003131965857516832e+02 4.067323016990876283e+01 4.900660685810482420e+01
2.003463471942001775e+02 4.069916589473861990e+01 4.905046611764606013e+01
2.005493928204347469e+02 4.080615935132665584e+01 4.915962731737028690e+01
2.008276453868311080e+02 4.098164185922570368e+01 4.929770409565986000e+01
2.009033757576526682e+02 4.115241666349435690e+01 4.932403741630396610e+01
2.004619862448767265e+02 4.110332838453437176e+01 4.911871513105857900e+01
1.997971732629504231e+02 4.069142440815325301e+01 4.866061496229184513e+01
1.994415428409489834e+02 4.041654400412822667e+01 4.839843753304486285e+01
1.991704247930598513e+02 4.035517149491796118e+01 4.827771433163720616e+01
1.991599741562720851e+02 4.032516358529910860e+01 4.819040609759708360e+01
1.996208881613731307e+02 4.041828242837988228e+01 4.830488196902982168e+01
1.996561483539956328e+02 4.044226401208014465e+01 4.831836110159419206e+01
1.997417921842814224e+02 4.052535519264363018e+01 4.839499346504751998e+01
1.995914882772680983e+02 4.059542193798350951e+01 4.839884041603749409e+01
1.995711918568993326e+02 4.079371121854657645e+01 4.835212502273486734e+01
1.995606978652488692e+02 4.097292647438256097e+01 4.831400023686558853e+01
1.996463163170784298e+02 4.112868569204935199e+01 4.835626699827849251e+01
1.997063479978512817e+02 4.125619974536948575e+01 4.838209909441208367e+01
1.999476548191573499e+02 4.142305463558651724e+01 4.845342630307798260e+01
2.002249810719013965e+02 4.148191256275880789e+01 4.864759581424662116e+01
2.003415284598237918e+02 4.154735831419375103e+01 4.879489660393958417e+01
2.002514497443120547e+02 4.162077395832011462e+01 4.884632393061529854e+01
2.002937038164968442e+02 4.169955926081016173e+01 4.889919994416739968e+01
2.004022749671137547e+02 4.171808870616400355e+01 4.893321236269197527e+01
2.006717106348420714e+02 4.181863286256297130e+01 4.898935373761214152e+01
2.006748808269992992e+02 4.153370999192119228e+01 4.883009652272852463e+01
2.002627970865532347e+02 4.119237715769749997e+01 4.858961344381421554e+01
2.002894656143066925e+02 4.110438053303217742e+01 4.856715456748766258e+01
2.007500919969038193e+02 4.118671353221583331e+01 4.868259693512843711e+01
2.008447843042707746e+02 4.101193210417009993e+01 4.882949589926445100e+01
2.002959096273173714e+02 4.057780505961822115e+01 4.863760727684935148e+01
1.995376531695577000e+02 3.997393949776034816e+01 4.818680024194128464e+01
1.991274738707644474e+02 3.963359642332957122e+01 4.802121215966432999e+01
1.992304585887040389e+02 3.958170488239200324e+01 4.805700635730328685e+01
1.992404460686656478e+02 3.951433988520478380e+01 4.804524344284137527e+01
1.992591901734617466e+02 3.944808096573485301e+01 4.804229848448319018e+01
1.993785947525811935e+02 3.946414447109182078e+01 4.812509464049301755e+01
1.994203000156500423e+02 3.947942230174138700e+01 4.816845479039510280e+01
1.993933766458986270e+02 3.950129324383198082e+01 4.821236057710609657e+01
1.994544350967130697e+02 3.941767334543039425e+01 4.837704560931558717e+01
1.997440529817571075e+02 3.938707961644693256e+01 4.865692662665330204e+01
2.000102550111876667e+02 3.944116745128393831e+01 4.881408060197698262e+01
1.999297746393087039e+02 3.945771631961627435e+01 4.888230212206191538e+01
1.998251434940212619e+02 3.951393488734080250e+01 4.891495467830691979e+01
2.000271665799569405e+02 3.965991176756718062e+01 4.900497417742078454e+01
2.002924951675189504e+02 3.977185825286247933e+01 4.906256741152435552e+01
2.002903496305319777e+02 3.983781263085766255e+01 4.906905477939776716e+01
2.002792983702801450e+02 3.990792696080297475e+01 4.907839828103256252e+01
2.004632075830827205e+02 4.002214270305937305e+01 4.914339673717648083e+01
2.007160806358149330e+02 4.018652425122979821e+01 4.923315293480697363e+01
2.005992572571810513e+02 4.023642041104639588e+01 4.916998701468989452e+01
2.005708619369683845e+02 4.032713676027087502e+01 4.913407332681953221e+01
2.008753209317277140e+02 4.048532385025018954e+01 4.925005604409084015e+01
2.011595807902005220e+02 4.061297325533687541e+01 4.937401499866763288e+01
2.003099238223339000e+02 4.051893021347511592e+01 4.892358969803866842e+01
1.993500313000960205e+02 4.009478641914212460e+01 4.836038571023724586e+01
1.989632710292232787e+02 3.994873869072544181e+01 4.810856797830987830e+01
1.989943977057875486e+02 3.997339809069413974e+01 4.803573815354811671e+01
1.988612179121143981e+02 3.998953455911276933e+01 4.803332720020641489e+01
1.988007875780916152e+02 4.026260780556718544e+01 4.795966728843884397e+01
1.987082788753960187e+02 4.044487059102194593e+01 4.791332834223694448e+01
1.986833233934379734e+02 4.052742988144031244e+01 4.788707115696152528e+01
1.987810822642658763e+02 4.062975581695365435e+01 4.789651828729258654e+01
1.988355560631246703e+02 4.048924482173749340e+01 4.782696016851294729e+01
1.986134406419057541e+02 4.011960443446225355e+01 4.769767808274222887e+01
1.984565848634427709e+02 3.994281282119608534e+01 4.761475080470854948e+01
1.984491066783407689e+02 3.982424784600353007e+01 4.758235943507556698e+01
1.983987473616979855e+02 3.976542798651558286e+01 4.758727439609848631e+01
1.983110806569636395e+02 3.972295291027446495e+01 4.757003184996256806e+01
1.985457594714513618e+02 3.922906911822553866e+01 4.776643466527931281e+01
1.988014780835881652e+02 3.898211030323025739e+01 4.793626623692480848e+01
1.989898570769940136e+02 3.882999289403225873e+01 4.804617715854344340e+01
1.989194656989015471e+02 3.863237825743060228e+01 4.806876186971546616e+01
1.986512080145164703e+02 3.852549054441018228e+01 4.801857280021656038e+01
1.987087219409443435e+02 3.837095160751371736e+01 4.814686724106572768e+01
1.989457810431391351e+02 3.825440210471997204e+01 4.831280639198717353e+01
1.989985883233723030e+02 3.817160171896743748e+01 4.841077780738597625e+01
1.990277576864999389e+02 3.808330689744143172e+01 4.847642975877777616e+01
1.988775182830628410e+02 3.797162794337220504e+01 4.842825193193498023e+01
1.985938051188346094e+02 3.745762432271244791e+01 4.818791477914398769e+01
1.983281127733999938e+02 3.702553601414425799e+01 4.796857301170369681e+01
1.979924594261931077e+02 3.679162172565042965e+01 4.782492566227196562e+01
1.976573305670816012e+02 3.668301673709188293e+01 4.772713506837379072e+01
1.979605597641495365e+02 3.676749210095550069e+01 4.786484703135508312e+01
1.985430862740619489e+02 3.702037678548013844e+01 4.805036777612817644e+01
1.984356656134607420e+02 3.709869152909428180e+01 4.802016424090922442e+01
1.983411879655360508e+02 3.719299258526103813e+01 4.803152532981418688e+01
1.983010371329112047e+02 3.730509557103641072e+01 4.806734702078072274e+01
1.983365310188181354e+02 3.739594938689879200e+01 4.811580083833500510e+01
1.984676953400924617e+02 3.766581754581869035e+01 4.825089247571069961e+01
1.987842535138587436e+02 3.789484753892421054e+01 4.839370868070095355e+01
1.986259427039053094e+02 3.797873285368051199e+01 4.836947648474543371e+01
1.987315001628450943e+02 3.810069854200769157e+01 4.845769940064545978e+01
1.990944649586965625e+02 3.830272268537904523e+01 4.864608685353670126e+01
1.992710228786782807e+02 3.852812355924389465e+01 4.860279860926059570e+01
1.993865752196293784e+02 3.866737937831241823e+01 4.856233266080424471e+01
1.994514605301559413e+02 3.880450446449342650e+01 4.855631690924241184e+01
1.994992661396407243e+02 3.890241031888029966e+01 4.858951192998929969e+01
1.996155005266029718e+02 3.901108404075780101e+01 4.859394258547252576e+01
1.996288940068775730e+02 3.939928665389284390e+01 4.865653643288878527e+01
1.994570744561608251e+02 3.964124802788246171e+01 4.866367518113872848e+01
1.993431368194872846e+02 3.960262307493835010e+01 4.856332770777553520e+01
1.992628055460386349e+02 3.938702568722744246e+01 4.841264312391876956e+01
1.992327310179721849e+02 3.928978495988089037e+01 4.834306385642561565e+01
1.988470250104686272e+02 3.880685197169456302e+01 4.798111419882328477e+01
1.982114903075445795e+02 3.826126063251572162e+01 4.754699244144978820e+01
1.975622036536517498e+02 3.791585561350303379e+01 4.726016301428384025e+01
1.972791365826216747e+02 3.775242998718388066e+01 4.710636745466773334e+01
1.973478593272171224e+02 3.779250362700437194e+01 4.714492896147127254e+01
1.979562031291636401e+02 3.733538687341648910e+01 4.748263584876131915e+01
1.982850391885661736e+02 3.708476192893186152e+01 4.767687303581323022e+01
1.984535796312510172e+02 3.690332394330452814e+01 4.782030043862431512e+01
1.987937630328947023e+02 3.685830996400488857e+01 4.797508364316198737e+01
1.988923213250938034e+02 3.680177522301318760e+01 4.806586872570541402e+01
1.988116368681293125e+02 3.698724415343814798e+01 4.809634190702179524e+01
1.986566199703072186e+02 3.706694731009512367e+01 4.808331852923386407e+01
1.986706320504523831e+02 3.721967485967828537e+01 4.816025966390464674e+01
1.987991316338227250e+02 3.736036456152372409e+01 4.820491305763870571e+01
1.989121218081304221e+02 3.748441445556866825e+01 4.829854898676513386e+01
1.989784854137322725e+02 3.766066571920430306e+01 4.839091705051581727e+01
1.990993344499854061e+02 3.787345561519492776e+01 4.851842898896460099e+01
1.992716150426569470e+02 3.804055054331045227e+01 4.861052740661785521e+01
1.993788580540645796e+02 3.819408280144318724e+01 4.871199681923348379e+01
1.992468234632287363e+02 3.824367864952775165e+01 4.871987894476379211e+01
1.992198768298924278e+02 3.846380820654679411e+01 4.873346487833145346e+01
1.992621784866826431e+02 3.869090097749354129e+01 4.880879976821010047e+01
1.992659450725612373e+02 3.886008962824791269e+01 4.879765651105443425e+01
1.991384659146184219e+02 3.876099521616099963e+01 4.865434965591042982e+01
1.986535312006970742e+02 3.830838313855367971e+01 4.823771999949243394e+01
1.981963869537815981e+02 3.821428405260108008e+01 4.792805313402785572e+01
1.977904659484563581e+02 3.822783086104872297e+01 4.769229679258610588e+01
1.976435923627765590e+02 3.832590484770811656e+01 4.765087703714983292e+01
1.979428456017020608e+02 3.858517644371693223e+01 4.772300049487989781e+01
1.982174711637291011e+02 3.871893148239792737e+01 4.784352912812313718e+01
1.983411657593868540e+02 3.873992581031296112e+01 4.794701084083055065e+01
1.982112227763185217e+02 3.868434804860820009e+01 4.797226769195629714e+01
1.980691256275880789e+02 3.866151272518092696e+01 4.792780252177259825e+01
1.980760444292173759e+02 3.869791494833368972e+01 4.797473151708181405e+01
1.979301574310234741e+02 3.845571776618828608e+01 4.780357920827675855e+01
1.978467976617982345e+02 3.821751557602750893e+01 4.759225386069765307e+01
1.976794309727139307e+02 3.808945588589845954e+01 4.741636846980598108e+01
1.978195919567212684e+02 3.809472720274425939e+01 4.738308885420499905e+01
1.980726532330038481e+02 3.811417767457205485e+01 4.743443581576932644e+01
1.980199072840399026e+02 3.812108167210188725e+01 4.740818391767228945e+01
1.978928352388324186e+02 3.795092335283244722e+01 4.754594240782333259e+01
1.980246763189395267e+02 3.788819944082801783e+01 4.780988575464954238e+01
1.980989580028846717e+02 3.785745872828555747e+01 4.793360678619919213e+01
1.979627613452273636e+02 3.778596973196120246e+01 4.797543788411351073e+01
1.978715162781647905e+02 3.773537037741994027e+01 4.794528827811404170e+01
1.979863411033706768e+02 3.723933470376996979e+01 4.800548703372373893e+01
1.981095387042606148e+02 3.694533903502649963e+01 4.807600213179032522e+01
1.977785602801781693e+02 3.641705157325279885e+01 4.787102880031807928e+01
1.970982600953383894e+02 3.582716531103412905e+01 4.742873623747467349e+01
1.969328359155912551e+02 3.563269548813345722e+01 4.726285207320838566e+01
1.969186186929249232e+02 3.568840754416908823e+01 4.740587765046252144e+01
1.970680290667918655e+02 3.587453102727761234e+01 4.760763743491483524e+01
1.968938958468156386e+02 3.595221342435739587e+01 4.765929528256796033e+01
1.969910879321210757e+02 3.607639972760456715e+01 4.774439453348053064e+01
1.971538304549934253e+02 3.620589330051053167e+01 4.788274095786753293e+01
1.972515237648093773e+02 3.626496482968941137e+01 4.792938761785120505e+01
1.975939817105925442e+02 3.637044932556752741e+01 4.806950630443149919e+01
1.976738519420863724e+02 3.639034286294364762e+01 4.811809653118800867e+01
1.975358026571243784e+02 3.636873733720777579e+01 4.806744747716996358e+01
1.975779805939404810e+02 3.642068915197888401e+01 4.812062274501842296e+01
1.975023950918065623e+02 3.661496229184378848e+01 4.810447147250032884e+01
1.976263413571552405e+02 3.681581373905025600e+01 4.813017879122413234e+01
1.979972665287770610e+02 3.706658672452955017e+01 4.825031934557421209e+01
1.981522929435202514e+02 3.716185321946866082e+01 4.829658955845715695e+01
1.981764838994843956e+02 3.720670964085254440e+01 4.833974773814508552e+01
1.980143356554620766e+02 3.729666675126151887e+01 4.826014503787734355e+01
1.979717960756447326e+02 3.741553521049314668e+01 4.821664107672330601e+01
1.980222061491999455e+02 3.753232792349241720e+01 4.824001569234543751e+01
1.979956444224497716e+02 3.760629872134877871e+01 4.823502565338950632e+01
1.981308566074925750e+02 3.775792653782870190e+01 4.830395988512018590e+01
1.983282935949006287e+02 3.796221147867575496e+01 4.839836456998320813e+01
1.981033801988824905e+02 3.780834295599798622e+01 4.823210395861620015e+01
1.977101663980780017e+02 3.747083063687235693e+01 4.796418888339022146e+01
1.973637737341437628e+02 3.714527368550171360e+01 4.767390798617719838e+01
1.969162711857237866e+02 3.655610119236446565e+01 4.715696680920899553e+01
1.965755368600927966e+02 3.580860520004568315e+01 4.697335262096006403e+01
1.964728038118441305e+02 3.548977459701126236e+01 4.696585751688724741e+01
1.962165649413546191e+02 3.524947868421163832e+01 4.692643631487896272e+01
1.957793184615579776e+02 3.509081892048507001e+01 4.683599489893029499e+01
1.956994662064706745e+02 3.509464578019719028e+01 4.688445611853430961e+01
1.958724711425803946e+02 3.518989535616548636e+01 4.706247224231349691e+01
1.960032632464967151e+02 3.528006712601672490e+01 4.716208585531742159e+01
1.962877250751836868e+02 3.539707344102258446e+01 4.729962016910511124e+01
1.965320297266317198e+02 3.554007786956319137e+01 4.739564907516675873e+01
1.969471715710533317e+02 3.564842484381674836e+01 4.753563875459455801e+01
1.968952123542324841e+02 3.562310983372881168e+01 4.756043350632980804e+01
1.966198286108256070e+02 3.556036265813950337e+01 4.740837954327238180e+01
1.965754490929316773e+02 3.562772025327699055e+01 4.733804209439939825e+01
1.965861091019833395e+02 3.564870717914229203e+01 4.729179937484402529e+01
1.965776591334949046e+02 3.567172438150587510e+01 4.728335998071237611e+01
1.965891883546723875e+02 3.565068564129244066e+01 4.738654032425207419e+01
1.968471476730070435e+02 3.573824448758782069e+01 4.758553914415386288e+01
1.970810936845711581e+02 3.580946489525042153e+01 4.772504663291331894e+01
1.970706842877747818e+02 3.584216715097220884e+01 4.780816319193303343e+01
1.968036130462184019e+02 3.583342638767283717e+01 4.776560775058053565e+01
1.966481541402836513e+02 3.589961551638813830e+01 4.769287838220800779e+01
1.967306647886609028e+02 3.601153873809855810e+01 4.768290887865290983e+01
1.969594811797598481e+02 3.614230017638026737e+01 4.776158632270399096e+01
1.969762785454760774e+02 3.620768671141734529e+01 4.780361516108975195e+01
1.968210448733403553e+02 3.621875171833297458e+01 4.778859957448788265e+01
1.966986932209913732e+02 3.638629288430384889e+01 4.776004352405243480e+01
1.966724603567365079e+02 3.650128478434656643e+01 4.774391128537651241e+01
1.964287669031092776e+02 3.645756510631458269e+01 4.760832899784706029e+01
1.957052271160345356e+02 3.601166457294402790e+01 4.719348535028613867e+01
1.952339883089911723e+02 3.574441673962972743e+01 4.687798461219603752e+01
1.950203968767579852e+02 3.558136756041130155e+01 4.660065307227361586e+01
1.951699500044412332e+02 3.560327657018623881e+01 4.656539076477977801e+01
1.953407226938385293e+02 3.563231163898299769e+01 4.660385181519408349e+01
1.953172634833622965e+02 3.565208568612771245e+01 4.660781508410843088e+01
1.954406165272966405e+02 3.568521514586267784e+01 4.665739612809353076e+01
1.956743457645471551e+02 3.556023893816539072e+01 4.667614234776098669e+01
1.957720559933339359e+02 3.541141438366304328e+01 4.670424264342000242e+01
1.957573386035927570e+02 3.531418951785163074e+01 4.667617195595991575e+01
1.957545226523870667e+02 3.528621928678078490e+01 4.666457082915646026e+01
1.956243565503910418e+02 3.522683052689905026e+01 4.664112113560132400e+01
1.955905968589930808e+02 3.503048058336611348e+01 4.676331840234158221e+01
1.956308809285131076e+02 3.491974909166275154e+01 4.686683078068361397e+01
1.955713726783999675e+02 3.484484669297566484e+01 4.690276455983182302e+01
1.957388176177243224e+02 3.486513042411630181e+01 4.701149326836448239e+01
1.958972690666226697e+02 3.486865485722503166e+01 4.709345299275445029e+01
1.960595727536893946e+02 3.481090723751274396e+01 4.721545886363732336e+01
1.958364876639554097e+02 3.465900660262835942e+01 4.715631965857517116e+01
1.958826616501918068e+02 3.464650454062879703e+01 4.719933402701114034e+01
1.959509180656540650e+02 3.464968847944979302e+01 4.725144551456934749e+01
1.961495224620486226e+02 3.469407751426480502e+01 4.731793812732371407e+01
1.961875531361427250e+02 3.458214794794032798e+01 4.733356808405344651e+01
1.959086618785979113e+02 3.440189852001302739e+01 4.720099948820113411e+01
1.951666634943596250e+02 3.401319468236746957e+01 4.684273710880167130e+01
1.946764553487211344e+02 3.360783834769330980e+01 4.646220196175466555e+01
1.943008584262819340e+02 3.346171342647226510e+01 4.628300785463220279e+01
1.941585624796443597e+02 3.356333828213229964e+01 4.623771048257134453e+01
1.942974418516121773e+02 3.372235757398877354e+01 4.626646850322094906e+01
1.946072250350011075e+02 3.392993536953147071e+01 4.642838728370153234e+01
1.950185474217603314e+02 3.412022091946146674e+01 4.660458673298903420e+01
1.951089507700246486e+02 3.425393048840839327e+01 4.671467953354397196e+01
1.949346250967553544e+02 3.428072167870028153e+01 4.683324662360788437e+01
1.948383688420233284e+02 3.434925937205240132e+01 4.692005786288019920e+01
1.949524439453348066e+02 3.445589224307485665e+01 4.708291564624123993e+01
1.949657189928136631e+02 3.452933009335042414e+01 4.715098912533150610e+01
1.950075765266198857e+02 3.462228503390138457e+01 4.723296259638526351e+01
1.952054269713773351e+02 3.494696642853214996e+01 4.710802868611502703e+01
1.953015637358779486e+02 3.521738445400366402e+01 4.702580037306330496e+01
1.956305224578188984e+02 3.547777058721518273e+01 4.706290473350506431e+01
1.956876483053535765e+02 3.559450831355928813e+01 4.703953223275428286e+01
1.956434686428024463e+02 3.567590230986249367e+01 4.702841964123322072e+01
1.956106965963260507e+02 3.578816285355361515e+01 4.702537211161445185e+01
1.956444171626039861e+02 3.579447257223343115e+01 4.693663422454012135e+01
1.956870053844624522e+02 3.555645226100896394e+01 4.681606117899848130e+01
1.957091279962439785e+02 3.536205011399156461e+01 4.670122366456448759e+01
1.949174586859881231e+02 3.495913116855101777e+01 4.629682430917727487e+01
1.943098413423511488e+02 3.430307163915219348e+01 4.603107274734477983e+01
1.940019245329306727e+02 3.392171909432749288e+01 4.589286907677406191e+01
1.937791619610779037e+02 3.372017502675312528e+01 4.589587536640146226e+01
1.936080033076588052e+02 3.362466532160848942e+01 4.588923995753338403e+01
1.936971176418338416e+02 3.366311685510170548e+01 4.595841739946958882e+01
1.943362476260569167e+02 3.376623903967921336e+01 4.622911881770232156e+01
1.946107959952796023e+02 3.378688229894975592e+01 4.632436733623493552e+01
1.945885380317315310e+02 3.379493149931689544e+01 4.639793419366299787e+01
1.943924112071262584e+02 3.375491073128021924e+01 4.636400425512115930e+01
1.941553669090309313e+02 3.373235457087145051e+01 4.632029832375296508e+01
1.942984157498699460e+02 3.376243227124493984e+01 4.639175453957135886e+01
1.944797818298712855e+02 3.382450797517986985e+01 4.644518676428912585e+01
1.943759479910837058e+02 3.379726314498289241e+01 4.643774876174282440e+01
1.942641421447333414e+02 3.381487896591250575e+01 4.642063310788804387e+01
1.944438364189306299e+02 3.395818687849217810e+01 4.651850935407599508e+01
1.944795354473587281e+02 3.398224459756112736e+01 4.656868573434677927e+01
1.945974860524234202e+02 3.405194547015705098e+01 4.669173846654908289e+01
1.947134624250806780e+02 3.415344026122890853e+01 4.677288079316134883e+01
1.948490087597971296e+02 3.427050473519695828e+01 4.685029988875776752e+01
1.947769794138422697e+02 3.433099005587489927e+01 4.688528409066876179e+01
1.948179053468177528e+02 3.455108788982366264e+01 4.680395671281316083e+01
1.946143056242888747e+02 3.456888241738255374e+01 4.657469831360158707e+01
1.939163716421130061e+02 3.422236920578121300e+01 4.610671112126249227e+01
1.934670323279235049e+02 3.394727519974959762e+01 4.577596533302879322e+01
1.932996666962748691e+02 3.388244276100684971e+01 4.565348467352730921e+01
1.931882785370166005e+02 3.409305433950452624e+01 4.546745001501558647e+01
1.927763153442376165e+02 3.419672004601959969e+01 4.530497925311203034e+01
1.926848630197825116e+02 3.434206669458296801e+01 4.529789231921022008e+01
1.934889624864119639e+02 3.470350138101099446e+01 4.556345460005668002e+01
1.938037251344000822e+02 3.486083194809259567e+01 4.567980319007195078e+01
1.933296344233380353e+02 3.500819512649045606e+01 4.564006898710351123e+01
1.929946620647066027e+02 3.513238354460898449e+01 4.567743241928593534e+01
1.930404564315352616e+02 3.526117180791892736e+01 4.574531450251880926e+01
1.931573453711810657e+02 3.533141303014537726e+01 4.577615461401482833e+01
1.927761937391348397e+02 3.500173102220191623e+01 4.554707174912550016e+01
1.923259904999978858e+02 3.469562242778771832e+01 4.513109453051971087e+01
1.923670168893626169e+02 3.461029371333341942e+01 4.498015404722930555e+01
1.925810260086878998e+02 3.457375931072112962e+01 4.494651278862706789e+01
1.927258851794045427e+02 3.454230694396859747e+01 4.493755736588543215e+01
1.924071920430080240e+02 3.443250916796731076e+01 4.481301470681538746e+01
1.920488017138917485e+02 3.391304283460436864e+01 4.497959677862795758e+01
1.918608541542417925e+02 3.360298048819690564e+01 4.519397071326151405e+01
1.920716729901320150e+02 3.354917604612111148e+01 4.540208462869203743e+01
1.924998826246399517e+02 3.360145460851616406e+01 4.560573510813337350e+01
1.928140594532634680e+02 3.357900947885340059e+01 4.570663562035521466e+01
1.922060476861192626e+02 3.348073986659391466e+01 4.536291192406766015e+01
1.913452453462255960e+02 3.321721420685979353e+01 4.485604493678649618e+01
1.912932967037615128e+02 3.314415914829901055e+01 4.474591089624018281e+01
1.919332218796130576e+02 3.326654675346098600e+01 4.487039751121939446e+01
1.917226885513554180e+02 3.324614987670300081e+01 4.481579787751510935e+01
1.914004572351863942e+02 3.312738504616763890e+01 4.475950740416460150e+01
1.916289024663629732e+02 3.315963366198434414e+01 4.484285977134010892e+01
1.918051780510191691e+02 3.315764991265581330e+01 4.490512158395404896e+01
1.915505591719855545e+02 3.308762440730730248e+01 4.488397075555894133e+01
1.911702418566878521e+02 3.305049572584499629e+01 4.483120683018852048e+01
1.916097195257612498e+02 3.308389060193468367e+01 4.490645078059901607e+01
1.918059721852119708e+02 3.312840229928813329e+01 4.492100003806768171e+01
1.916891456342710569e+02 3.311685510170416080e+01 4.491712030657175347e+01
1.918002207925691778e+02 3.321021715499045968e+01 4.494983207921462309e+01
1.920841655352105022e+02 3.331051704374822720e+01 4.506601782413575563e+01
1.923770128288096259e+02 3.356602416874981287e+01 4.518360572876351711e+01
1.921689052579931456e+02 3.363043997783614714e+01 4.517682227890077229e+01
1.917592864001082944e+02 3.370538467395028448e+01 4.508899484394364521e+01
1.922801453762567689e+02 3.396820079434567674e+01 4.532119397177069686e+01
1.930139179683699808e+02 3.425203450624098878e+01 4.560208166787214168e+01
1.929420578121232950e+02 3.474011932104170342e+01 4.556780594786419414e+01
1.926994852403128391e+02 3.500627270843114758e+01 4.546882045165192920e+01
1.925305345125856036e+02 3.515146285651443492e+01 4.540903938313432064e+01
1.920105658972764786e+02 3.499950617753921733e+01 4.517327986938554574e+01
1.915092557344736690e+02 3.465987687218986224e+01 4.477925713028876231e+01
1.915243157333739248e+02 3.473752860363504169e+01 4.461635493462932800e+01
1.913628040656286942e+02 3.479999132902745629e+01 4.452793427825785244e+01
1.913120556126570762e+02 3.485786689845656383e+01 4.448562521941790493e+01
1.912131547112988983e+02 3.471786981697903229e+01 4.436751282669474961e+01
1.911969579690467356e+02 3.451150067041422176e+01 4.427529280393873989e+01
1.913867983385570710e+02 3.440527808443412283e+01 4.433818379078000760e+01
1.913497764580980629e+02 3.437821407573777321e+01 4.437729727900651966e+01
1.913303989493319079e+02 3.440365597810685472e+01 4.448109622241678807e+01
1.918099989002668906e+02 3.453331451097830040e+01 4.467536513253898534e+01
1.924486043963945576e+02 3.468389229383176797e+01 4.488207371595586181e+01
1.923410621306906023e+02 3.457627495019477948e+01 4.494537393040381090e+01
1.918218284331764210e+02 3.440524636136383663e+01 4.488946730620376258e+01
1.918622034421645992e+02 3.437141582177556387e+01 4.499633598538201085e+01
1.918991618764830491e+02 3.437394943765571043e+01 4.502523993215492482e+01
1.919315775671365998e+02 3.439703537333824102e+01 4.507964499769479261e+01
1.918161870138439440e+02 3.445100900512221642e+01 4.503810363715574994e+01
1.920209171351106647e+02 3.457792454984963371e+01 4.510505729186493795e+01
1.924254306935509078e+02 3.470101006255789144e+01 4.521004373553956412e+01
1.927065541978081455e+02 3.479693533992327303e+01 4.528352599811353230e+01
1.925393418943325798e+02 3.476566696697840086e+01 4.521097110662758212e+01
1.922759663904644754e+02 3.457564683340312683e+01 4.515680184924350726e+01
1.919467993536953259e+02 3.418047994890471131e+01 4.491848968577241408e+01
1.919958379331785352e+02 3.397239669910879201e+01 4.477663046006911429e+01
1.921802716340764903e+02 3.398592447371426317e+01 4.480544875455225906e+01
1.920306910130656775e+02 3.398035178770075504e+01 4.479251208648977922e+01
1.917752293577981675e+02 3.374953578573815349e+01 4.477968116199491533e+01
1.923140615681348038e+02 3.374713223444617682e+01 4.502388324218237869e+01
1.929520294305497430e+02 3.389179154982002729e+01 4.528961894247972708e+01
1.926847678505716601e+02 3.391834375964909754e+01 4.532575892158480002e+01
1.923774749282001153e+02 3.393017117768726365e+01 4.533252122273402307e+01
1.925886120522288536e+02 3.439904873086570092e+01 4.539780624394617803e+01
1.928481955917621633e+02 3.474198463757449673e+01 4.550384695098997412e+01
1.928228076186125577e+02 3.494139374251864183e+01 4.546816907127539764e+01
1.925245166461524207e+02 3.498846020446575977e+01 4.535311478252777562e+01
1.925549993443898700e+02 3.511753186053692133e+01 4.539042640036206677e+01
1.927527017481526457e+02 3.542001556545315566e+01 4.550575139264278590e+01
1.929945816995952157e+02 3.562160404532592395e+01 4.557976343049052304e+01
1.927948109516498221e+02 3.570902119524069462e+01 4.559343395891227857e+01
1.924672491022371048e+02 3.578490912397798951e+01 4.551628873915599627e+01
1.926444414836245471e+02 3.595458102283637913e+01 4.562205239805262380e+01
1.932025750673586515e+02 3.638774474348725363e+01 4.580251648542218845e+01
1.932009180656540650e+02 3.653587667762170099e+01 4.574815583218072845e+01
1.923770731026431804e+02 3.600561075369785158e+01 4.523262633184023684e+01
1.914808868501528991e+02 3.520853583226532635e+01 4.456090300777003677e+01
1.914030162295227626e+02 3.493732473003667138e+01 4.439001400044835322e+01
1.915906782815401357e+02 3.445963662280423279e+01 4.438826605927561531e+01
1.919096199153205475e+02 3.427175885390891352e+01 4.448530375897234279e+01
1.923732451854953638e+02 3.425406478273926325e+01 4.470228321511202552e+01
1.926388402468477921e+02 3.415033245777659232e+01 4.481004331256529838e+01
1.926665746697628379e+02 3.415542083825040720e+01 4.484297714670016433e+01
1.925370113061022437e+02 3.402892086574373565e+01 4.504605661087636292e+01
1.923026296310395367e+02 3.394713879054737049e+01 4.511969960367310506e+01
1.921647125255370838e+02 3.389929617081392621e+01 4.513613955613080009e+01
1.920404077894941679e+02 3.384130111115340611e+01 4.512423706015962921e+01
1.922591965180758109e+02 3.386895622639274706e+01 4.523443348941083997e+01
1.922748888635104265e+02 3.372931655817376395e+01 4.520860245071292383e+01
1.922957721606794621e+02 3.368038477969385269e+01 4.518245946849053496e+01
1.922929382330672752e+02 3.367102647395958570e+01 4.519398551736097858e+01
1.924376969473946986e+02 3.375251352460229981e+01 4.525912778475685627e+01
1.923471127776297465e+02 3.378893689646858434e+01 4.529499388802179283e+01
1.924300125623358326e+02 3.397518621442257825e+01 4.530908844814970138e+01
1.925699610017722705e+02 3.416886084569475912e+01 4.537372526129235695e+01
1.923145152080398930e+02 3.426836871513106075e+01 4.533321172823057310e+01
1.924987765469226417e+02 3.444042301656790528e+01 4.542410995639135507e+01
1.927558158962190191e+02 3.458701320948646440e+01 4.553878674060256770e+01
1.925526497223173976e+02 3.455733099005587405e+01 4.540712648199610157e+01
1.916325442748317585e+02 3.415230669018403376e+01 4.494643030864432376e+01
1.908467405602717122e+02 3.390309553719847457e+01 4.461315407683750323e+01
1.907941870646008624e+02 3.390133490679762218e+01 4.455443150143176467e+01
1.908086221190164906e+02 3.395722355459117381e+01 4.457962067667423867e+01
1.906982120877586908e+02 3.441706637735226337e+01 4.446604891274463967e+01
1.908394294500065484e+02 3.475825540032399630e+01 4.447918649358559406e+01
1.909283460437101496e+02 3.502878551397718354e+01 4.452006907169836580e+01
1.909229002499778005e+02 3.521451457357849080e+01 4.455864855490840171e+01
1.910676198391851699e+02 3.538943981287618357e+01 4.464312920595040168e+01
1.910543648829841743e+02 3.543247744489702455e+01 4.471022667191154909e+01
1.914605164092868108e+02 3.556906429631885658e+01 4.488868163149635393e+01
1.917252211097998895e+02 3.565217133841748165e+01 4.497180876487283285e+01
1.914870157473320944e+02 3.562070945474386718e+01 4.493417568659298666e+01
1.912625422445552772e+02 3.558019274937505827e+01 4.487699696727447929e+01
1.911727500941117626e+02 3.527068555669758609e+01 4.466457717377051750e+01
1.914488222281438539e+02 3.495084404515673526e+01 4.456114304566852979e+01
1.917982158945271465e+02 3.487717038672537484e+01 4.459087813688293522e+01
1.917254748943621792e+02 3.480929147579952598e+01 4.452631322936625935e+01
1.915853636098316031e+02 3.475604853206779410e+01 4.448599532190456785e+01
1.917895523240321154e+02 3.478888613955613351e+01 4.471182868696097046e+01
1.918097683792894941e+02 3.475126892281142688e+01 4.482751426480727019e+01
1.915430450340705875e+02 3.465482127222200859e+01 4.481609395950444252e+01
1.915434997314113446e+02 3.466802441407489255e+01 4.489339779461215585e+01
1.917029895821437151e+02 3.467073567914863474e+01 4.494701507057325784e+01
1.918207530210937364e+02 3.461926711248154476e+01 4.494398551736097858e+01
1.918747826969685377e+02 3.459280055494224371e+01 4.493618058463503928e+01
1.918111567923323264e+02 3.452261220449960177e+01 4.486760165129155098e+01
1.916396851379530517e+02 3.440307756079197787e+01 4.481242994488645337e+01
1.912333073204156904e+02 3.406634562919537501e+01 4.444680252600234382e+01
1.907140175788106831e+02 3.341617284420588874e+01 4.400844996848841362e+01
1.904452777037572844e+02 3.314034392037932264e+01 4.381251665461189759e+01
1.902451495425533210e+02 3.302084840179171721e+01 4.376435257443289828e+01
1.902975930649138547e+02 3.306135770511080096e+01 4.380484601621683538e+01
1.904358104821483835e+02 3.316230897424510005e+01 4.392485544854306312e+01
1.906481922079679805e+02 3.340931008666742486e+01 4.409460242533446461e+01
1.907754196962198705e+02 3.365671831182509521e+01 4.425373380537261880e+01
1.909374981494875669e+02 3.388416849603038372e+01 4.443786930940991198e+01
1.908385063086612377e+02 3.400790433167950511e+01 4.445065370673501803e+01
1.907646137610449273e+02 3.408072992669855950e+01 4.450847428950896756e+01
1.908873080225529861e+02 3.405360352929731249e+01 4.455981384902356268e+01
1.912533425541724341e+02 3.412473299749176192e+01 4.469076879803401425e+01
1.915111559463837807e+02 3.420019583708722877e+01 4.478497468498991196e+01
1.919435710025759079e+02 3.434015802318744903e+01 4.497972472834477742e+01
1.924398731500162967e+02 3.455676737684046884e+01 4.516033685670900866e+01
1.924370635434246424e+02 3.516144610673332949e+01 4.513133562585387892e+01
1.919142789769098272e+02 3.542769254846227511e+01 4.490706620816255423e+01
1.911926045063678714e+02 3.553525596287978061e+01 4.472152431467593914e+01
1.914430761226794573e+02 3.582022747556266040e+01 4.482555906624200048e+01
1.918494613422665509e+02 3.609524323135423884e+01 4.498210184374484299e+01
1.918376032585937878e+02 3.622326802610596985e+01 4.504647535540413372e+01
1.916113458618312109e+02 3.632229899205231050e+01 4.502468372098925187e+01
1.915129208065273474e+02 3.643248273207540677e+01 4.504647535540413372e+01
1.917106052338836264e+02 3.656609395950444252e+01 4.516893486619208886e+01
1.919215076071922681e+02 3.661875002643589028e+01 4.520667263060388308e+01
1.917616444816661669e+02 3.633185821056505205e+01 4.510332415479166457e+01
1.914289001400044867e+02 3.607671484343607204e+01 4.496335139433467987e+01
1.915691710973221404e+02 3.606711227006061193e+01 4.499792319633196769e+01
1.918901408927295051e+02 3.606245849564970740e+01 4.507658372141222713e+01
1.915995575689130703e+02 3.589576539309113912e+01 4.493505018589718958e+01
1.908008912067878953e+02 3.477320965565664324e+01 4.438571023724626485e+01
1.904079671433586611e+02 3.406249867820540800e+01 4.403100824376853240e+01
1.904441388455340132e+02 3.379448314659019559e+01 4.396463512124557127e+01
1.905364899903138962e+02 3.368632333845132365e+01 4.399184611350091245e+01
1.905500939002880330e+02 3.364622643504595345e+01 4.401514988093274638e+01
1.903191457188659115e+02 3.356720638183579553e+01 4.407809373955782206e+01
1.902043008023821926e+02 3.352329425051074452e+01 4.413247554151281093e+01
1.899809302050156248e+02 3.350942069443915727e+01 4.415299613824490876e+01
1.902639930463029998e+02 3.362767266867156479e+01 4.430495916183418359e+01
1.904357332893440002e+02 3.372229730015523330e+01 4.439393920167836427e+01
1.905362848477927002e+02 3.384464578019719028e+01 4.445783580984768690e+01
1.906747084649840644e+02 3.394962270695073414e+01 4.452817960333472769e+01
1.909200462310877526e+02 3.408541648161542525e+01 4.465779055160074762e+01
1.911074819918704293e+02 3.422427364743402478e+01 4.476058916086134332e+01
1.914386222036113452e+02 3.438467289284793083e+01 4.490712965430312664e+01
1.916714653097652103e+02 3.458970121097533479e+01 4.497084861327885363e+01
1.912754757403107249e+02 3.460593284860481589e+01 4.483042115548111184e+01
1.915178812372843424e+02 3.480979058543869087e+01 4.493751718332973866e+01
1.917867152241129247e+02 3.495243654328507432e+01 4.504735091214401166e+01
1.919549902504430747e+02 3.506663536657065094e+01 4.512734063386923822e+01
1.915545435896134450e+02 3.550754586098527454e+01 4.513525659734118278e+01
1.916776460212925315e+02 3.593408368968915312e+01 4.522570858764661494e+01
1.918817258196183957e+02 3.623222450628328062e+01 4.532133461071563119e+01
1.921542206487579278e+02 3.645635857220805320e+01 4.542620896620858417e+01
1.918031520042635805e+02 3.637517817791143671e+01 4.526144885606608881e+01
1.910818878187639882e+02 3.583274328422601940e+01 4.475971677642849045e+01
1.906793855029798408e+02 3.552949928305861249e+01 4.439519332039031951e+01
1.906106828496622541e+02 3.552623815143324748e+01 4.429121144060806614e+01
1.910247683158433460e+02 3.566422399025467627e+01 4.439686724106572768e+01
1.910461972498212901e+02 3.570817736157109579e+01 4.440849268888973711e+01
1.911110275736926951e+02 3.567978204135842191e+01 4.444669995474175295e+01
1.914035724406884356e+02 3.579536081820143067e+01 4.461704861243290310e+01
1.916783915134442395e+02 3.592472326908354319e+01 4.476539309113826448e+01
1.916764468892357343e+02 3.572646888389779463e+01 4.468867084565246017e+01
1.916966534275719880e+02 3.544479022591055895e+01 4.459603419324002260e+01
1.916269768759966325e+02 3.544287415246530770e+01 4.448898257768979647e+01
1.913902096260484598e+02 3.543569310678831386e+01 4.436131096645391381e+01
1.910863153019401750e+02 3.542031376231383888e+01 4.424370297054829848e+01
1.909166169671898956e+02 3.538238777435168458e+01 4.416631031084379089e+01
1.910278993828805483e+02 3.544132395176401218e+01 4.418781855249745405e+01
1.911693409214917381e+02 3.531123715744371339e+01 4.438024646710740484e+01
1.910843104038981437e+02 3.519788745500611071e+01 4.446147656088080424e+01
1.909702765405780269e+02 3.515914089695923650e+01 4.448852893778471440e+01
1.911774726018416288e+02 3.517655686254605030e+01 4.462023678099661339e+01
1.915722482351398526e+02 3.526257396762554919e+01 4.475756912457015346e+01
1.919281387863176178e+02 3.529499177315044278e+01 4.482175018293636981e+01
1.919411240964212197e+02 3.529405277026998533e+01 4.479747991929650652e+01
1.921134469865198184e+02 3.530863692311596935e+01 4.482430071778733804e+01
1.916585793986151884e+02 3.495365047944133607e+01 4.451359862279577584e+01
1.911074989108412581e+02 3.463879583454938427e+01 4.418497616539985984e+01
1.909219358686410999e+02 3.441225293015425990e+01 4.408815418258107144e+01
1.904796707991253015e+02 3.423132568595852376e+01 4.399412171507606928e+01
1.900056382470254448e+02 3.415229294352024425e+01 4.391517145262053390e+01
1.903971538061339857e+02 3.429987712597442595e+01 4.406381835792928570e+01
1.909179408766564734e+02 3.448505737645979252e+01 4.431001370436636222e+01
1.909452840483713487e+02 3.465441627435802729e+01 4.435025336158801679e+01
1.910189270411680980e+02 3.482066525393260292e+01 4.440800415360733666e+01
1.914332250519200898e+02 3.505371350260763563e+01 4.455166947944556455e+01
1.916707557704264957e+02 3.519815498623218986e+01 4.468031604637489806e+01
1.919848458893245606e+02 3.534182031207041774e+01 4.482068851751748184e+01
1.919368319650115779e+02 3.545821754412678928e+01 4.478288624952944019e+01
1.913790272437727538e+02 3.540681453847162174e+01 4.461014461490307781e+01
1.912291040136028641e+02 3.545084933233511748e+01 4.459242199297016640e+01
1.910992043853972291e+02 3.554522546643487857e+01 4.460918129100206642e+01
1.911227355014994487e+02 3.565541766594338213e+01 4.466394271236480762e+01
1.914608442143464515e+02 3.584298349131422157e+01 4.476325601363669193e+01
1.915220041789857817e+02 3.595188033211939427e+01 4.481247858692755415e+01
1.915244003282280403e+02 3.601498386353158310e+01 4.482777756629064214e+01
1.914962598500133311e+02 3.608343378972256943e+01 4.486495383235838119e+01
1.914874545831377191e+02 3.587723171799459720e+01 4.477173030314565949e+01
1.914117263271875231e+02 3.582207270081760697e+01 4.459323410356947903e+01
1.909963677084522828e+02 3.558587752357023959e+01 4.425914258885632080e+01
1.900053686009279943e+02 3.510567271942847611e+01 4.371854657581179282e+01
1.898563685121034155e+02 3.487881152689482178e+01 4.350902098375355820e+01
1.899913575782185262e+02 3.480939404706011686e+01 4.347937683200731129e+01
1.899938013120661822e+02 3.458472068894049301e+01 4.354993422750094112e+01
1.898239464768358005e+02 3.442946058091285977e+01 4.355764610588737895e+01
1.897431171511836965e+02 3.433309752517754276e+01 4.357992733302032917e+01
1.900026308999623552e+02 3.435449790839223283e+01 4.372044890259325456e+01
1.901429885670054603e+02 3.439878542938232897e+01 4.379909885331674957e+01
1.900823150227771521e+02 3.431266575304223920e+01 4.382127962406046606e+01
1.898838491504561716e+02 3.425289314401005214e+01 4.377896739291348638e+01
1.900092800554942301e+02 3.429013920083241374e+01 4.384461617199825412e+01
1.900364624969863030e+02 3.428977227065277589e+01 4.388656147296559595e+01
1.902638735560715872e+02 3.437868886435638416e+01 4.398806049378016070e+01
1.905554572140376592e+02 3.435053146717085326e+01 4.412405200891629420e+01
1.908441191772304535e+02 3.432524077810347052e+01 4.426859606380143930e+01
1.909983630895732745e+02 3.433359240507400045e+01 4.433291670367691495e+01
1.912100595970747179e+02 3.440529606084061953e+01 4.444330875852821805e+01
1.911480071567246455e+02 3.443188739578971536e+01 4.451226096666539433e+01
1.910210482571345096e+02 3.446472288840669762e+01 4.449018065231091867e+01
1.912597231210425548e+02 3.468565715397532045e+01 4.459206246484026082e+01
1.912840547159516404e+02 3.483356173943938927e+01 4.465267996497772884e+01
1.914566430224049611e+02 3.496275711548466347e+01 4.473662132382487044e+01
1.914193483235414703e+02 3.501557919981727451e+01 4.474062900503762563e+01
1.906000841718798142e+02 3.484428307976025962e+01 4.442877113285199187e+01
1.899842272894539690e+02 3.462871212794125597e+01 4.412244682155984776e+01
1.901148470313550831e+02 3.468034036739545201e+01 4.408866915375537587e+01
1.903714760956090970e+02 3.479307464226950941e+01 4.415886490624775007e+01
1.902295037242884632e+02 3.482302650779752895e+01 4.414179049238434516e+01
1.902187844988389429e+02 3.503917164718870225e+01 4.397666979667626919e+01
1.905887051065683693e+02 3.532816987492650895e+01 4.401661231447290845e+01
1.907252158226215215e+02 3.553884701443611505e+01 4.407519107862668761e+01
1.909399640894844481e+02 3.570131989121101412e+01 4.411515051539414856e+01
1.907746319066411331e+02 3.570915443213589668e+01 4.406518456482292123e+01
1.904586394609615922e+02 3.542188405429297404e+01 4.403348687299351383e+01
1.903276623058019368e+02 3.502615144170780326e+01 4.400222167235567383e+01
1.902775187060371138e+02 3.480679804247507292e+01 4.397435189767406172e+01
1.901453984629114871e+02 3.467776762639528698e+01 4.394633831174049732e+01
1.897833398894345294e+02 3.454397769233697346e+01 4.384647725878834734e+01
1.899361901015561216e+02 3.443514429767237317e+01 4.382495844277792685e+01
1.900562693246369861e+02 3.437089873572990228e+01 4.384685264845339248e+01
1.901386900909817541e+02 3.431085119342190382e+01 4.385186489355852757e+01
1.901470945897360991e+02 3.425858320538361568e+01 4.385629660647742867e+01
1.904126166880268727e+02 3.432030043862431512e+01 4.393114401850935735e+01
1.906761042800766290e+02 3.430551748787121369e+01 4.407080589287753725e+01
1.907191799797818419e+02 3.417192740915569971e+01 4.413775954758671816e+01
1.902736051365995422e+02 3.386758367488505428e+01 4.392566015709264349e+01
1.898840426611849068e+02 3.353831089454828174e+01 4.362965959030712071e+01
1.897682936371980418e+02 3.335750525545530820e+01 4.347255954420292312e+01
1.896804651448052539e+02 3.328312734486361535e+01 4.339369070429445685e+01
1.891879835124629494e+02 3.318780057609095735e+01 4.325351491618764754e+01
1.890463262569737992e+02 3.319963539617884862e+01 4.327579614332060487e+01
1.893205669124147050e+02 3.330723264853799037e+01 4.336224891189868913e+01
1.900578152955955602e+02 3.353048587054449570e+01 4.361795166250036715e+01
1.908068435122091557e+02 3.374872579001019091e+01 4.387879460792400010e+01
1.908573656739460489e+02 3.379326498069122664e+01 4.395826724360357218e+01
1.906773816623734774e+02 3.381497096281633219e+01 4.396801362823099169e+01
1.905723782997280296e+02 3.384048688568274343e+01 4.399049788301377362e+01
1.906208342321536691e+02 3.389373300172150749e+01 4.402856979709924445e+01
1.905225921132217479e+02 3.401707547129907994e+01 4.405760063615330324e+01
1.905336655796227774e+02 3.414414963137792114e+01 4.408892822549604062e+01
1.906256223008954294e+02 3.427661671340532479e+01 4.417336657911098996e+01
1.908292156788102716e+02 3.442868865286924773e+01 4.426208226003612367e+01
1.907864466354511706e+02 3.450532207375825067e+01 4.429617398623641833e+01
1.909068409743635186e+02 3.470728700073174622e+01 4.442111001137800486e+01
1.911308851582558361e+02 3.485167032539410314e+01 4.451906239293463585e+01
1.913703361799501863e+02 3.497713189606676565e+01 4.461941092373351125e+01
1.913910502874110193e+02 3.503530883466358858e+01 4.466279433722046832e+01
1.908976275373169074e+02 3.481272708431146157e+01 4.442977569674436467e+01
1.902669189708190061e+02 3.470488450687544457e+01 4.400870375305070326e+01
1.897289908679854875e+02 3.456121283642315944e+01 4.362529026609311700e+01
1.894600310463114567e+02 3.432216787002846559e+01 4.335576048658960246e+01
1.895875641334737622e+02 3.420320952876436849e+01 4.330623125695264264e+01
1.896278069630024277e+02 3.415008713269971707e+01 4.325703723442502735e+01
1.896245320847132803e+02 3.384125035424094818e+01 4.343342807956992147e+01
1.895906158928352454e+02 3.363848389102491154e+01 4.361471485189555608e+01
1.897270843114613399e+02 3.356822152008493276e+01 4.379703896861953893e+01
1.896065398166829539e+02 3.348569078042982738e+01 4.387214122264942517e+01
1.893852111276071071e+02 3.344259921918949630e+01 4.384728302477360273e+01
1.894805548153505868e+02 3.339647598986553589e+01 4.376094340181286668e+01
1.899775104580388358e+02 3.351282352244513163e+01 4.383216909665384975e+01
1.902640004483527321e+02 3.357179248036342045e+01 4.385467978732853567e+01
1.900486779939176358e+02 3.347283236260738448e+01 4.375614898845703493e+01
1.897812334775675538e+02 3.340962308762757971e+01 4.367429289276333293e+01
1.898787364489618028e+02 3.349185986016470906e+01 4.371979646478104797e+01
1.900306349689748231e+02 3.357765490375220452e+01 4.379754548030843608e+01
1.902289602023508905e+02 3.367486496546415253e+01 4.388682371701329288e+01
1.903722311046819016e+02 3.378184573282407399e+01 4.400026753122607204e+01
1.903699724220775522e+02 3.385176760947631891e+01 4.403946138456397819e+01
1.901194563934675728e+02 3.368633497024376311e+01 4.398924587917316842e+01
1.898877510881013109e+02 3.338947682312485199e+01 4.379439326455771919e+01
1.896981317226473038e+02 3.321954690996146553e+01 4.369188333523671730e+01
1.893397773463440217e+02 3.304049132691258706e+01 4.352224844662698899e+01
1.889853280799928825e+02 3.299588234547692167e+01 4.348063306559061658e+01
1.888791562509252628e+02 3.321113818146442043e+01 4.342493687109013223e+01
1.892893239179260831e+02 3.348650712077184011e+01 4.348114803676492102e+01
1.893503432436205003e+02 3.363486323126964095e+01 4.346776407341141635e+01
1.889790395100266096e+02 3.362034146712855431e+01 4.338405112067032832e+01
1.889331954437211607e+02 3.367156047897606186e+01 4.337785454760786763e+01
1.890118284754738340e+02 3.376156094424776200e+01 4.344149208403652551e+01
1.890287495611642044e+02 3.386509024156060832e+01 4.350174265399435569e+01
1.890054246450188487e+02 3.392242757623053961e+01 4.354724199626936354e+01
1.887817378743851009e+02 3.390096903405365936e+01 4.347067836613499026e+01
1.888355454887679059e+02 3.397750834316748580e+01 4.352160869804289689e+01
1.890261535565791462e+02 3.405992170746253578e+01 4.355347134983779256e+01
1.892028045309003801e+02 3.404089315246953618e+01 4.351296627626141600e+01
1.894232724673358064e+02 3.394022316122510574e+01 4.348000812110599611e+01
1.893383910481725536e+02 3.381432486961818284e+01 4.339618413761890992e+01
1.891964926973492140e+02 3.374633704281768587e+01 4.335332309735598955e+01
1.892912135554794304e+02 3.358879710347219572e+01 4.342111001137800486e+01
1.897137637942483934e+02 3.354301225356461913e+01 4.357945677414442542e+01
1.898171693715871129e+02 3.346249487143697365e+01 4.364432305082881669e+01
1.892932522914631193e+02 3.324241395645903197e+01 4.349080559679554625e+01
1.885868397900355831e+02 3.284190067718180472e+01 4.313855368177953409e+01
1.880481778268427888e+02 3.259936300074866722e+01 4.290364328887874024e+01
1.878170985233968224e+02 3.253357146784760801e+01 4.285940018018703768e+01
1.872811626293772633e+02 3.240603097863557025e+01 4.275153222429479882e+01
1.867791471569784392e+02 3.229180677689376466e+01 4.265240080195921735e+01
1.866143775299148615e+02 3.227048041417640434e+01 4.266166711078965079e+01
1.867074625350539918e+02 3.246040220623379469e+01 4.253183621590298458e+01
1.870548967731292862e+02 3.267085728425139735e+01 4.247696059148722014e+01
1.871942752547362545e+02 3.280052956378663254e+01 4.243722110134040548e+01
1.871186337085115099e+02 3.285917600382368420e+01 4.240531826698981632e+01
1.868865657027083103e+02 3.286453720270196044e+01 4.232585937797404085e+01
1.871683331852923402e+02 3.293555141040770451e+01 4.254053045203260552e+01
1.873485265691288078e+02 3.298464497654607896e+01 4.268682773526886365e+01
1.873506044302325222e+02 3.297603639270623432e+01 4.275088084391826726e+01
1.873324937294064512e+02 3.301417492523929553e+01 4.282965028487316772e+01
1.875723804145993938e+02 3.313104271617157792e+01 4.293964262903887885e+01
1.877200153539660050e+02 3.299547100299889024e+01 4.304369747188278694e+01
1.878204643411541213e+02 3.290779901108615491e+01 4.313012803431167441e+01
1.877470476395920969e+02 3.282332893440091937e+01 4.317605563803553537e+01
1.878051875679402372e+02 3.283214689050465296e+01 4.327206445281933611e+01
1.882417826673603543e+02 3.297816501072239959e+01 4.345090537642595052e+01
1.881163771407785248e+02 3.328586610326493656e+01 4.330649032869330739e+01
1.877017333485603956e+02 3.349236002723954186e+01 4.314312286133634444e+01
1.875828458554866245e+02 3.364232238252947127e+01 4.310669843203437779e+01
1.877902872418270874e+02 3.383107465072899345e+01 4.317549836943418740e+01
1.877769180825730473e+02 3.398570664196496693e+01 4.317940770912905180e+01
1.877265312726026991e+02 3.411330423270352696e+01 4.320743081198370561e+01
1.876276388307299214e+02 3.406448242753393174e+01 4.310724724115031847e+01
1.874087813688293238e+02 3.370030052321916969e+01 4.289511824245731475e+01
1.867932396022349906e+02 3.314881080783855793e+01 4.240804222129168011e+01
1.866851823653567237e+02 3.286835877523570559e+01 4.215847682735459045e+01
1.866628620131037337e+02 3.250959517132572785e+01 4.211228380727600040e+01
1.866367010544748553e+02 3.230185135838186739e+01 4.210186066381582037e+01
1.870933747425144134e+02 3.228447451791507206e+01 4.226667999035618806e+01
1.875460534385693450e+02 3.231632659535320329e+01 4.241233858244402910e+01
1.876645655419780780e+02 3.229964343268999016e+01 4.248929875095697639e+01
1.877180739020645319e+02 3.238186751599900504e+01 4.261286856920493449e+01
1.875662885276688598e+02 3.238500069790754310e+01 4.272220318838004971e+01
1.875039865324992263e+02 3.244498267920362622e+01 4.280825624627254200e+01
1.874217064050993713e+02 3.243992707923577257e+01 4.282231908333016435e+01
1.869818385422614710e+02 3.234578040867774007e+01 4.269492874998413612e+01
1.871734384847369768e+02 3.221697945613968272e+01 4.271519344728260137e+01
1.878040550543310587e+02 3.222434026588162936e+01 4.287060053886921906e+01
1.882075978868205368e+02 3.221896743521091366e+01 4.297728839654683952e+01
1.883837909914939814e+02 3.226004246661675268e+01 4.305030432998760404e+01
1.883431262451305201e+02 3.225001480409946453e+01 4.308487401711354181e+01
1.882447096493120284e+02 3.236188409659040133e+01 4.314742979684545787e+01
1.888329780349461373e+02 3.262414189094877059e+01 4.338807360598254803e+01
1.893381478379670284e+02 3.283028897602159191e+01 4.360415741410449897e+01
1.891666296564179959e+02 3.289713265742044968e+01 4.362238972003333259e+01
1.890904414159486748e+02 3.300647890838800436e+01 4.368346826212561496e+01
1.887776773213885519e+02 3.298418499202693255e+01 4.365042233980906872e+01
1.886972646253928474e+02 3.301162650525968445e+01 4.367353682625486044e+01
1.888200255053484966e+02 3.311100536754349122e+01 4.377431256106690682e+01
1.889904513558440158e+02 3.321619378143227408e+01 4.386480473392803248e+01
1.892671621810245313e+02 3.334170610901738740e+01 4.398674292892763305e+01
1.891571677219874630e+02 3.343171926351720202e+01 4.380913180301241994e+01
1.887060265374057337e+02 3.324150350434182855e+01 4.337207143189479552e+01
1.884441948896248675e+02 3.311197926580125994e+01 4.311886105718188844e+01
1.882001006678763702e+02 3.310771885746189724e+01 4.299991540514590582e+01
1.882361010654721838e+02 3.321640315369616303e+01 4.301430498982746542e+01
1.881652613346530245e+02 3.322713506837379072e+01 4.308240067506693549e+01
1.880584931118640100e+02 3.317673768404667811e+01 4.314924118415876819e+01
1.880889514890809266e+02 3.310694587198261019e+01 4.314525782396656695e+01
1.882518388806408893e+02 3.297554045537410161e+01 4.314047927214587475e+01
1.883839718129946164e+02 3.289766349012989366e+01 4.315806759974790907e+01
1.886537278837328415e+02 3.293740192284103330e+01 4.323722723446732630e+01
1.887180368918158706e+02 3.291271397210907423e+01 4.323146421003210094e+01
1.885050778061170433e+02 3.282249038790970275e+01 4.314211829744396454e+01
1.883023737316059112e+02 3.275728784668028482e+01 4.309623510601850427e+01
1.882760531001899267e+02 3.274848786698304792e+01 4.311981697903316757e+01
1.885464320005414152e+02 3.286008434106953047e+01 4.316302168589084687e+01
1.887705301136531943e+02 3.292638978770921199e+01 4.319710706747708429e+01
1.888368693982345121e+02 3.297286937285604580e+01 4.321022984421857416e+01
1.887896337465791987e+02 3.300052977527376896e+01 4.320733987251555419e+01
1.890915866187859820e+02 3.312223850673163383e+01 4.333181485570232638e+01
1.897560379577110439e+02 3.313235816615275553e+01 4.351520909733061160e+01
1.898887429627655763e+02 3.306396639892395228e+01 4.357711243925032107e+01
1.897457522808887518e+02 3.300665655758160000e+01 4.359709691609459270e+01
1.898966980513575322e+02 3.306529876787595157e+01 4.368494655720092368e+01
1.899458931313208154e+02 3.305377166156982582e+01 4.371198201513401926e+01
1.894492335706218853e+02 3.276022540298873764e+01 4.362676961860410074e+01
1.888227029324806097e+02 3.237439779038241028e+01 4.341360221807707376e+01
1.885052459383895780e+02 3.217853743956754897e+01 4.334436978948570385e+01
1.886305763870383885e+02 3.217842746625722583e+01 4.340524741879951165e+01
1.887312706993033657e+02 3.221156327060624847e+01 4.348488289957322195e+01
1.888480496656388254e+02 3.239821547155286652e+01 4.344306131857999276e+01
1.888354185964867895e+02 3.251824922489964820e+01 4.339605195815938288e+01
1.889449202904987430e+02 3.263251255176147936e+01 4.338998439224941706e+01
1.890719891633991949e+02 3.276014821018437573e+01 4.344111775180715540e+01
1.891299937399807902e+02 3.285764589440024253e+01 4.349008336822871001e+01
1.892929995643364975e+02 3.308284374061526023e+01 4.356144970201462741e+01
1.892503256901882764e+02 3.324763768869939895e+01 4.355556824478367162e+01
1.893869611836512092e+02 3.340815959665173551e+01 4.362251555487879529e+01
1.893087585282187320e+02 3.351628345197761405e+01 4.360609675113462913e+01
1.891513454811543795e+02 3.355517699358347983e+01 4.363851561409519775e+01
1.891760841887987965e+02 3.350899349042597919e+01 4.359592316249402444e+01
1.890167624703389322e+02 3.339578971411169306e+01 4.356661316042145415e+01
1.889793239602234962e+02 3.318453204241586008e+01 4.344473523925539382e+01
1.894556722964541962e+02 3.305862423388785487e+01 4.351551786854805925e+01
1.895958988414734847e+02 3.306529453813324437e+01 4.354281662796451968e+01
1.892857191197059592e+02 3.313884553402616717e+01 4.354919190765625814e+01
1.889860629977878546e+02 3.320967574792425125e+01 4.358322547489436261e+01
1.888270384187529771e+02 3.325512644815815833e+01 4.359752729241480296e+01
1.889308458216486599e+02 3.334647725878834734e+01 4.366595606989226752e+01
1.892446271693292772e+02 3.347766484364755968e+01 4.381103941697226389e+01
1.892898949331912206e+02 3.333516586936016779e+01 4.388464857182737688e+01
1.885557839616616036e+02 3.279668261279666552e+01 4.353538074028956828e+01
1.879072121342858850e+02 3.235453280376954410e+01 4.314392122527186757e+01
1.879785816403788203e+02 3.219338383646122992e+01 4.304594663756603978e+01
1.878993532723404485e+02 3.206734384847369768e+01 4.302551909517344342e+01
1.875421208352895803e+02 3.189542489880340526e+01 4.278826859712123820e+01
1.875791554049767171e+02 3.187500898820324835e+01 4.276620731660892716e+01
1.878731024316790865e+02 3.193737865925615793e+01 4.285408127873581208e+01
1.880295278338218736e+02 3.200793499731411629e+01 4.290012520038406052e+01
1.880566309676382275e+02 3.209260915908485146e+01 4.295395925065878373e+01
1.880271464886790795e+02 3.205518756794024426e+01 4.303046472183097393e+01
1.877496404718700944e+02 3.201763062502907786e+01 4.303736871936079922e+01
1.877360693424018905e+02 3.201776280448860490e+01 4.308060726416012187e+01
1.881028229302811496e+02 3.216678932920510192e+01 4.325173207963759836e+01
1.882396403026803853e+02 3.224826792036240164e+01 4.330619001696126702e+01
1.879740219777430923e+02 3.229792086997348122e+01 4.319267958430089038e+01
1.879657443712698921e+02 3.242983702801358703e+01 4.316747031778056964e+01
1.880881002533615742e+02 3.253178545899052665e+01 4.317329044374231017e+01
1.880747342664145663e+02 3.262404460686656194e+01 4.319085868006649065e+01
1.883186645856332575e+02 3.278368038372225612e+01 4.332305188625375791e+01
1.882370083452823621e+02 3.316986752445848907e+01 4.326410090474196579e+01
1.880129398403695120e+02 3.340166905647129170e+01 4.322072912304744818e+01
1.880036090279628240e+02 3.361168106894057672e+01 4.325071271164575393e+01
1.880840164367801606e+02 3.378998904496639710e+01 4.330995237309714696e+01
1.878740763299368552e+02 3.386043963945672886e+01 4.329115539651723310e+01
1.876135611895728346e+02 3.400867414485176710e+01 4.326301386086684175e+01
1.875032727634178116e+02 3.404549616996798278e+01 4.322428739409781429e+01
1.874772630180906106e+02 3.380228702188045986e+01 4.303315483819119436e+01
1.872217833864166039e+02 3.338621146175677978e+01 4.270969795407345515e+01
1.867582892382656325e+02 3.290418469594494866e+01 4.232215095105764391e+01
1.863712688382165652e+02 3.255044602636821338e+01 4.207667360344470353e+01
1.860983235414789760e+02 3.235639283312396230e+01 4.196099437021246104e+01
1.862260163014283876e+02 3.235442600276625313e+01 4.200254101792987882e+01
1.864252551592286693e+02 3.240388967139129051e+01 4.208998566117222850e+01
1.864714978787840209e+02 3.240331971356182095e+01 4.214730501943567020e+01
1.862955955689215557e+02 3.226230537896379502e+01 4.218871102820815366e+01
1.862882411037936663e+02 3.220985445455352902e+01 4.230022819461892425e+01
1.867812525114097184e+02 3.231007080589287739e+01 4.249683086527846854e+01
1.871703698064046648e+02 3.238950748875945607e+01 4.263489072459721996e+01
1.873246338100253467e+02 3.239442773696075761e+01 4.270943465259008320e+01
1.870540709158661912e+02 3.216910617077163437e+01 4.263804717009064404e+01
1.867669242579973741e+02 3.200852081667871829e+01 4.254249093777625745e+01
1.868029045643153552e+02 3.199014681436928242e+01 4.259523054212612436e+01
1.871927853278685063e+02 3.207697285774106177e+01 4.275629491458034437e+01
1.874029189454405468e+02 3.214651511498555436e+01 4.282221545463389134e+01
1.871922904479720557e+02 3.219318186624707323e+01 4.283530756574077714e+01
1.873802454096717156e+02 3.232192465982294038e+01 4.296551808003518858e+01
1.878138003815227819e+02 3.253158877595475929e+01 4.314903709907326146e+01
1.878902096260484598e+02 3.265320656794447274e+01 4.323140816594126790e+01
1.877038714834976645e+02 3.266611468524369855e+01 4.323048079485324990e+01
1.875901210129387948e+02 3.280444101835285409e+01 4.324988896925400184e+01
1.878096880141781071e+02 3.297680197613578912e+01 4.330640996358191330e+01
1.880162305801938203e+02 3.311685510170416080e+01 4.339937759336099532e+01
1.882049585273727814e+02 3.324625350539926671e+01 4.348417124536314304e+01
1.881832821534466120e+02 3.329928919173846680e+01 4.348602387266782898e+01
1.876598779296255373e+02 3.304911894459460342e+01 4.315631542883246397e+01
1.869227426920620303e+02 3.273155303462890231e+01 4.270908041163855984e+01
1.864579087729093487e+02 3.259984413398132830e+01 4.253191023640032142e+01
1.864430116191032027e+02 3.262867723256394470e+01 4.251413580011927706e+01
1.865206844992619040e+02 3.273741968776039357e+01 4.256997369100037787e+01
1.865448003772930576e+02 3.288482093384259741e+01 4.262703186265179767e+01
1.863477165734008452e+02 3.295488027713274448e+01 4.258334707999712521e+01
1.857172226663452079e+02 3.286240435494308798e+01 4.241764162236011515e+01
1.857263790018653253e+02 3.275547011475291725e+01 4.233448382334902504e+01
1.858291162798566916e+02 3.262729622157084464e+01 4.229365200214871123e+01
1.857640501478294937e+02 3.273180576175550982e+01 4.228659890618853723e+01
1.853320242279662011e+02 3.270808430723159432e+01 4.216325643661095768e+01
1.854678507831368677e+02 3.282278435502768588e+01 4.221229184378714194e+01
1.859477658499033623e+02 3.298954619090520879e+01 4.235533116770506723e+01
1.860082934680083326e+02 3.304562411968480262e+01 4.238905596372572404e+01
1.855001755343222385e+02 3.257785264422365401e+01 4.227074054335275122e+01
1.856903616852986829e+02 3.247763946519133071e+01 4.238175648525299977e+01
1.861219762626839440e+02 3.245381015222844212e+01 4.253253306601359185e+01
1.866307794146881918e+02 3.251410619192034801e+01 4.269446665059364676e+01
1.868732927701007895e+02 3.257463909720371475e+01 4.281346834672046953e+01
1.869475966601951598e+02 3.262294593119900554e+01 4.278014643369243686e+01
1.871086959280266910e+02 3.274170758942733528e+01 4.280826047601524209e+01
1.874543769377508795e+02 3.290641800009305484e+01 4.291367412370305345e+01
1.876447259338214337e+02 3.299226485802868325e+01 4.299238540569577083e+01
1.869838127746689054e+02 3.273052732202300064e+01 4.267337292372504720e+01
1.859969281493606843e+02 3.228460881224594914e+01 4.218410801070970706e+01
1.859891411930412346e+02 3.217206910553630905e+01 4.215917896464357995e+01
1.859929246978906292e+02 3.216374179958633306e+01 4.220441394799954082e+01
1.860234729571400294e+02 3.221544617440920888e+01 4.228774516646152648e+01
1.865672021520930741e+02 3.240233312607593774e+01 4.249418833352367386e+01
1.870056435342038128e+02 3.259387385215357114e+01 4.262678865244627247e+01
1.869957385342249552e+02 3.267334331552611815e+01 4.266457928864187465e+01
1.865692990470389816e+02 3.269087982878001242e+01 4.259655127928568419e+01
1.866231278101353155e+02 3.281168339529906319e+01 4.267860194314379640e+01
1.872394890893786794e+02 3.302459701126380764e+01 4.289685349440193818e+01
1.876070156627372398e+02 3.323655893511998016e+01 4.298778767537570644e+01
1.872225891524018664e+02 3.326136637608334468e+01 4.284532042415860076e+01
1.868097059905846038e+02 3.326550094957723758e+01 4.272531839388209818e+01
1.869769764530223597e+02 3.341630608110108369e+01 4.281589198929029294e+01
1.873500651380376496e+02 3.359871585011483575e+01 4.292315086223305087e+01
1.872237396424175415e+02 3.374959605957169373e+01 4.297999543187788163e+01
1.870560715841655224e+02 3.389859191865358667e+01 4.301033749117041083e+01
1.872763015975738199e+02 3.402064960388459269e+01 4.310882176287216794e+01
1.875199633281307570e+02 3.397417530591614110e+01 4.310277217336869171e+01
1.873754467665731909e+02 3.381608338514767809e+01 4.298952186988465485e+01
1.874676054580599782e+02 3.364207917232394607e+01 4.296174937928525850e+01
1.875810016876673387e+02 3.351440756108805630e+01 4.297540087386484231e+01
1.873747118487782473e+02 3.315194293231142808e+01 4.273688462530824239e+01
1.866166224658554142e+02 3.273431294174375239e+01 4.232105439026143756e+01
1.861746799142208317e+02 3.248202359350480606e+01 4.213428587139044623e+01
1.861382575997901938e+02 3.232000435663498905e+01 4.215159926571666915e+01
1.861713701405543588e+02 3.224067235990034419e+01 4.221221359354710501e+01
1.862762783339889552e+02 3.219769605914871846e+01 4.230295426379213097e+01
1.860945654150858104e+02 3.214900431856730023e+01 4.229887044721069600e+01
1.861601983326354173e+02 3.217918353276569832e+01 4.236661717867701782e+01
1.862401034595065710e+02 3.222429479614755365e+01 4.244788322526341062e+01
1.861981993985305905e+02 3.226298002292520550e+01 4.245338717795796413e+01
1.859840644443598592e+02 3.223071554557336071e+01 4.246601930454570351e+01
1.858393205341319003e+02 3.220782100574822238e+01 4.241326489609637207e+01
1.858306305277450008e+02 3.222757073187238319e+01 4.241208162557471439e+01
1.858414882772680983e+02 3.229437000097284027e+01 4.240929739743931037e+01
1.859082812017545052e+02 3.239240274764085825e+01 4.243483658389060054e+01
1.858557953819669137e+02 3.242984337262764427e+01 4.245724047356199549e+01
1.860315559954487981e+02 3.256459874545831212e+01 4.253343505864538088e+01
1.861350144445713397e+02 3.262330228702187895e+01 4.260153180132052597e+01
1.859778636415546771e+02 3.278371950884227459e+01 4.257923365521675407e+01
1.857679690044454617e+02 3.288063877574327165e+01 4.255966898033592827e+01
1.859220828522001057e+02 3.304246978906272858e+01 4.264886790936507310e+01
1.859546317797488371e+02 3.313584135927011687e+01 4.270825032463275051e+01
1.859358464349613485e+02 3.319219845106822220e+01 4.273655153307024079e+01
1.857389709458973641e+02 3.315141421447333414e+01 4.260586411528586837e+01
1.850966231849116639e+02 3.281429949116195388e+01 4.219147516506571094e+01
1.845996051535185245e+02 3.263371379868962663e+01 4.195538996112866670e+01
1.841685700508838011e+02 3.254566218736913896e+01 4.184579838508423677e+01
1.838951912055189553e+02 3.249182284991604064e+01 4.179439537942906924e+01
1.836900486843385352e+02 3.259272230470220677e+01 4.180535887251978266e+01
1.839250172362015121e+02 3.279174121588183510e+01 4.193091772727464672e+01
1.843177583632587755e+02 3.293954957469937028e+01 4.203649316262092128e+01
1.844519268592891592e+02 3.286426755660453125e+01 4.199711002829698003e+01
1.842607794992830463e+02 3.263288688399084947e+01 4.186452345603817093e+01
1.840106853875078912e+02 3.254793144433023855e+01 4.172515554878796706e+01
1.840596753249499784e+02 3.254132881596812155e+01 4.169759666019515976e+01
1.838675297456655642e+02 3.246926140232889679e+01 4.158170065264929605e+01
1.836121844083224346e+02 3.240088232432820803e+01 4.150409544837387443e+01
1.836435648694489942e+02 3.241580168428354369e+01 4.149478684211639745e+01
1.834747198852893746e+02 3.222589892606832507e+01 4.148247194623151302e+01
1.833887926622423663e+02 3.209811522665076211e+01 4.147663172899192574e+01
1.834675198057702232e+02 3.204257659006602665e+01 4.152900757546918697e+01
1.835130328947090277e+02 3.199452882781140417e+01 4.154615812470127167e+01
1.835538213610466016e+02 3.198547612098755977e+01 4.157215200849332604e+01
1.836605842966572482e+02 3.206315428832463965e+01 4.162934870421832301e+01
1.838681642070712883e+02 3.215097960841042379e+01 4.172975222167235643e+01
1.839112758595894661e+02 3.219138105329052735e+01 4.176887945656265799e+01
1.841658133160759689e+02 3.231525964275593310e+01 4.188116432127433342e+01
1.839772450416841139e+02 3.225432491191561013e+01 4.183007325914364571e+01
1.832581507141920554e+02 3.194120974871098539e+01 4.149330431729838153e+01
1.826454862300726347e+02 3.162427089810126901e+01 4.110150959517132918e+01
1.826524282952867964e+02 3.154334640323829220e+01 4.101671382829782431e+01
1.826967718603677326e+02 3.157806624623024305e+01 4.101072768493492759e+01
1.823246676479669759e+02 3.154448737633289923e+01 4.095453555310230342e+01
1.821307106813692656e+02 3.165361473811547910e+01 4.091195261842221953e+01
1.823095632367682981e+02 3.180752978796299857e+01 4.097281650107223783e+01
1.828038911518012242e+02 3.198358013882015527e+01 4.114821124181015932e+01
1.830166091421658905e+02 3.208147013167189243e+01 4.124042703482346894e+01
1.827402948553639419e+02 3.207330778568739760e+01 4.119546592730764445e+01
1.828275449304418885e+02 3.205476459366976627e+01 4.126879697657991386e+01
1.830402375423502974e+02 3.208379860503085723e+01 4.139323071977531754e+01
1.833137707733238528e+02 3.216322577097635360e+01 4.150253573075149660e+01
1.834726177031651275e+02 3.221061580824038373e+01 4.158559095850199583e+01
1.836064277285012736e+02 3.228813536022603614e+01 4.165418892568764875e+01
1.833839559514594839e+02 3.240997944345045312e+01 4.161899217920574046e+01
1.831970499659505833e+02 3.253324894996637084e+01 4.157791080318584420e+01
1.831995782946523263e+02 3.269598830053168115e+01 4.160188498483637431e+01
1.831656441263677948e+02 3.281121812360154166e+01 4.163967244872494433e+01
1.830670921787827581e+02 3.285565051327927932e+01 4.161444520579813400e+01
1.828471635345422044e+02 3.279875518672199064e+01 4.147415309976694431e+01
1.829257669580959487e+02 3.262451516574246568e+01 4.135172742692061831e+01
1.832552554553106461e+02 3.255543395045279453e+01 4.133207709975002331e+01
1.832153404308415929e+02 3.242109309240719028e+01 4.127802627516167888e+01
1.827913076672546140e+02 3.231635726098781447e+01 4.114451338925053392e+01
1.829846259427039001e+02 3.219187276087995286e+01 4.122436352946650118e+01
1.829772291801489814e+02 3.182580227644752213e+01 4.111267505847619219e+01
1.825710787112819844e+02 3.142975666290219650e+01 4.079897830564966910e+01
1.821586174662995177e+02 3.113061868446542491e+01 4.061980323236937807e+01
1.815389781364599457e+02 3.091652708515740855e+01 4.041835010426315478e+01
1.817494014914072693e+02 3.099452142576167191e+01 4.054040884692984292e+01
1.825920814986824325e+02 3.121284594008146485e+01 4.079412467589596503e+01
1.826431937095266562e+02 3.124037522047533955e+01 4.084807610153074364e+01
1.825973771365487721e+02 3.125968399592252922e+01 4.086096835729482279e+01
1.827974270475127128e+02 3.136118301673709041e+01 4.095719077408521258e+01
1.828676079959056153e+02 3.142511029054102778e+01 4.102871889552958606e+01
1.829275920920730414e+02 3.151207908772909505e+01 4.111248472005448207e+01
1.831821993393141952e+02 3.163448572673324222e+01 4.122956822786469644e+01
1.832792370390109227e+02 3.171242085093963681e+01 4.129576370119405482e+01
1.830659977328579089e+02 3.172158035876677573e+01 4.126694329183956000e+01
1.832401521015476646e+02 3.183348137432799874e+01 4.130961716598779532e+01
1.836184021300984170e+02 3.194022316122510219e+01 4.139821124181015932e+01
1.839039488877891699e+02 3.204400624310023460e+01 4.149046721737916954e+01
1.840585026287850781e+02 3.212945444778593895e+01 4.156622085178558734e+01
1.843670190042339811e+02 3.227050262032560823e+01 4.170033224628945590e+01
1.845366644672004668e+02 3.238867951662500388e+01 4.181115784976800143e+01
1.847301974020920170e+02 3.254915278253623967e+01 4.195025188117806891e+01
1.850661764394871796e+02 3.271447227615144016e+01 4.211668591199597245e+01
1.852618654857224954e+02 3.282977294741161245e+01 4.223087416092479174e+01
1.851682306140317564e+02 3.289801878851709205e+01 4.227639359447764633e+01
1.847548071025839533e+02 3.289662720316723465e+01 4.208662301572195474e+01
1.841848619623468437e+02 3.268688166448834664e+01 4.175772773992157738e+01
1.837662813371062498e+02 3.257131557687345946e+01 4.158132632041992593e+01
1.838723410779922176e+02 3.266065514484753862e+01 4.160669208742032055e+01
1.843093760706536273e+02 3.283418139674563463e+01 4.176554853418266333e+01
1.845309585442917637e+02 3.306020404278807945e+01 4.182661438704683832e+01
1.842817844015548587e+02 3.314980585480984843e+01 4.178472195786330445e+01
1.840848422940432556e+02 3.319833898003984274e+01 4.174802471015688354e+01
1.841247118487782473e+02 3.311071457273254026e+01 4.163926533598961299e+01
1.842986970277598004e+02 3.292370390109169875e+01 4.157843000410284873e+01
1.845091573929557853e+02 3.279779926487071862e+01 4.156967443670401252e+01
1.843908578341179521e+02 3.266445345379640486e+01 4.150321354701993215e+01
1.840617690475888253e+02 3.250772245274320227e+01 4.140218297020992111e+01
1.841096782857698884e+02 3.250798681166224924e+01 4.143298818632862890e+01
1.842570647277526064e+02 3.256434073115332239e+01 4.147569166867579327e+01
1.842795130297224091e+02 3.244017134687697279e+01 4.151151018733530407e+01
1.843303619390832466e+02 3.238315441521692151e+01 4.156418528810892354e+01
1.842513545751012032e+02 3.235326811070082442e+01 4.156518033508021404e+01
1.844092149174565805e+02 3.237328325317970723e+01 4.162321874960345980e+01
1.848038361651460662e+02 3.244553043088389188e+01 4.174292046814792201e+01
1.851412025581483931e+02 3.259666019516032520e+01 4.181275669251039773e+01
1.851132513609197190e+02 3.266504138803236401e+01 4.178442481843829626e+01
1.851111851316084369e+02 3.275105214849780566e+01 4.178884384212908287e+01
1.851024073580604181e+02 3.270765816065408416e+01 4.169592485439110874e+01
1.846225197846214883e+02 3.239316198645636291e+01 4.138064512035732889e+01
1.843375884544943233e+02 3.191675020408508701e+01 4.138613215408106782e+01
1.844501144145401668e+02 3.178244952859517625e+01 4.150729630616569921e+01
1.846087699485240421e+02 3.177798186286328175e+01 4.165386852267776874e+01
1.846322608820705398e+02 3.177204330410581079e+01 4.175067041421870329e+01
1.843919343036363045e+02 3.172941807199867981e+01 4.172031249339102743e+01
1.842145907089471848e+02 3.164288070856649782e+01 4.171593893943431652e+01
1.843235816615275269e+02 3.167913066098189390e+01 4.179960959474835391e+01
1.847488907499756863e+02 3.179147579952711311e+01 4.195627714966098409e+01
1.852257582871233978e+02 3.190521040855084678e+01 4.206313313961111788e+01
1.853954206690607123e+02 3.194748985919186524e+01 4.213415474936659422e+01
1.849782115378921503e+02 3.202453673743026030e+01 4.205227327521667036e+01
1.848280017426539814e+02 3.210384547058002624e+01 4.203725240143641884e+01
1.848747985585036986e+02 3.218584537752568764e+01 4.207173326396555524e+01
1.849030024828589660e+02 3.227763925370419429e+01 4.212802690962308816e+01
1.848735645310695759e+02 3.234000046527170014e+01 4.215912080568138975e+01
1.849698863468135244e+02 3.241636741237030606e+01 4.220271147656087862e+01
1.850193299241607008e+02 3.245970535612318741e+01 4.225220158107781998e+01
1.848172539664412284e+02 3.245945685873927999e+01 4.224058670761057499e+01
1.845895722038228541e+02 3.237415669504824223e+01 4.212806391987175658e+01
1.843237360471362649e+02 3.211170856226815573e+01 4.192901540049318498e+01
1.843865138883601844e+02 3.225672529090055463e+01 4.179559239661451642e+01
1.843700475000105712e+02 3.233754298476024047e+01 4.169497104741118676e+01
1.839298000177649328e+02 3.229160692155096513e+01 4.152607424890344134e+01
1.828579493784393151e+02 3.189698567386145811e+01 4.106846578772613299e+01
1.819439030373782487e+02 3.152192592874575539e+01 4.066581543094733320e+01
1.818430384779693725e+02 3.146782963442333880e+01 4.054630933800297043e+01
1.820236643529974003e+02 3.154675451842264522e+01 4.057303496728294334e+01
1.818045034070577515e+02 3.151363140330173707e+01 4.051080276286793236e+01
1.815927244195735568e+02 3.149310446195557844e+01 4.045728277098903902e+01
1.816812804277115845e+02 3.152239014300760189e+01 4.053666446720045968e+01
1.820678091201712334e+02 3.158593673996810836e+01 4.070176718650204606e+01
1.822489214156102832e+02 3.161267611591187077e+01 4.080767782895766516e+01
1.821336767884409653e+02 3.161348399676847620e+01 4.082905600602315133e+01
1.824485504671750959e+02 3.173362243624720236e+01 4.097749988368207852e+01
1.828487729516413651e+02 3.185287685950063619e+01 4.111529644151746510e+01
1.829728027544084625e+02 3.189700999488201205e+01 4.113974752665795620e+01
1.826967285055050070e+02 3.187427407040829763e+01 4.107447836698093369e+01
1.828086443251656874e+02 3.195576958053641548e+01 4.111338036807220675e+01
1.834174428244529906e+02 3.217908624868348966e+01 4.135419759666019246e+01
1.836202198620258059e+02 3.229557124790098754e+01 4.146511096729985724e+01
1.834442604506367900e+02 3.230876064309008200e+01 4.148982641135939531e+01
1.834710939383557218e+02 3.237716404211131760e+01 4.157562779956095511e+01
1.834802005743990492e+02 3.245152820603922805e+01 4.164838254638970483e+01
1.835493642696714858e+02 3.258372141222649532e+01 4.174280732253057380e+01
1.834735144086185130e+02 3.267541694688711829e+01 4.178864398678628334e+01
1.833799292364045357e+02 3.283781791803604477e+01 4.174534199584639538e+01
1.834704806256635550e+02 3.299628311359820287e+01 4.176493945123318241e+01
1.837023879012439807e+02 3.317047766484364502e+01 4.183921479056429149e+01
1.842944757445404491e+02 3.338776060502239318e+01 4.202395726267970844e+01
1.843840606375914035e+02 3.336291086663198513e+01 4.201679207853786124e+01
1.836409255100012388e+02 3.297426413051294247e+01 4.160235660114795309e+01
1.833065981871322663e+02 3.279316875404469300e+01 4.141652285541470491e+01
1.830184924351051734e+02 3.274572901730387997e+01 4.135983267137859798e+01
1.828921933753769622e+02 3.279717960756447326e+01 4.136267928821889939e+01
1.830522859644447919e+02 3.290867033808333275e+01 4.140854027349516286e+01
1.831039691905541247e+02 3.299010240207088174e+01 4.117265069515821097e+01
1.829739987141582276e+02 3.276926859289149263e+01 4.088173639397515302e+01
1.826313514873890256e+02 3.265193341539033867e+01 4.069826918928521309e+01
1.824423348602704493e+02 3.259799150667664946e+01 4.062285181942382195e+01
1.823495332478925377e+02 3.261768413127429511e+01 4.056473621209622138e+01
1.825677372145452466e+02 3.243742518642591222e+01 4.068828805393767567e+01
1.827079172323947489e+02 3.233337668819605426e+01 4.075451525033732025e+01
1.826015413182416012e+02 3.221231827967904593e+01 4.074668599659082702e+01
1.825841390993185769e+02 3.219492240537007888e+01 4.075665761501727502e+01
1.825141495467830737e+02 3.216042568130580293e+01 4.077403022574137026e+01
1.826930824672935216e+02 3.213318508085153269e+01 4.085075141379149954e+01
1.827970685768184751e+02 3.210456029709713022e+01 4.092460272141645561e+01
1.828023610423777825e+02 3.205628835847915070e+01 4.095274002732413976e+01
1.828823158687256978e+02 3.207226092436797416e+01 4.108256669246809878e+01
1.830688591537976606e+02 3.217484275931494864e+01 4.115053019824804181e+01
1.830744857690306731e+02 3.219884760660008993e+01 4.122947094378248778e+01
1.830746665905313080e+02 3.225196683035770917e+01 4.130790940737075090e+01
1.831927715812047097e+02 3.232598415538382852e+01 4.139616616121241321e+01
1.837384993295857782e+02 3.248656845204106247e+01 4.158859936300074622e+01
1.842630254926592954e+02 3.265644655085630887e+01 4.179042259359363243e+01
1.839485631564031962e+02 3.254689938711027963e+01 4.164423316879634029e+01
1.833030367437748680e+02 3.215112130479102603e+01 4.125593750132179593e+01
1.825582414421730846e+02 3.176237411228274965e+01 4.087570055113547340e+01
1.823118906526916021e+02 3.164525888140224552e+01 4.075102677004157670e+01
1.825115376806628831e+02 3.173196226223558725e+01 4.080316680836304499e+01
1.824931330127188289e+02 3.184712229455082166e+01 4.085444609404409988e+01
1.822506302316629956e+02 3.188142127814365168e+01 4.087528074917202758e+01
1.821500469501440307e+02 3.197599832502188733e+01 4.096503060218847025e+01
1.824015696575177401e+02 3.216616015497777425e+01 4.111599752137077246e+01
1.827688297570858822e+02 3.234296234260069980e+01 4.129101792987932384e+01
1.828547104529631326e+02 3.255695242808379675e+01 4.133134852656912983e+01
1.826609575714509219e+02 3.266629444930865134e+01 4.129410141231108611e+01
1.824411991743542103e+02 3.277436754772207195e+01 4.126578645720980631e+01
1.827181151420559218e+02 3.296820185178135887e+01 4.137082788753959761e+01
1.832259042132467073e+02 3.321133697937154494e+01 4.152597590738555056e+01
1.832426613964072430e+02 3.337602306901671056e+01 4.147047533848515855e+01
1.831263889417606663e+02 3.336679905761332776e+01 4.130583894831677583e+01
1.830996051535185245e+02 3.314465720050249331e+01 4.109951527148603390e+01
1.830666300793922687e+02 3.303523587160193387e+01 4.103498314447531925e+01
1.831497688445611800e+02 3.297715621708731248e+01 4.103900985953024616e+01
1.828561834608600805e+02 3.274004107080166648e+01 4.112113665875704527e+01
1.827968697789113435e+02 3.263764428709801280e+01 4.123368905469479984e+01
1.831217531437562513e+02 3.266371747856577912e+01 4.140890403136776854e+01
1.833513129121355689e+02 3.268196670346542732e+01 4.149904936532711019e+01
1.831887057410297643e+02 3.238880640890614870e+01 4.127907419391678445e+01
1.826724402654586470e+02 3.199846989057655477e+01 4.095942407823331877e+01
1.823597819144661401e+02 3.177696038000008372e+01 4.082900630654637553e+01
1.823071459388125390e+02 3.171921593259482108e+01 4.079175919228833180e+01
1.823221636402857655e+02 3.167682227890077584e+01 4.079914115074380021e+01
1.826173996810773872e+02 3.173289280563063386e+01 4.086492422415944503e+01
1.827571218292791286e+02 3.182518367657695535e+01 4.088470038617550983e+01
1.829124718193392312e+02 3.192378426620308574e+01 4.091185427690433585e+01
1.831051714949179541e+02 3.205940462141688130e+01 4.097706316274781102e+01
1.832241213766966439e+02 3.217230279882074484e+01 4.104757614594304016e+01
1.832397270124058366e+02 3.223382546389703407e+01 4.106900507992099136e+01
1.831084664644849624e+02 3.224965739084091609e+01 4.110730751498386581e+01
1.828920125538763557e+02 3.223280080872680742e+01 4.111399473820007699e+01
1.829799901446994852e+02 3.228995943676746094e+01 4.120094132923894392e+01
1.832423166723768304e+02 3.240561117667212443e+01 4.131886867071875713e+01
1.833564034074807125e+02 3.246682507053095890e+01 4.137861801616607949e+01
1.833492868653799803e+02 3.258288709547797879e+01 4.142687515068458737e+01
1.832246754729909810e+02 3.263437892572994770e+01 4.143263606024845558e+01
1.833208661667110846e+02 3.275709327851586750e+01 4.150591529517259204e+01
1.834559926994641046e+02 3.288881169608452382e+01 4.158745944734182132e+01
1.837394140114456889e+02 3.306444858959229549e+01 4.170866695428917126e+01
1.841612399067764727e+02 3.311669542891706186e+01 4.184971195452180837e+01
1.839632667994805786e+02 3.288167612014161278e+01 4.173344478705360672e+01
1.832707119925894972e+02 3.247904056746228463e+01 4.138777223681483264e+01
1.827428527922646424e+02 3.231932442549519635e+01 4.120567546876123544e+01
1.825887230829748660e+02 3.229968255781000863e+01 4.115116254478240165e+01
1.824896699108793143e+02 3.245544177547679965e+01 4.119740420690209248e+01
1.824141489123216502e+02 3.261790830763764859e+01 4.119740843664479968e+01
1.824588964178309141e+02 3.259460242533446461e+01 4.115160455289504426e+01
1.827676411993858494e+02 3.245020746887966823e+01 4.109266626061136662e+01
1.829021523045753099e+02 3.237746752615038304e+01 4.110685387507877664e+01
1.828238904327449745e+02 3.216311368279467331e+01 4.104276058387367954e+01
1.827169942602391473e+02 3.210476015243992975e+01 4.099860841465013550e+01
1.826974803422707794e+02 3.205343328215344911e+01 4.098073352197985741e+01
1.825525651274633105e+02 3.199332229370487468e+01 4.094883068762926825e+01
1.824273594562242806e+02 3.195711886845923289e+01 4.090093625354769813e+01
1.824419013116432211e+02 3.192135745132623725e+01 4.096955219713984775e+01
1.825614105768946160e+02 3.191004288959102553e+01 4.104396606054453400e+01
1.825993841494621961e+02 3.190526222289897973e+01 4.108238481353179594e+01
1.828461959808984716e+02 3.196455475613418429e+01 4.118959504443344599e+01
1.830236463765909036e+02 3.202292414802407450e+01 4.127084945922739223e+01
1.831742505953362752e+02 3.204389626978991146e+01 4.132183795009749616e+01
1.831809039806108501e+02 3.208730083199039029e+01 4.133631530194018211e+01
1.834340297604696843e+02 3.215092885149796587e+01 4.147030720621264521e+01
1.837236222670574932e+02 3.224299977582363397e+01 4.155544769711658404e+01
1.833607642722093090e+02 3.209872959677862525e+01 4.139362620071820942e+01
1.823875279691736466e+02 3.166291594232322737e+01 4.095254757403107249e+01
1.819929870865955195e+02 3.145120780302934094e+01 4.071554768823412473e+01
1.820234983355962584e+02 3.148101797217675113e+01 4.068180068606426403e+01
1.818641216304812076e+02 3.145107139382711381e+01 4.067005997775155635e+01
1.815729704637066959e+02 3.147793766205201749e+01 4.062259486255451435e+01
1.812264709987691447e+02 3.144451740750610114e+01 4.053840606375914035e+01
1.810841591905964378e+02 3.145284365602040566e+01 4.053801586999463069e+01
1.812163513393480230e+02 3.155092292985817792e+01 4.059853079887150784e+01
1.816397147461519808e+02 3.170638712297131079e+01 4.074831973471053459e+01
1.818655576281294941e+02 3.183634808244614334e+01 4.082757771094784260e+01
1.818871219138739832e+02 3.196460762791799226e+01 4.082754493044188138e+01
1.817251206534106416e+02 3.200085863776906336e+01 4.075575562238549310e+01
1.815490512687113380e+02 3.201841524230081149e+01 4.070310061288972037e+01
1.816335964233295783e+02 3.211537257688614488e+01 4.073803405788825671e+01
1.815094651067375651e+02 3.215551600746126581e+01 4.073219278321299441e+01
1.816484459925302701e+02 3.230201103116897343e+01 4.084064761590552450e+01
1.817684427356283834e+02 3.246462243201746389e+01 4.093398534817126944e+01
1.818127217971330936e+02 3.260993524263918886e+01 4.101645158425012738e+01
1.816925854725257068e+02 3.266780341001857124e+01 4.102946544511697624e+01
1.815502281946189100e+02 3.247377242292351696e+01 4.091021207929921388e+01
1.817219462315107421e+02 3.252199360462903144e+01 4.078591368787036942e+01
1.819232893863066352e+02 3.254971956805867705e+01 4.065780324082886210e+01
1.818081356986054402e+02 3.252513841833001607e+01 4.058018217501829383e+01
1.819535383912596558e+02 3.257617978098392086e+01 4.061774757741486752e+01
1.819672353555733082e+02 3.252563329822646665e+01 4.055548893710795255e+01
1.814352563858540464e+02 3.202894201445725741e+01 4.024823196754941534e+01
1.805224895419611642e+02 3.147917380435747958e+01 3.989174925239297664e+01
1.801901301068855901e+02 3.129900474154157308e+01 3.975830932954348640e+01
1.804106043879350807e+02 3.131667766399769803e+01 3.982353196205075108e+01
1.807944419065988200e+02 3.139477246099119867e+01 3.996673518849848250e+01
1.809294436619420310e+02 3.132303602471861481e+01 4.008333333333333570e+01
1.809387353492286934e+02 3.125921872422500414e+01 4.016056209050803716e+01
1.805825064186345514e+02 3.114772587883479105e+01 4.013662386167049334e+01
1.806180098214625502e+02 3.114500932658266308e+01 4.022142703059373048e+01
1.807471713595662095e+02 3.119240359358940040e+01 4.032604865896007595e+01
1.805981258010075123e+02 3.133016631348315073e+01 4.026932463698233278e+01
1.801358878864398605e+02 3.136104872240621688e+01 4.010973855960342149e+01
1.802476863307404926e+02 3.146569361435743772e+01 4.014714323177721411e+01
1.806762428041502346e+02 3.165487837374852376e+01 4.024892987509569764e+01
1.807592493898596047e+02 3.171891456342710569e+01 4.027711899535151474e+01
1.806994397705787492e+02 3.175925573447367256e+01 4.023415961357070358e+01
