1.498413588093535793e+02 1.198805315007547421e+02 1.292952358253224361e+02
1.495361298694420213e+02 1.196231985381743073e+02 1.290307182013188196e+02
1.491615880140886077e+02 1.193165309446254128e+02 1.287083306850983888e+02
1.484280070707873165e+02 1.186888767511453580e+02 1.280662859828923956e+02
1.478921618866025653e+02 1.184211031222690025e+02 1.275758408145970719e+02
1.471416216466724904e+02 1.184546019702868023e+02 1.261858153915415386e+02
1.465048694420168829e+02 1.183554189507693053e+02 1.249385695558909930e+02
1.461394414872487459e+02 1.182254839649373679e+02 1.244036466195280894e+02
1.458253555255422214e+02 1.182135761764783837e+02 1.239446889648049535e+02
1.453861252350308462e+02 1.180130591086041107e+02 1.235263320621805576e+02
1.450946843303937897e+02 1.178073217075818917e+02 1.232652981912555248e+02
1.450694632027753528e+02 1.178057930139562046e+02 1.232459601175816317e+02
1.451077732316411186e+02 1.178770378167951094e+02 1.232996828738645689e+02
1.452226510155981032e+02 1.179246146818145746e+02 1.233018491300548192e+02
1.453400247609967835e+02 1.179778600937475233e+02 1.233418295331161829e+02
1.454564835412197681e+02 1.180493187415587499e+02 1.234212739334233788e+02
1.454289485183125521e+02 1.179933880193850797e+02 1.233499966897063160e+02
1.453221869124228647e+02 1.178607783162522225e+02 1.231939077354942924e+02
1.451841734858716677e+02 1.178291484600513712e+02 1.232200464765233932e+02
1.450587491062207164e+02 1.177913329890627949e+02 1.232506269696247472e+02
1.449222147188898475e+02 1.177356756971478546e+02 1.232234395275548877e+02
1.448990247874791351e+02 1.177777382749397503e+02 1.232894156669579786e+02
1.450309022536479517e+02 1.179764505706946380e+02 1.234870885304944323e+02
1.451231800005296577e+02 1.181304043854770782e+02 1.235416991075448152e+02
1.450564179974047363e+02 1.181092913323270039e+02 1.234264942665713249e+02
1.450566126426736560e+02 1.181363615900002628e+02 1.234334392627313832e+02
1.450813431847673485e+02 1.182277349646460607e+02 1.234807830830751243e+02
1.450779461613834371e+02 1.182563987977013369e+02 1.234923379942268440e+02
1.452043901114906816e+02 1.183628922698021739e+02 1.235897466963268982e+02
1.453087312306347769e+02 1.184654127274171742e+02 1.236352387383808633e+02
1.452818708455814090e+02 1.184373513678133492e+02 1.235703046794311604e+02
1.452137767802759356e+02 1.183648254813167000e+02 1.234853387092502857e+02
1.453396957178040907e+02 1.184957429623156173e+02 1.235958290299515312e+02
1.455190222716559276e+02 1.187228953152723676e+02 1.238250072826461121e+02
1.455101957045629035e+02 1.187530176637271211e+02 1.238721286512539450e+02
1.454797813882047706e+02 1.187420546330870508e+02 1.238644838590079758e+02
1.454781851645878135e+02 1.187669500278064731e+02 1.238675379359656858e+02
1.454456396811524996e+02 1.187806612642673656e+02 1.238564722862212335e+02
1.454682383941103296e+02 1.188399631895341741e+02 1.238765260453907473e+02
1.454753939249490315e+02 1.188753740631868823e+02 1.238743730303752528e+02
1.454032427636979889e+02 1.188053732687163944e+02 1.237843634967294264e+02
1.453719042133418213e+02 1.187451729297423242e+02 1.237259652816397875e+02
1.454281401445936410e+02 1.187654206721220334e+02 1.237628545324541136e+02
1.453964626201636747e+02 1.186854155080638691e+02 1.237025575329043221e+02
1.453115032705701708e+02 1.185755773152194052e+02 1.235871236196075387e+02
1.453342211541007885e+02 1.186011566166150288e+02 1.236177756150525653e+02
1.454528733349222875e+02 1.187129578136172228e+02 1.237344111649585585e+02
1.454463513942957036e+02 1.186939150181404159e+02 1.236985626704801291e+02
1.453626910039458835e+02 1.186094747225973833e+02 1.236641620984613752e+02
1.454437713513943038e+02 1.187045470194115637e+02 1.237979873414369365e+02
1.455887145467546020e+02 1.188660708138025939e+02 1.239707595137840599e+02
1.455589616270755471e+02 1.188518683297582186e+02 1.239809353565848369e+02
1.453939501072535165e+02 1.187169976960355910e+02 1.238628201053997486e+02
1.452882921532798264e+02 1.186973332274039308e+02 1.238797860226159315e+02
1.452858743147692167e+02 1.187844151373109867e+02 1.240022126003019025e+02
1.452476463811869394e+02 1.188340847700007998e+02 1.240864191891104582e+02
1.452308241307168828e+02 1.188789902280130235e+02 1.241453444029554305e+02
1.452702517147321259e+02 1.189704529805884334e+02 1.242138787373215791e+02
1.452625102619104496e+02 1.190044106353115581e+02 1.242121011096104439e+02
1.452112013717857053e+02 1.190107220412594984e+02 1.241798740764280637e+02
1.452087404994571216e+02 1.191018921638727761e+02 1.242228979635073216e+02
1.451721842641879050e+02 1.190775575329043221e+02 1.241936151055321602e+02
1.452289604353698280e+02 1.191282560048727532e+02 1.242678841926855711e+02
1.453018352268213107e+02 1.192092476364503000e+02 1.243648049574958350e+02
1.453493743544927383e+02 1.192496232885781637e+02 1.244258805381213477e+02
1.454452013982680683e+02 1.193646209051667029e+02 1.245019080532824916e+02
1.454760162601625950e+02 1.194268504541722962e+02 1.245720002118587928e+02
1.454942202272185625e+02 1.194652458886152431e+02 1.245909774635205594e+02
1.454799793437673827e+02 1.194738923757315803e+02 1.246506117422737816e+02
1.455157444188448324e+02 1.195486288763539164e+02 1.247635119567808033e+02
1.456343323799687539e+02 1.197359835544609581e+02 1.249711468181457121e+02
1.456790220068324402e+02 1.198305659278091184e+02 1.250658735202987231e+02
1.457184297290855568e+02 1.198544430761897246e+02 1.250270947538465549e+02
1.457601957045629035e+02 1.199035128836630406e+02 1.250662455973093898e+02
1.458560863059770725e+02 1.200039054844945809e+02 1.251533467069198338e+02
1.458975146314980975e+02 1.200833624639177941e+02 1.251998199200233017e+02
1.458827719075236473e+02 1.201086610524085643e+02 1.252189626863695366e+02
1.457516736844892762e+02 1.199718651518762726e+02 1.250790577580042964e+02
1.455439150181404102e+02 1.197229688037922699e+02 1.248715599427981289e+02
1.454797886708508656e+02 1.195995233177087442e+02 1.248030878419533423e+02
1.454562518206615209e+02 1.195250052964698995e+02 1.248003250708402874e+02
1.454586961415216706e+02 1.194871024337279266e+02 1.247823753343396618e+02
1.455699577606525281e+02 1.195587901538624465e+02 1.248977946823442124e+02
1.456972471597680112e+02 1.196377280792351883e+02 1.249745663515267040e+02
1.457789260083154659e+02 1.196569152035168599e+02 1.250102056354439810e+02
1.458072190884775239e+02 1.196348084002012655e+02 1.249929305367972177e+02
1.457945009401234131e+02 1.195793543603188454e+02 1.249512208363126007e+02
1.458410410211593842e+02 1.196202007362093127e+02 1.249812610894838656e+02
1.458792100315139919e+02 1.195927517809380021e+02 1.250138661582055590e+02
1.458710627366859853e+02 1.195242737215645832e+02 1.250195704562908787e+02
1.458464096554646403e+02 1.194581373639469319e+02 1.249945678080559333e+02
1.457525310505548077e+02 1.193228257991048906e+02 1.249051766372712535e+02
1.457064193215222190e+02 1.192519226185747243e+02 1.248429782050263555e+02
1.457769457906305490e+02 1.192773390535208335e+02 1.248534427054368194e+02
1.460152564815550420e+02 1.194808400201265925e+02 1.250538849606737131e+02
1.461257904981330000e+02 1.195721372580175341e+02 1.251313875427027824e+02
1.461536995842271267e+02 1.195921691692486917e+02 1.251406199518021225e+02
1.462115648420327716e+02 1.196327560181139233e+02 1.251722994624083043e+02
1.462620845581419928e+02 1.196413846296443353e+02 1.251974768941500429e+02
1.463259169513519282e+02 1.196802653531421328e+02 1.252475570032573273e+02
1.464450491247583557e+02 1.197788856227324459e+02 1.253420976669050049e+02
1.464517014909562818e+02 1.197852705172002885e+02 1.253504634411165028e+02
1.463786194751198195e+02 1.197035473107174113e+02 1.252593337040862309e+02
1.463481018775985945e+02 1.196576898122401360e+02 1.251982064828791579e+02
1.463180934032467349e+02 1.196274535896824744e+02 1.251535625380683712e+02
1.462847229946240759e+02 1.195953318238394161e+02 1.251032963904557676e+02
1.462666527634331715e+02 1.195729145149757642e+02 1.250528355975742159e+02
1.462968294007044392e+02 1.196165627234448294e+02 1.250917580307724961e+02
1.464430649347210078e+02 1.197820535737930641e+02 1.252498179338470976e+02
1.466636953470512026e+02 1.200244326156616665e+02 1.254663581472948266e+02
1.467958508778898761e+02 1.201748080029660173e+02 1.255902339715579501e+02
1.470208634570059019e+02 1.204248874500145661e+02 1.258364337544026910e+02
1.472564683138687940e+02 1.206932324355816917e+02 1.261020841609067560e+02
1.471729813829082900e+02 1.206609729615211393e+02 1.260775270782023796e+02
1.470716294589655888e+02 1.205330870474828515e+02 1.260157159503191053e+02
1.468114105823468662e+02 1.202032050263499343e+02 1.257464321654617265e+02
1.466946598342204879e+02 1.199730224305500315e+02 1.255728410264558619e+02
1.466665501443287951e+02 1.198619011678716078e+02 1.255406265723894990e+02
1.466780633457800320e+02 1.198309777283440525e+02 1.254804586742935868e+02
1.467012512910145290e+02 1.198157437567861052e+02 1.254802044437382449e+02
1.466440964222345826e+02 1.196383245941579929e+02 1.253458177749529909e+02
1.463870448346177398e+02 1.193707634861364966e+02 1.250798932761314575e+02
1.462688786049098155e+02 1.191706489499748471e+02 1.249107961918381449e+02
1.462704576149996001e+02 1.190664879108074530e+02 1.248453655888350369e+02
1.463307254839649261e+02 1.190475536929636462e+02 1.248694294377797149e+02
1.464972716559413186e+02 1.191911701226132720e+02 1.250253866423029052e+02
1.466926796165355711e+02 1.193577851486983974e+02 1.252419910754482117e+02
1.466315431265061875e+02 1.192461176875612381e+02 1.251638343793861452e+02
1.466150485951113467e+02 1.191780673181324630e+02 1.251282805010460493e+02
1.468064656656338514e+02 1.193411019305632834e+02 1.253210667090384192e+02
1.468954331188263041e+02 1.194545827705834000e+02 1.254399671618865995e+02
1.467809750801091013e+02 1.193169751860385048e+02 1.253255620878684340e+02
1.467366370064352168e+02 1.192500013241174770e+02 1.252552024575620351e+02
1.466604519212944524e+02 1.192167732581234674e+02 1.252117455840682254e+02
1.464758414766558019e+02 1.190789597733110838e+02 1.250420102751516112e+02
1.462764009162893046e+02 1.188785314213076987e+02 1.248417606790074359e+02
1.463184350255554591e+02 1.189348633510765012e+02 1.248785022907232332e+02
1.464464652683986117e+02 1.190659576017584271e+02 1.249759679298747415e+02
1.464544748550091242e+02 1.190764578533407416e+02 1.249630988321283809e+02
1.464898056195545735e+02 1.190832062180556647e+02 1.249652657503773696e+02
1.465101129472206765e+02 1.191007580572548363e+02 1.249650611742273725e+02
1.465156947644395018e+02 1.191072786737639433e+02 1.249545920394057390e+02
1.465707403140806662e+02 1.191648281295516512e+02 1.250256805963825144e+02
1.466651068562802891e+02 1.192717883530626892e+02 1.250893117237361309e+02
1.467429047165064446e+02 1.193526449246577101e+02 1.251506349143296006e+02
1.467059605148168657e+02 1.193158371070681341e+02 1.250771556632504371e+02
1.467899598792404845e+02 1.194233051296311032e+02 1.251636496649982746e+02
1.468869773046264697e+02 1.195377320515876107e+02 1.252759169513519169e+02
1.468898042954371022e+02 1.195268319165276409e+02 1.252965652392680340e+02
1.468259679298747358e+02 1.194324892084425755e+02 1.252019815418023825e+02
1.467097044569794093e+02 1.192751701490956293e+02 1.250460845846243529e+02
1.466235090437223505e+02 1.191402352956754385e+02 1.249507832154868794e+02
1.466685541961282695e+02 1.190970518524403445e+02 1.249600877889886448e+02
1.465764989009825001e+02 1.188125056274992772e+02 1.247582697756945009e+02
1.464779964778475119e+02 1.185326520748920842e+02 1.245209521728767754e+02
1.464995127247689481e+02 1.184076004343105382e+02 1.244426048038982060e+02
1.465931092926564361e+02 1.184436455602341027e+02 1.244983514737427441e+02
1.466900989115754328e+02 1.184883987447366280e+02 1.245605604989274582e+02
1.465115224702735759e+02 1.182693890521967148e+02 1.243526045390747043e+02
1.462141190646434268e+02 1.178971425544874307e+02 1.240293358226741844e+02
1.461938660257937954e+02 1.178572912528799606e+02 1.239769742591562789e+02
1.462509659436985316e+02 1.178917090384258870e+02 1.240211269563835685e+02
1.461752886576097126e+02 1.177901492280395104e+02 1.239210408887476547e+02
1.461385900797118609e+02 1.176424061862768440e+02 1.238222451735917957e+02
1.461399347210084443e+02 1.175745392071184625e+02 1.237947902597918528e+02
1.461321720823071360e+02 1.175230052170228561e+02 1.237721207065490887e+02
1.461785069251343998e+02 1.175065040650406445e+02 1.237554169645930955e+02
1.461799018828950523e+02 1.174918215884113266e+02 1.237541014538809918e+02
1.462133768967982803e+02 1.174729343767379106e+02 1.236596322925770011e+02
1.462394143428404902e+02 1.174602149042663086e+02 1.235570264293848197e+02
1.461389416329016626e+02 1.173270934297290893e+02 1.233529560922645061e+02
1.460384358200259669e+02 1.171916454807870593e+02 1.231875301236725733e+02
1.460221544715447237e+02 1.171792649823892418e+02 1.231415474960938496e+02
1.460993584650830144e+02 1.172204039882418414e+02 1.232049012208363195e+02
1.463133768967982746e+02 1.174057738142527967e+02 1.234439494451947752e+02
1.467207661343714449e+02 1.178201093721034880e+02 1.238927358915282895e+02
1.470139661290749586e+02 1.181291868594581729e+02 1.242335564471279952e+02
1.471652439024390162e+02 1.183031480892984888e+02 1.243999993379412672e+02
1.472282076745848940e+02 1.184093535658483631e+02 1.244636926988162458e+02
1.473305361351659144e+02 1.185679371573846055e+02 1.245706648393845484e+02
1.474368462169963720e+02 1.187204404014724162e+02 1.246667805407695795e+02
1.473546701623368165e+02 1.186612060061968634e+02 1.245995987924048620e+02
1.474013353724742501e+02 1.186714288551680312e+02 1.245651565106856253e+02
1.474007282646116437e+02 1.186314226318158944e+02 1.245007335610815460e+02
1.471915077725695937e+02 1.183921089219035565e+02 1.242091714996954579e+02
1.470944691613040050e+02 1.182893368819681683e+02 1.240879280209740188e+02
1.470924955642064447e+02 1.182405610285744615e+02 1.240564597071052191e+02
1.470404014724186368e+02 1.181198180662588442e+02 1.239459256905272611e+02
1.469247318662111752e+02 1.179341701755779752e+02 1.238312928683032794e+02
1.469045039855936068e+02 1.178106267048012512e+02 1.237989056169063389e+02
1.469377572098196651e+02 1.178042557135669028e+02 1.238574441884483974e+02
1.469752535684965835e+02 1.178281096898916900e+02 1.239002423134980546e+02
1.469988089563306062e+02 1.178705284552845569e+02 1.239226536638330600e+02
1.470097858902041708e+02 1.179252820370223276e+02 1.239306182304494115e+02
1.469276310214242187e+02 1.178397480204443752e+02 1.238291405153465234e+02
1.468930503694287779e+02 1.178029388787373222e+02 1.237722220015359795e+02
1.470306314716241616e+02 1.179520331823839427e+02 1.239223186621117065e+02
1.471961872037287264e+02 1.181256898652048477e+02 1.240966188660257927e+02
1.473163468922962807e+02 1.182198174042001000e+02 1.242253455946611638e+02
1.473148195227880706e+02 1.181931900638224562e+02 1.242190712640025367e+02
1.472106048568629149e+02 1.180559730939328915e+02 1.240916739493127778e+02
1.471881418659463350e+02 1.180210647228622065e+02 1.240371924737162743e+02
1.472704980005826201e+02 1.181502734302587356e+02 1.241898023092608838e+02
1.473705191864622179e+02 1.183147116072137948e+02 1.243789313047853540e+02
1.473915468340351254e+02 1.183930629485447952e+02 1.244278303011043079e+02
1.474401591589205793e+02 1.185008249251873593e+02 1.245436376155292493e+02
1.476061134503853225e+02 1.187309538942295006e+02 1.247782990386907187e+02
1.479103208336643718e+02 1.191043106644421528e+02 1.251367383014220991e+02
1.479753932628902930e+02 1.192663919122904588e+02 1.252878121606948980e+02
1.478827341701755813e+02 1.192376201636609210e+02 1.252464904266306576e+02
1.478131054527157744e+02 1.191897427239744758e+02 1.251774284314504371e+02
1.477226470432456722e+02 1.191077255634119894e+02 1.250580605651333457e+02
1.476027627711130492e+02 1.190216897063107382e+02 1.249337153412250672e+02
1.476946935992161229e+02 1.191348328963745615e+02 1.250166329016710307e+02
1.477711143772675371e+02 1.192459336352321202e+02 1.251001867005640804e+02
1.477417275760705593e+02 1.192385841211832371e+02 1.250682377320515855e+02
1.476790378962421642e+02 1.191891223749370994e+02 1.249983660390349769e+02
1.476114800985143347e+02 1.191376724663012112e+02 1.249203304997219419e+02
1.475881822515293607e+02 1.191503230846640662e+02 1.249361153041497801e+02
1.475642064563968177e+02 1.191356942347925099e+02 1.249169765101559761e+02
1.475219452609835571e+02 1.190998708985461150e+02 1.248719730674505399e+02
1.473404147135933897e+02 1.188559015915892019e+02 1.246582545483435354e+02
1.471282765286936183e+02 1.185821628134848140e+02 1.243975556791398560e+02
1.470087570509255670e+02 1.184250344270543707e+02 1.242393931569608867e+02
1.470453861126559048e+02 1.184420797913190881e+02 1.242762592357193938e+02
1.470561074918566646e+02 1.184495848891713621e+02 1.243036313921771097e+02
1.470072363020047135e+02 1.183865813935012312e+02 1.242227854135218905e+02
1.470101036783983375e+02 1.183739751330738130e+02 1.242221134239029681e+02
1.471836385424114724e+02 1.184804699292921271e+02 1.243696677789253471e+02
1.473302170228542707e+02 1.186105803606895961e+02 1.245255985010990116e+02
1.473659754773443638e+02 1.186223060829956779e+02 1.245495524482932126e+02
1.472391071475861395e+02 1.184945611874685483e+02 1.244048270702576673e+02
1.471712011069622008e+02 1.183881167077143033e+02 1.242956403432112467e+02
1.470789597733110838e+02 1.182806466989751328e+02 1.241487142819310918e+02
1.471048138290829286e+02 1.182742333359815632e+02 1.241403981621249386e+02
1.472223656682820945e+02 1.184157848044278438e+02 1.242472564285903474e+02
1.473203410926617494e+02 1.185340417361828287e+02 1.243554527157649403e+02
1.472632517676968291e+02 1.184765114800985089e+02 1.242826845157702422e+02
1.471443122533831342e+02 1.183745074282990402e+02 1.241741035724689510e+02
1.471738791345568131e+02 1.184280328910780895e+02 1.242176690235957750e+02
1.473621050819628806e+02 1.186847858902041821e+02 1.244856320012711564e+02
1.472700140356452323e+02 1.185979330526204336e+02 1.243547575540901988e+02
1.472372454384153002e+02 1.185786174889436211e+02 1.243098401790206822e+02
1.472741300548184711e+02 1.186260725351553162e+02 1.243195578771748586e+02
1.472884166203225504e+02 1.186345488731760298e+02 1.243250549508752414e+02
1.472315749053256013e+02 1.186110563809221219e+02 1.242781123381266326e+02
1.472650029130584528e+02 1.186741181377611838e+02 1.243301667063901874e+02
1.472936482084690510e+02 1.187241982468684682e+02 1.243461362252058962e+02
1.473185899473001257e+02 1.187430689070734360e+02 1.243661006064457979e+02
1.474105644712798835e+02 1.188336809141706993e+02 1.244763942957019083e+02
1.474970597971451980e+02 1.189500655438150432e+02 1.245702159635602868e+02
1.475041895076931269e+02 1.189986758825242958e+02 1.246131749688832429e+02
1.474521702285426841e+02 1.189203543338364994e+02 1.245558221445406701e+02
1.471814669897513284e+02 1.186618078175895761e+02 1.242593409867323402e+02
1.470563306056513397e+02 1.184890919202351682e+02 1.241111199385609467e+02
1.470964626201636634e+02 1.185201709435661144e+02 1.241401373109822259e+02
1.472617627975953951e+02 1.186572038611265612e+02 1.242919473795715106e+02
1.474218241042345312e+02 1.188230979052461578e+02 1.244796019702868080e+02
1.473111649585551106e+02 1.187303673101877592e+02 1.244155676491618294e+02
1.468756779481475689e+02 1.182879842959667371e+02 1.239891309817006970e+02
1.467290405444771011e+02 1.181257050925558048e+02 1.238468737586398731e+02
1.468143785916686568e+02 1.182259275442917357e+02 1.239606644421493087e+02
1.468846197134609781e+02 1.183001608802732960e+02 1.240330347448425670e+02
1.468951901432695024e+02 1.183001992796800863e+02 1.240361106697386191e+02
1.467977370832340114e+02 1.182087484441619694e+02 1.239265988718519083e+02
1.467279262996213163e+02 1.181280136913747043e+02 1.238464718889859881e+02
1.468322290193586070e+02 1.182413071687720105e+02 1.239609570721114409e+02
1.469447141230369880e+02 1.183306109478032937e+02 1.240116879849580300e+02
1.469611590000264698e+02 1.183180934032467349e+02 1.239675121156749071e+02
1.469900207886443582e+02 1.183219426127486003e+02 1.239530765869547935e+02
1.470246265988718619e+02 1.183492525356849683e+02 1.239715956939699737e+02
1.470732236964063588e+02 1.184101003681046649e+02 1.240259606472286151e+02
1.471061352983236645e+02 1.184665561028574388e+02 1.240604982654061104e+02
1.471528561213951036e+02 1.185395831678186482e+02 1.241298191255528138e+02
1.471350732236963950e+02 1.185476232091311175e+02 1.241226172506024739e+02
1.471452821694340685e+02 1.186176293000714992e+02 1.241879161039167343e+02
1.470087285823998400e+02 1.185018180132941410e+02 1.240485368501893504e+02
1.469358948385900874e+02 1.184679159715049934e+02 1.239698769894865080e+02
1.470546271285188311e+02 1.186199935118243758e+02 1.240828228860464435e+02
1.470882160165249957e+02 1.186896831386880677e+02 1.241299998675882534e+02
1.470480343476073131e+02 1.186968625036413272e+02 1.241006388866820203e+02
1.471072164402425813e+02 1.188005521569873650e+02 1.241890243902439011e+02
1.471960024893408558e+02 1.189427027885914043e+02 1.243068827626387076e+02
1.471944208310161173e+02 1.189798515664309804e+02 1.243344263923095241e+02
1.471749000291305833e+02 1.189478218267524738e+02 1.243459468764068703e+02
1.472684873281957607e+02 1.190068059638251157e+02 1.244366184687905559e+02
1.473829447048542249e+02 1.190817106273668600e+02 1.245707283970233874e+02
1.474085988188872136e+02 1.190704258361801919e+02 1.245908477000079415e+02
1.474856869521463807e+02 1.191363596038240473e+02 1.246410628690977518e+02
1.475261830989645375e+02 1.191960713434495887e+02 1.246867442599507427e+02
1.475344244061333256e+02 1.191778382458091698e+02 1.246527250337649946e+02
1.474827838245809062e+02 1.191130226953735303e+02 1.245872182940070445e+02
1.474251456529223390e+02 1.190535996133576901e+02 1.245238625830883734e+02
1.475157960594263784e+02 1.191557340907285294e+02 1.246363741691162801e+02
1.475061842906702623e+02 1.191473961229840342e+02 1.246400062233521311e+02
1.474057175392600811e+02 1.190093800481978832e+02 1.245378724080400445e+02
1.474783950372076902e+02 1.190850195969386363e+02 1.246155153465215477e+02
1.476231058499510027e+02 1.192496332194592270e+02 1.247485752495961435e+02
1.475831989354095413e+02 1.192440619951802177e+02 1.246822031990678283e+02
1.475333770292100439e+02 1.192020166309154945e+02 1.246329811180847997e+02
1.476623560022245272e+02 1.193842012923386591e+02 1.247480369958422699e+02
1.477500019861762155e+02 1.195254727099388248e+02 1.248529627128518911e+02
1.478425379359656802e+02 1.195849706045920442e+02 1.249299680887688311e+02
1.477307175392600698e+02 1.194531163104790608e+02 1.247932820899870165e+02
1.476393660125526424e+02 1.193442731919175799e+02 1.246963480840020111e+02
1.476150015889409701e+02 1.193304209369455293e+02 1.246734918301951751e+02
1.475899261142448609e+02 1.193298773867217477e+02 1.246439607001933183e+02
1.476930795000132548e+02 1.194444406927782580e+02 1.247682443526389591e+02
1.477952934244326286e+02 1.195802488016736902e+02 1.248727490002913072e+02
1.477312802891872536e+02 1.195369395672784094e+02 1.248138032626254557e+02
1.476417600169486946e+02 1.194660112285161944e+02 1.247243862715500171e+02
1.476640819893540879e+02 1.195145957469346740e+02 1.247554341781202822e+02
1.477774436588014169e+02 1.197018378750562704e+02 1.249079182225047049e+02
1.477165713302084100e+02 1.196867826593575330e+02 1.248861590000264812e+02
1.475623593125181969e+02 1.195662575143666686e+02 1.247368462169963692e+02
1.475116495855512255e+02 1.195587656576891504e+02 1.246992240671592356e+02
1.476784943460183683e+02 1.197488526522073045e+02 1.249040551097693452e+02
1.476260427425121122e+02 1.197122176319483060e+02 1.248675736871375221e+02
1.471843125182066103e+02 1.192052057678557304e+02 1.243963950901724047e+02
1.470795311300018398e+02 1.190263969439368594e+02 1.242607326341993002e+02
1.471654153756521168e+02 1.190576375095998571e+02 1.243130597706628464e+02
1.473150631604035823e+02 1.191730581817218848e+02 1.244694327480734160e+02
1.474910913376234873e+02 1.193194671751277838e+02 1.246389542120176941e+02
1.475986394692937154e+02 1.194576328751886933e+02 1.247669175869283151e+02
1.476372182940070559e+02 1.195263088901247386e+02 1.248056632504435726e+02
1.475908894097084385e+02 1.194876228118958750e+02 1.247636629061730389e+02
1.475515075077460949e+02 1.194528713487460578e+02 1.247157722253118237e+02
1.475938726463811861e+02 1.194900048992346626e+02 1.247504614549402788e+02
1.476955834061597841e+02 1.195859080797648346e+02 1.248609511135828001e+02
1.477145977331108782e+02 1.196026541934800491e+02 1.249141342919943867e+02
1.476937250072826373e+02 1.195703000450199909e+02 1.249027779984640176e+02
1.476014704324567788e+02 1.194625811021953865e+02 1.247947187574481660e+02
1.475040511374169228e+02 1.193363384179444466e+02 1.246843204629114723e+02
1.474257322369640519e+02 1.192398407086676713e+02 1.246124129392759698e+02
1.474472471597680112e+02 1.192684661423161430e+02 1.246512261327824973e+02
1.475442387648632234e+02 1.193465202192738559e+02 1.247341582585206936e+02
1.475324157199226818e+02 1.193563398744736617e+02 1.247328804851566417e+02
1.476047019411562076e+02 1.194295384126479718e+02 1.247979979343767383e+02
1.478358014883080500e+02 1.197419400969254042e+02 1.250622520590026738e+02
1.479354757554090156e+02 1.199280871798946038e+02 1.251797727814411729e+02
1.478874639177987831e+02 1.198969869706840399e+02 1.251224047297476289e+02
1.478773979767484832e+02 1.199176816027117951e+02 1.251202927623738788e+02
1.478809433012897046e+02 1.199748444161966034e+02 1.251698935409549591e+02
1.479012459945446381e+02 1.200727695241121751e+02 1.253036161648261384e+02
1.478617482323031709e+02 1.201240612007097326e+02 1.253588086915071074e+02
1.479470856174359881e+02 1.202775098646751957e+02 1.255125579301395646e+02
1.480547251132120437e+02 1.204684721008447923e+02 1.256835180477211935e+02
1.480876936521808318e+02 1.205283122798654745e+02 1.257464222345806490e+02
1.480090351155954522e+02 1.205469300336325773e+02 1.258010361219247386e+02
1.480691778554593441e+02 1.207084538280236217e+02 1.259886225205900274e+02
1.480693506527899217e+02 1.207645454304705908e+02 1.260787002462858482e+02
1.479105412992240645e+02 1.206567238685416186e+02 1.259759010619422099e+02
1.479942149307486545e+02 1.207899658377691310e+02 1.260844098408410758e+02
1.481853910118905731e+02 1.210455165382272753e+02 1.263356041948041621e+02
1.481179080268001371e+02 1.210402856121395132e+02 1.262889323640793435e+02
1.479058512751251158e+02 1.208470670797913158e+02 1.260888297449749729e+02
1.479185906093588585e+02 1.208445962765816546e+02 1.261071992267153945e+02
1.482172035963030510e+02 1.211216539551388962e+02 1.264373407748735474e+02
1.482893580678477861e+02 1.211357975159556162e+02 1.265389912873070131e+02
1.480995994544636005e+02 1.208663336511215221e+02 1.263507090649082443e+02
1.479514492465771696e+02 1.205311293397950294e+02 1.261291577288737074e+02
1.480228370541034337e+02 1.206033976854426584e+02 1.262183072482190624e+02
1.482176531341860652e+02 1.208327520457614952e+02 1.264413919122904559e+02
1.482947988665554533e+02 1.209257223060829887e+02 1.265116469373162857e+02
1.483218068907073359e+02 1.209568774661688053e+02 1.265613039908900674e+02
1.482396281878128264e+02 1.208595084875930183e+02 1.264626771007123693e+02
1.480379842959667371e+02 1.206461964725510398e+02 1.262477602552898475e+02
1.482216605757262755e+02 1.208140283625963320e+02 1.264161138476205650e+02
1.483699557744763240e+02 1.210154418580016369e+02 1.266258706072402731e+02
1.483055804931013597e+02 1.209814537485765698e+02 1.266133040703371222e+02
1.482006071078626235e+02 1.208936343052355653e+02 1.265377975954026653e+02
1.482305705622202936e+02 1.209472345806519940e+02 1.265947995286141747e+02
1.482797747676173969e+02 1.209989241545509913e+02 1.266435998781811918e+02
1.482125711713143232e+02 1.209377783956992687e+02 1.265995550965281637e+02
1.481965546463282237e+02 1.209400598501099040e+02 1.266080254760202308e+02
1.482081995974682798e+02 1.209644706178332143e+02 1.266507183337305662e+02
1.481505687084558076e+02 1.209256421969757156e+02 1.266192480336855510e+02
1.481009421095839684e+02 1.208912098461375564e+02 1.265463937660549192e+02
1.482892600831545735e+02 1.210226265194248043e+02 1.266825335663780123e+02
1.484071283864304576e+02 1.211225093350281981e+02 1.267666620322554962e+02
1.483471948571277323e+02 1.210498960567781523e+02 1.266788174306824430e+02
1.483652578056725133e+02 1.210601586292735874e+02 1.266748550091364081e+02
1.483486719101718734e+02 1.210426776303593641e+02 1.266628532083366423e+02
1.482373692433992858e+02 1.209393064272662315e+02 1.265085312888959521e+02
1.482738221975053534e+02 1.209741466062869080e+02 1.265127525754084843e+02
1.483954986626413586e+02 1.211103115648420356e+02 1.266387456635152660e+02
1.484105704298085300e+02 1.211367151293662801e+02 1.266428709515108153e+02
1.484598454754905958e+02 1.212005011784645490e+02 1.266910072561637719e+02
1.485812180556658859e+02 1.213070701252615180e+02 1.268380703636026539e+02
1.486724643150340341e+02 1.214015591483276353e+02 1.269462918090092955e+02
1.486857200550832943e+02 1.214059538942294978e+02 1.269660145388098869e+02
1.486767835862397646e+02 1.214118806440507399e+02 1.269415885437356053e+02
1.487076944466513169e+02 1.214554566881173656e+02 1.269864582505759927e+02
1.487694327480733989e+02 1.214942294960408873e+02 1.270840192261857453e+02
1.488514671221630863e+02 1.215695863457005856e+02 1.271859511135828029e+02
1.489928431450438211e+02 1.217111689309075473e+02 1.273521079950213135e+02
1.490365449802706621e+02 1.217736467519398360e+02 1.274150095336458293e+02
1.489502860093747643e+02 1.217624678901512141e+02 1.273615118773337542e+02
1.486377512512910073e+02 1.214544682344217534e+02 1.270195486083525367e+02
1.483711362252059018e+02 1.211453887608908673e+02 1.267379737030269382e+02
1.484037432801038108e+02 1.211255395778713506e+02 1.267417639893011341e+02
1.484018385371150259e+02 1.210637304361642919e+02 1.267140654378856510e+02
1.483670374195598640e+02 1.209799952331770925e+02 1.266820423187945295e+02
1.484160423452768782e+02 1.209460428749238616e+02 1.266644732660681711e+02
1.484071462620163686e+02 1.208154312650618323e+02 1.265645123275337056e+02
1.483229436455602297e+02 1.206241406477582672e+02 1.264264101851116209e+02
1.482612271920764897e+02 1.204665938402055048e+02 1.262929146473875193e+02
1.483194724715976918e+02 1.204800203914091270e+02 1.263271947247159801e+02
1.484573554725775182e+02 1.206132411747570217e+02 1.265061386086173627e+02
1.484411443023224990e+02 1.205780209740208164e+02 1.265147639098540822e+02
1.482698902306612752e+02 1.203837934641561418e+02 1.263518822329917128e+02
1.482896804904531223e+02 1.203727145732369337e+02 1.263808075792484260e+02
1.483563372262387077e+02 1.204207277349646432e+02 1.264485090437223533e+02
1.483918553534069531e+02 1.204144884934191424e+02 1.264451431370991230e+02
1.484335789571250643e+02 1.203989678504276952e+02 1.264612079923730903e+02
1.484339900956012741e+02 1.203484031143242987e+02 1.264342138714546735e+02
1.485318821005799634e+02 1.204215539842694795e+02 1.265465215433913357e+02
1.486016597812557904e+02 1.204868442308201537e+02 1.266157166123778524e+02
1.485861947511983203e+02 1.204781785440004285e+02 1.265948200524350540e+02
1.484509579989936583e+02 1.203285565795397360e+02 1.264305692381028052e+02
1.485427478085855739e+02 1.203762612218956036e+02 1.265145533751754385e+02
1.486627121898254700e+02 1.204990883451179826e+02 1.266381590794735246e+02
1.484843879929027253e+02 1.203863516591191996e+02 1.264799045311300034e+02
1.483535406901300178e+02 1.202896533460448580e+02 1.263573779825746186e+02
1.483955039591112381e+02 1.203843164905590442e+02 1.264456509361510541e+02
1.483242657768597326e+02 1.203403127565477604e+02 1.263752323826169857e+02
1.482089563306056448e+02 1.202493035142077815e+02 1.262731588146500314e+02
1.481619336087497629e+02 1.201981270358306233e+02 1.262185793543603154e+02
1.481335193718386734e+02 1.202005978390402845e+02 1.262651604830380592e+02
1.479251681629194195e+02 1.200335696883027481e+02 1.261409066232356082e+02
1.476170473504409415e+02 1.197448114456714592e+02 1.258453847885384391e+02
1.472938130610947667e+02 1.193976225470723733e+02 1.254862549985434725e+02
1.469225225762029652e+02 1.190070131882100526e+02 1.250784148989698394e+02
1.464883073806308005e+02 1.186126526045390790e+02 1.245920334472074416e+02
1.461590059850109924e+02 1.183240175048330229e+02 1.242750662058737845e+02
1.459947975424379649e+02 1.181713792007626864e+02 1.240927120574137348e+02
1.458848805646036908e+02 1.180987281851645889e+02 1.240051938507984488e+02
1.458689971134239158e+02 1.181156126691560075e+02 1.240180847964831372e+02
1.459603075924896132e+02 1.179270868091417128e+02 1.238866085379094812e+02
1.457878598289240131e+02 1.174084114562644032e+02 1.234609127141760041e+02
1.457068509838192938e+02 1.170360292365138690e+02 1.232088808559095412e+02
1.458763366965917214e+02 1.170274595482111124e+02 1.233172995948200565e+02
1.459820674770265612e+02 1.170466764651359881e+02 1.234301580996265955e+02
1.460915772887370565e+02 1.171124904001483031e+02 1.234765790100897789e+02
1.462604956171711592e+02 1.173035201663091556e+02 1.236626102327798549e+02
1.462363172320648346e+02 1.173136602579380821e+02 1.236621825428351968e+02
1.458226801461825630e+02 1.168988778104393447e+02 1.232520596647334514e+02
1.451376790868885962e+02 1.161808161860120236e+02 1.225014194539339485e+02
1.447000834194009826e+02 1.159668493948783095e+02 1.222960528058049334e+02
1.444437667169831343e+02 1.159082075421731446e+02 1.222422307407113209e+02
1.440336418527051592e+02 1.156053388416620322e+02 1.219800918937528138e+02
1.433856267048012398e+02 1.149775694499616066e+02 1.213593469452609810e+02
1.424311035195042621e+02 1.139941275389952580e+02 1.203313961494663857e+02
1.414256104181563103e+02 1.129715400810359824e+02 1.192588788697333229e+02
1.404977264902942125e+02 1.120228489711607267e+02 1.182264426259897760e+02
1.398552488016736959e+02 1.113276687587722762e+02 1.175052699875532909e+02
1.392783076454543050e+02 1.106089927438362395e+02 1.167697697359709821e+02
1.381778826037445924e+02 1.094110596912158115e+02 1.155152028547972805e+02
1.375584902412541908e+02 1.082108842456502771e+02 1.143879584756759584e+02
1.368946115039326230e+02 1.072491558751092384e+02 1.134295205370620465e+02
1.362679298747384848e+02 1.064120521172638405e+02 1.125727337729403388e+02
1.360606220703900817e+02 1.060691017187044878e+02 1.122174929159715049e+02
1.365577540319377192e+02 1.061707979131908530e+02 1.124088305394454608e+02
1.376319198379280238e+02 1.069052680013770811e+02 1.132743326447922527e+02
1.386095111358279723e+02 1.077879121315643118e+02 1.142281216069489744e+02
1.392744703530097183e+02 1.084984183416752757e+02 1.150229635073223733e+02
1.403822707290590870e+02 1.096247510659145661e+02 1.162770417891475319e+02
1.409881431900638233e+02 1.102954020020656287e+02 1.170214910886893875e+02
1.409929748947326686e+02 1.107712898228330829e+02 1.175312657238950180e+02
1.409818344323508370e+02 1.111092238023357481e+02 1.178759500542888219e+02
1.410571528826037309e+02 1.113878062021662601e+02 1.181769524112179255e+02
1.413116687852546249e+02 1.117198955271311718e+02 1.185370693307910273e+02
1.411021099811975432e+02 1.115614847329255070e+02 1.183335961706522568e+02
1.403488778104393475e+02 1.113975205900267440e+02 1.181108875559439610e+02
1.399293854770795349e+02 1.113527482058208165e+02 1.180185131484865337e+02
1.391820423187945153e+02 1.108360001059294007e+02 1.174592410158629292e+02
1.383247173009189339e+02 1.101589483859007998e+02 1.166918778634040450e+02
1.377912416249569674e+02 1.096418176160589013e+02 1.161656662959137805e+02
1.375137383808691425e+02 1.095554547019411586e+02 1.161040246550673913e+02
1.368265187627446267e+02 1.089642905378565132e+02 1.155178855168030481e+02
1.363492737215645718e+02 1.084749218770689367e+02 1.150645447684118494e+02
1.362126234739546078e+02 1.083079043192712021e+02 1.149249589523582529e+02
1.363750715023437010e+02 1.083006944996160001e+02 1.150140945684701137e+02
1.364677411879982003e+02 1.082767849103572502e+02 1.150971418924286951e+02
1.361779786022615895e+02 1.078705939990995972e+02 1.147669235454569474e+02
1.358819291067503627e+02 1.074948789756627150e+02 1.144118938852254956e+02
1.357894997484176827e+02 1.073793728979635063e+02 1.143007110510844484e+02
1.357734269484388676e+02 1.073159099335292979e+02 1.142590867561770125e+02
1.357991876539286693e+02 1.071263267657106582e+02 1.140790637165329287e+02
1.357500311167606810e+02 1.068637900214506971e+02 1.138213454357670571e+02
1.358440474298879792e+02 1.068585451921294407e+02 1.138185277137787637e+02
1.359491426339344855e+02 1.068903173909589270e+02 1.138564067424061932e+02
1.359857054897910587e+02 1.068461064325626921e+02 1.138260976933873536e+02
1.360373864569264697e+02 1.067003191123116466e+02 1.136721207065490802e+02
1.361165620613860767e+02 1.065828063345780095e+02 1.135589192553163258e+02
1.362459448902306747e+02 1.065808022827785351e+02 1.135680881067768269e+02
1.364025436296708165e+02 1.066625354201424756e+02 1.136359722994624093e+02
1.364312657238950237e+02 1.066414097878763840e+02 1.136029852228489716e+02
1.364630478536055591e+02 1.066543232435581672e+02 1.135941593178146718e+02
1.366278250046344169e+02 1.068167765684171542e+02 1.137452755488466920e+02
1.369773562670480089e+02 1.071792325415110838e+02 1.141390164455390419e+02
1.369980932708349997e+02 1.072099322051852397e+02 1.141703397685442667e+02
1.369715275019199794e+02 1.071942851089748672e+02 1.141656245862132835e+02
1.369637370567516825e+02 1.072347825799104868e+02 1.141769292391620922e+02
1.369216023145573615e+02 1.071829102777998486e+02 1.141043119885596298e+02
1.367989208442573101e+02 1.070224874870898617e+02 1.139262943248324973e+02
1.368174366409787979e+02 1.070497265697412672e+02 1.139311041815629864e+02
1.368612788326580301e+02 1.070924154550991716e+02 1.139960673710971690e+02
1.367279938296125579e+02 1.070568463494081186e+02 1.139430278594316945e+02
1.365443559492598240e+02 1.069649473001244644e+02 1.138538326580334257e+02
1.364663038584783123e+02 1.069300826249304777e+02 1.138143653504939010e+02
1.364211938243161057e+02 1.069643454887317660e+02 1.138131127353618837e+02
1.363393713090225390e+02 1.069275429676120837e+02 1.137571767167183054e+02
1.362210766399194881e+02 1.068225543550223762e+02 1.136319794232144318e+02
1.360824898705013197e+02 1.066740327321840027e+02 1.134738672174995315e+02
1.359766637536082214e+02 1.065636119276502143e+02 1.133473133656417957e+02
1.357506044596276524e+02 1.063363423902968634e+02 1.130938157093297320e+02
1.356411270887953151e+02 1.062064497762241473e+02 1.129830936680702251e+02
1.357534387330844083e+02 1.061534744842562361e+02 1.129204390773549420e+02
1.357410383729244359e+02 1.059936693943486716e+02 1.127600910992823344e+02
1.357514863218664800e+02 1.059027720399353854e+02 1.127021020364926756e+02
1.359801991472683369e+02 1.060305010460528052e+02 1.128685879611239073e+02
1.363681073064802263e+02 1.063566060220862823e+02 1.132546463282222362e+02
1.364965758322078386e+02 1.065681841052938239e+02 1.135079685389687825e+02
1.367093449590847740e+02 1.068179119991525710e+02 1.138058413442440582e+02
1.369853380471915330e+02 1.071270768782606382e+02 1.141386655544079929e+02
1.372130988321283951e+02 1.073730840020126607e+02 1.143889667911337114e+02
1.370660946479171685e+02 1.075358544530070759e+02 1.144847858902041793e+02
1.370847792696168028e+02 1.078050409152299949e+02 1.147205887026296978e+02
1.371796496385159401e+02 1.080880975080109039e+02 1.149896122984031166e+02
1.373001099017504885e+02 1.082942096342787579e+02 1.151889899631895275e+02
1.373501827282116494e+02 1.084302534360848540e+02 1.153215208813325887e+02
1.373259798469320287e+02 1.084246649982786437e+02 1.153028488387489716e+02
1.373377486030560704e+02 1.084373407748735474e+02 1.153679530467943124e+02
1.375355419612828030e+02 1.086248020444373878e+02 1.156151320145123265e+02
1.377646586425147746e+02 1.088748728847223362e+02 1.159003330155451437e+02
1.379055156113450380e+02 1.090553169937236788e+02 1.161176670374195652e+02
1.381921870448346112e+02 1.093401240698074730e+02 1.164238745001456579e+02
1.386156967506157116e+02 1.097415289584491944e+02 1.168272258414766611e+02
1.387626029501337257e+02 1.098849831837080586e+02 1.169352427107332915e+02
1.390522417308863510e+02 1.101485911390058590e+02 1.172421162045496743e+02
1.391644097084293321e+02 1.102826891501813975e+02 1.173688772807923471e+02
1.393069509546886877e+02 1.104887046158735160e+02 1.175448273350811661e+02
1.392429047165064446e+02 1.104938170334472005e+02 1.175221730091893733e+02
1.390717618707131749e+02 1.103719975636238502e+02 1.173696763856889334e+02
1.390283414104499400e+02 1.103507560710786208e+02 1.173205370620481460e+02
1.389458687534758212e+02 1.103171936654219962e+02 1.172586054394745929e+02
1.387933853711501229e+02 1.101723875162204394e+02 1.170817516750086043e+02
1.387513916474669600e+02 1.101395725748788408e+02 1.170920910463176341e+02
1.388867071846614181e+02 1.102959058287651288e+02 1.172884987156060532e+02
1.389273496464606410e+02 1.103780845316596526e+02 1.173840311432430354e+02
1.387812961785969605e+02 1.102437481793384677e+02 1.172456191573316318e+02
1.384952126532666057e+02 1.099385126188395390e+02 1.169393309234395275e+02
1.382438309366806948e+02 1.097084015253833371e+02 1.166492002330446809e+02
1.380521993591271439e+02 1.095238857551441924e+02 1.164325653451974318e+02
1.378369389052196823e+02 1.092946399724583557e+02 1.161822833081751014e+02
1.376963851592913386e+02 1.091540941712348740e+02 1.160183588888006199e+02
1.375842992770318460e+02 1.090358604115357082e+02 1.159002098726198966e+02
1.374888423240909958e+02 1.088483693493286779e+02 1.157044271867800092e+02
1.374549793437673770e+02 1.087273344191096669e+02 1.155665057863933640e+02
1.374616330340827801e+02 1.087065259129790036e+02 1.155471961812451980e+02
1.374115588835041422e+02 1.086180298456079072e+02 1.154384344959084814e+02
1.372636549614681769e+02 1.084513433171790950e+02 1.152601606154498057e+02
1.372623209131114095e+02 1.083646593045735074e+02 1.152078586372182940e+02
1.373252701199650403e+02 1.083524237970392790e+02 1.152088378220915814e+02
1.372731548422976005e+02 1.082696128280501000e+02 1.151366608405497800e+02
1.372079605942639091e+02 1.081589735441328344e+02 1.150337649956304062e+02
1.371879737030269268e+02 1.081380425571356625e+02 1.150038445750906959e+02
1.372135907417706164e+02 1.081663051825958064e+02 1.150390733825905016e+02
1.372358471703609553e+02 1.082038392786208050e+02 1.151145368237069988e+02
1.371972994624082958e+02 1.081919513519239473e+02 1.150695578771748586e+02
1.371680351420777981e+02 1.081728046132252814e+02 1.150638840337914814e+02
1.371969498953947095e+02 1.082235063954874050e+02 1.150982091311141176e+02
1.372236990545801234e+02 1.082641217128783637e+02 1.151397897301448552e+02
1.372496292471068102e+02 1.083112285161939496e+02 1.151661264267365823e+02
1.373218108630597669e+02 1.084115476285056019e+02 1.152666931490161772e+02
1.373420691983792779e+02 1.084768842191679283e+02 1.153307797727814403e+02
1.372952570112020396e+02 1.084636529752919643e+02 1.152926802785943181e+02
1.373217492915971434e+02 1.084956112126267840e+02 1.152997371626810690e+02
1.373485792219485688e+02 1.085467625327719077e+02 1.153441950689865223e+02
1.374317695505945380e+02 1.086342562432138976e+02 1.154630240194910158e+02
1.375166845422525910e+02 1.087346859193347655e+02 1.155440209475384705e+02
1.375525595190805461e+02 1.088034188713222647e+02 1.155978019649903388e+02
1.374701398268054220e+02 1.087508646487116266e+02 1.154810042106935697e+02
1.374829387463255728e+02 1.087640144593628406e+02 1.154644209634278695e+02
1.375657960594263898e+02 1.088952695903180512e+02 1.155590880802944866e+02
1.375574355816848140e+02 1.089217797462990944e+02 1.155721094515505456e+02
1.374011089483859109e+02 1.087668394639972433e+02 1.153912469214268697e+02
1.374037777071581843e+02 1.087122639760599583e+02 1.153453841264797006e+02
1.376584544900823630e+02 1.089123831466327630e+02 1.155884060273827458e+02
1.376597097534493344e+02 1.088776224146606353e+02 1.155929556950292607e+02
1.375065232647440610e+02 1.086985944492995486e+02 1.154060373136304634e+02
1.374799919228833858e+02 1.086835961706522653e+02 1.154346673816901045e+02
1.374577209290008284e+02 1.086810584995100726e+02 1.154609478032891019e+02
1.371148572601361195e+02 1.083662555281904645e+02 1.151378028918725676e+02
1.366774674929159801e+02 1.079076176478377107e+02 1.146651320145123236e+02
1.366606637800905730e+02 1.078975152935568502e+02 1.146531679510606239e+02
1.367610947803289037e+02 1.080065636503270525e+02 1.147616363443764698e+02
1.367205258070495972e+02 1.079972213394772353e+02 1.147062822753634634e+02
1.366104989274648460e+02 1.079007838775456207e+02 1.145832353486401303e+02
1.366407874526628063e+02 1.079245537724106896e+02 1.145702437700272753e+02
1.366703920711845512e+02 1.079868270172929812e+02 1.146287525489261441e+02
1.367063868806440610e+02 1.079717479674796721e+02 1.146339536823707022e+02
1.366153412250734789e+02 1.077941129737030224e+02 1.144958780222981432e+02
1.365254018696538765e+02 1.076577990519318888e+02 1.143875268133788836e+02
1.365220525144990802e+02 1.076449279680093269e+02 1.143689130319641976e+02
1.365926743200656688e+02 1.077037889621567217e+02 1.144378982283308233e+02
1.367111139800323087e+02 1.078340159158920528e+02 1.145885549905987659e+02
1.366746358676941782e+02 1.077649486242419385e+02 1.145047833743809775e+02
1.366658337967744501e+02 1.077312756547760983e+02 1.144633206218055648e+02
1.368925862662535451e+02 1.079366833505468577e+02 1.146907046953205622e+02
1.370296178596965149e+02 1.081129856200842170e+02 1.148498675882524367e+02
1.370339530203119693e+02 1.081281547098858624e+02 1.148712971054792007e+02
1.369626261221895618e+02 1.081325832207833457e+02 1.148560584995100697e+02
1.368323395831678226e+02 1.080655630147506656e+02 1.147475814994306234e+02
1.367569310929265782e+02 1.080206290882127007e+02 1.147016465400810290e+02
1.367382160165249729e+02 1.080485878287121579e+02 1.147325209872619922e+02
1.367693619077884648e+02 1.081076355234236388e+02 1.147607035036148346e+02
1.368158808029448323e+02 1.081965222054500657e+02 1.148233660390349797e+02
1.368786499298217620e+02 1.083045999841105953e+02 1.149270715817907416e+02
1.368614661952808547e+02 1.083351281745716506e+02 1.149571773787770468e+02
1.367562154074309433e+02 1.082416117157914215e+02 1.148415733163846255e+02
1.366163303408278296e+02 1.080950199941738816e+02 1.147037843277455522e+02
1.364874268425094783e+02 1.078844608193638948e+02 1.145119720081565617e+02
1.364796701623368165e+02 1.077983534599189710e+02 1.144986434416461378e+02
1.365531924472339256e+02 1.078014922803951237e+02 1.145746325574004914e+02
1.365486123248854540e+02 1.077606604697968748e+02 1.145497696035592270e+02
1.363710071237520083e+02 1.075471677127194710e+02 1.143453894229496086e+02
1.363121348746060733e+02 1.073968466142316203e+02 1.142188282884457493e+02
1.362512354016048164e+02 1.072791623632848683e+02 1.141095389422949609e+02
1.361789193877280866e+02 1.071752198035009656e+02 1.140149393554196138e+02
1.361266233680252071e+02 1.071010440666295978e+02 1.139544046767829286e+02
1.360344588331876707e+02 1.070025409814358710e+02 1.138567384338338542e+02
1.359491274065835000e+02 1.068935780302428498e+02 1.137565239268027852e+02
1.359546569211620408e+02 1.068573501761076301e+02 1.137344349990731160e+02
1.359966652101374507e+02 1.068673439527554905e+02 1.137737354678107096e+02
1.359784870633722562e+02 1.068380524880167428e+02 1.137558036068960092e+02
1.357926604168321774e+02 1.066268372129975432e+02 1.135511069622096869e+02
1.356309181430576416e+02 1.064690421334180712e+02 1.134041325706416643e+02
1.356562293106644290e+02 1.065103605571886334e+02 1.134480528852519825e+02
1.358394831969492316e+02 1.067123533539895703e+02 1.136626314186594584e+02
1.360646374566351540e+02 1.069614661952808490e+02 1.139245550965281666e+02
1.362102658827891162e+02 1.071312240141945438e+02 1.140986772066417672e+02
1.363827904451682969e+02 1.072838153120944895e+02 1.141783692169169200e+02
1.363732276687587728e+02 1.072705608961627064e+02 1.141034532983766354e+02
1.363661151717380449e+02 1.072561670771430897e+02 1.140392488281560333e+02
1.364647129313312632e+02 1.073195313948253471e+02 1.140713679457641518e+02
1.364825580625513055e+02 1.073439189904928384e+02 1.141036856809936211e+02
1.364090006885410844e+02 1.072916189984375421e+02 1.141157113159079444e+02
1.363880220333147975e+02 1.073025674637853939e+02 1.141866158205556019e+02
1.364849500807711706e+02 1.074232925505150860e+02 1.143400240989380592e+02
1.364820568840867452e+02 1.074394706178332086e+02 1.143807764624877450e+02
1.363858564391832715e+02 1.073565749053256013e+02 1.143174247239215049e+02
1.364868693890522025e+02 1.074923101877598555e+02 1.144249099600116466e+02
1.365859193347633891e+02 1.076066113185561761e+02 1.145123752019279095e+02
1.363598613649002971e+02 1.073615191599798777e+02 1.142707654723127035e+02
1.358796628796906987e+02 1.068680146182569359e+02 1.137782328328169257e+02
1.358584783241969092e+02 1.068000807711660229e+02 1.137129657583220848e+02
1.358453602923651431e+02 1.066882193268186683e+02 1.136420566192632577e+02
1.358211302666772724e+02 1.065531659648843998e+02 1.135743730303752557e+02
1.359636172241201280e+02 1.065033116178067303e+02 1.135865416699769668e+02
1.360543536982601154e+02 1.065933926537962435e+02 1.136827851486983860e+02
1.360838080294483632e+02 1.066380372606657687e+02 1.136903173909589242e+02
1.359535016286644975e+02 1.065181145891263412e+02 1.135349096951881620e+02
1.358608253224226132e+02 1.064356525250920242e+02 1.134373368025211164e+02
1.358682781176345884e+02 1.064366317099653116e+02 1.134309605148168743e+02
1.357855936018643490e+02 1.063471836021291779e+02 1.133551561134503913e+02
1.356689083975530252e+02 1.062200948068112609e+02 1.132155199809327115e+02
1.357297237890945780e+02 1.062515121421572530e+02 1.132771457323693767e+02
1.357675193983210136e+02 1.062392812690341941e+02 1.133034850771960436e+02
1.356739612298403017e+02 1.061316450835518168e+02 1.131869389052196766e+02
1.356152783294934068e+02 1.060588086915071102e+02 1.131271808214824830e+02
1.357481694075898417e+02 1.061739870501310889e+02 1.132586325838828429e+02
1.359482468684621779e+02 1.063518365509387991e+02 1.134521662561902531e+02
1.358363337835332629e+02 1.061983170466883877e+02 1.133091086041153517e+02
1.358083783533274982e+02 1.061629081592118808e+02 1.132614648711633691e+02
1.359975709064908358e+02 1.063474623288578158e+02 1.134764022404067703e+02
1.359979078943883906e+02 1.063782421016392590e+02 1.134980654643679969e+02
1.358641150922910015e+02 1.061569714785095755e+02 1.132942374407457464e+02
1.358192036757501171e+02 1.060676835888880021e+02 1.132222822488811147e+02
1.359572025370090955e+02 1.061887933317443924e+02 1.133665945022642347e+02
1.359092582293901046e+02 1.061444267895447666e+02 1.133040451788882734e+02
1.357946551998093412e+02 1.060222445115330601e+02 1.131656888059108610e+02
1.357663276925928812e+02 1.060607849368395961e+02 1.131885106326633235e+02
1.359129591377347026e+02 1.062473663303408244e+02 1.133854942930536822e+02
1.360836557559386790e+02 1.064464308413442382e+02 1.135861424485580358e+02
1.360832333624639148e+02 1.064624804692672342e+02 1.135844105028998143e+02
1.360581658324726675e+02 1.064465440533884220e+02 1.135877068933555734e+02
1.360484554169646003e+02 1.064571191176081157e+02 1.136014717565742416e+02
1.360486884616403245e+02 1.064277647572892675e+02 1.135908960302958093e+02
1.360069582373348283e+02 1.063627459548211078e+02 1.135500251582320317e+02
1.360463844972325944e+02 1.063742876247980718e+02 1.135897956886735045e+02
1.360979224596806318e+02 1.064232263446412929e+02 1.136625777919016969e+02
1.362647930404385477e+02 1.065087100447551762e+02 1.137805818172188168e+02
1.363467148645427756e+02 1.065004965440533908e+02 1.138359921612245387e+02
1.361571932681867452e+02 1.062663574852360853e+02 1.136028408940441210e+02
1.358182350838166315e+02 1.058673995656894675e+02 1.132227490002913015e+02
1.356319496305712278e+02 1.056436985249331286e+02 1.129814848653372508e+02
1.355041961282805119e+02 1.055090821217658430e+02 1.128124122772172342e+02
1.354585796191838085e+02 1.054278653902174199e+02 1.127204913799952379e+02
1.354384609782579787e+02 1.053841920235163201e+02 1.126706343846826144e+02
1.354390952305288636e+02 1.053436713805248814e+02 1.126141276714070045e+02
1.354669314901618122e+02 1.053479608590874221e+02 1.126479529143825573e+02
1.355448279971399188e+02 1.053738235216228389e+02 1.126733084399247957e+02
1.355516889118402446e+02 1.053086630385847826e+02 1.125982938746325601e+02
1.355062068006673428e+02 1.052083002303964463e+02 1.124834955377241101e+02
1.355099984110590299e+02 1.051717631948306462e+02 1.124480945949524653e+02
1.354985136781335200e+02 1.051363728449988031e+02 1.124068794523450094e+02
1.354805103148751471e+02 1.050995670135854425e+02 1.123715553083869594e+02
1.355403968380074673e+02 1.051192771642700166e+02 1.123953463891316460e+02
1.356102804480813404e+02 1.051810995471518169e+02 1.124541537565212792e+02
1.355639740737798320e+02 1.051097673525595155e+02 1.123899598792404930e+02
1.355142680278594298e+02 1.050716764651359938e+02 1.123459011943539565e+02
1.356079102777998457e+02 1.051480482508408159e+02 1.123801104313974690e+02
1.356574905325600469e+02 1.051812716824236702e+02 1.123763181589470577e+02
1.357071211037843170e+02 1.052202113291491230e+02 1.123979608590874193e+02
1.357909701808744387e+02 1.053155736076904674e+02 1.124906603373851368e+02
1.358716916924869622e+02 1.054131220041842170e+02 1.125707078732025082e+02
1.357933377029210078e+02 1.054748344853155402e+02 1.126875248272026653e+02
1.358139072058473005e+02 1.056157291914938696e+02 1.128876208257196510e+02
1.358031222690077016e+02 1.057561094780328972e+02 1.130971346097825858e+02
1.354605618230449409e+02 1.053990234633616723e+02 1.127289710283096298e+02
1.352001807420354282e+02 1.050491571992267126e+02 1.123592310849818574e+02
1.351168666084055019e+02 1.048789174015518597e+02 1.121986043801806119e+02
1.351635066603109010e+02 1.048452550250258213e+02 1.121948180662588328e+02
1.352072502052382106e+02 1.048342794152697195e+02 1.121922784089404388e+02
1.352576646540080958e+02 1.048434224464394475e+02 1.122186693943486659e+02
1.352829672148513112e+02 1.048713202775350197e+02 1.122597527872672885e+02
1.352358988109425013e+02 1.048234137072641090e+02 1.121880994941871279e+02
1.351514823495140547e+02 1.047314458038717220e+02 1.120661747570244415e+02
1.352047886708508884e+02 1.047755442122825116e+02 1.120690533884166200e+02
1.354548462699610809e+02 1.050444201689573873e+02 1.123073740102221905e+02
1.355331631842377078e+02 1.051341218452901103e+02 1.124135318185429355e+02
1.354527184131776210e+02 1.050034903736659544e+02 1.122437024972855539e+02
1.354651194353963035e+02 1.049846607611027309e+02 1.121921791001297635e+02
1.355394792245968176e+02 1.050369567808055962e+02 1.122463712560578415e+02
1.355686084849447752e+02 1.050659205264691138e+02 1.122498219061995144e+02
1.355833128095124493e+02 1.050899612033579587e+02 1.122662171287836657e+02
1.356262817457164829e+02 1.051902776674346569e+02 1.124100229072323316e+02
1.356898671910171856e+02 1.053116356823177284e+02 1.125613457005905502e+02
1.357608484944784379e+02 1.054177603877015912e+02 1.126906504065040622e+02
1.359064650035751072e+02 1.056160794205661944e+02 1.129127320515876107e+02
1.359959799793437583e+02 1.057428828685681026e+02 1.130336286115304176e+02
1.360355552024575729e+02 1.057907709011943496e+02 1.130358663700643547e+02
1.361690480919467063e+02 1.059067086411906473e+02 1.131166196604962835e+02
1.362119210296337428e+02 1.059725351553189796e+02 1.131499165805990259e+02
1.362492988797966120e+02 1.060331486189454751e+02 1.132036393368819631e+02
1.362970915759646289e+02 1.060758209528349312e+02 1.132276058631921813e+02
1.363542921267975032e+02 1.061467115542490944e+02 1.132801402240406787e+02
1.364384735573740102e+02 1.062814994306294807e+02 1.133931238579486802e+02
1.365129008765657659e+02 1.063885635973623636e+02 1.134706747702656173e+02
1.364952775350228933e+02 1.064047913190858310e+02 1.134765081698048306e+02
1.365683039379253785e+02 1.064919513519239445e+02 1.135776389661290722e+02
1.366417341966579215e+02 1.066708634570059075e+02 1.137445294086491288e+02
1.364596097825799177e+02 1.065260050051640519e+02 1.135971233547840313e+02
1.362208296920102839e+02 1.062751794179179541e+02 1.133340788114721533e+02
1.362076348613649088e+02 1.062408728582399817e+02 1.133051998093270782e+02
1.362674353168613095e+02 1.062896023675220505e+02 1.133561551600858053e+02
1.362877644924657830e+02 1.062958839808267726e+02 1.134136125897089613e+02
1.362375413786711249e+02 1.062165130690394790e+02 1.133827295357644118e+02
1.361863536452954122e+02 1.061460991499165800e+02 1.133329731733799406e+02
1.361640111490691538e+02 1.061214288551680340e+02 1.133195300707078701e+02
1.361250668679325315e+02 1.060942930536797206e+02 1.132841172108789465e+02
1.362581161780673256e+02 1.061829208707396504e+02 1.133201193029845655e+02
1.364428193109292522e+02 1.063487050131087699e+02 1.134191904345753557e+02
1.364913051825957950e+02 1.063755164058155174e+02 1.134380994941871279e+02
1.364117171155425012e+02 1.062776886205344198e+02 1.133353963083604725e+02
1.363616919573104553e+02 1.062192420751569131e+02 1.133310386377479375e+02
1.361573038319959608e+02 1.060142249940414700e+02 1.131537260665766240e+02
1.361864681814570588e+02 1.060253548634834857e+02 1.132086339080003228e+02
1.362808320754217277e+02 1.061242935833267182e+02 1.133194353963083643e+02
1.362948174042001028e+02 1.061576719366542250e+02 1.133485540637165343e+02
1.362850427689944581e+02 1.061308810677683283e+02 1.133320701252615095e+02
1.361814703000450208e+02 1.060524416726251928e+02 1.132201663091549477e+02
1.360946207727549506e+02 1.060090430603003142e+02 1.131353320886629064e+02
1.360776104976033594e+02 1.060309605148168686e+02 1.131082240936415815e+02
1.360483077778660572e+02 1.060291451497576816e+02 1.130909589258759098e+02
1.360950372077010684e+02 1.061163846296443438e+02 1.131654709885861081e+02
1.360250721644024168e+02 1.060277879293450951e+02 1.130847766213818488e+02
1.359250165514684454e+02 1.058884642885516740e+02 1.129618005349434640e+02
1.360530401737242130e+02 1.059425690527263555e+02 1.129882749397526567e+02
1.360692824607399132e+02 1.059786638330552648e+02 1.130380081300812947e+02
1.361585438680119751e+02 1.060421658589550020e+02 1.130337404994571102e+02
1.362381100871269268e+02 1.061167149969545278e+02 1.130542696168003971e+02
1.362561836286115238e+02 1.061261314583829858e+02 1.130206310743889162e+02
1.362782884457509169e+02 1.061283745133868308e+02 1.130213633113529852e+02
1.360873142925240415e+02 1.059022225311829715e+02 1.127966003283811318e+02
1.358918388019385191e+02 1.056482899022801263e+02 1.126155722835730018e+02
1.358924042001006285e+02 1.056212990916554162e+02 1.126500072826461150e+02
1.359982058208204307e+02 1.056746802256296149e+02 1.127609478032891133e+02
1.359602506554381591e+02 1.056431761605889648e+02 1.127642468419798263e+02
1.358366197929080386e+02 1.055171036254336485e+02 1.126456463017398875e+02
1.355931788088239216e+02 1.052655563941632835e+02 1.123927392018219820e+02
1.353597719869706850e+02 1.050192486957442810e+02 1.121708535261248443e+02
1.352925425703768383e+02 1.049465771563253043e+02 1.121283851063266326e+02
1.354858306188925212e+02 1.051275019199703422e+02 1.123630319641958693e+02
1.354875539577871280e+02 1.051433045999841056e+02 1.124038061756839113e+02
1.352585345991896304e+02 1.049162621487778466e+02 1.121785102354280923e+02
1.352469009030481288e+02 1.048642441937448666e+02 1.120409066232356139e+02
1.353763400068854139e+02 1.049607697094886305e+02 1.120960494955112381e+02
1.354985785598898360e+02 1.050608544530070674e+02 1.121728072614602354e+02
1.354420831016127806e+02 1.050105969121580500e+02 1.120874976827944209e+02
1.352654226582982346e+02 1.048319158655755956e+02 1.118876122189560647e+02
1.352053269246047478e+02 1.048240764280606925e+02 1.119485593601864366e+02
1.351915044622759012e+02 1.049055705622202765e+02 1.120670188819152031e+02
1.351468843515796721e+02 1.049149479621832057e+02 1.120765075077460864e+02
1.351374394216254871e+02 1.049347872143216591e+02 1.120997854929689339e+02
1.351680881067768212e+02 1.049816325044357939e+02 1.121434356876142004e+02
1.351028971690368508e+02 1.049722875453510227e+02 1.121640038664230303e+02
1.350297337199756385e+02 1.049757666640184368e+02 1.121588338497391533e+02
1.350614377267551163e+02 1.050632014512327572e+02 1.122280275946081929e+02
1.350935700855379764e+02 1.051434628320224505e+02 1.123191348216413701e+02
1.351464844681020168e+02 1.052218439659966691e+02 1.123845091496517625e+02
1.352093025873255385e+02 1.053017140700722933e+02 1.124682470008739159e+02
1.352851864357405702e+02 1.053828453960435354e+02 1.125717651810068531e+02
1.352879531792060561e+02 1.054126810730648032e+02 1.126172837054103439e+02
1.353257587193135691e+02 1.054763797304096755e+02 1.126730959190699366e+02
1.353187614205132263e+02 1.054821350070178170e+02 1.126690010857763298e+02
1.353316894414872422e+02 1.055323157490532537e+02 1.127089450756071045e+02
1.352502237758533852e+02 1.054287187839305062e+02 1.125993458859669971e+02
1.349881458382987773e+02 1.051538379545033166e+02 1.123508308837160001e+02
1.349846137549323259e+02 1.050992955695029281e+02 1.123344773708323459e+02
1.350449326024204879e+02 1.051478867085087785e+02 1.124046926723338942e+02
1.350560584995100726e+02 1.051638456343846855e+02 1.124549899367071788e+02
1.351014479224596698e+02 1.052205231588146432e+02 1.125597805937342741e+02
1.351667242657768497e+02 1.052654888641720277e+02 1.126442116204549677e+02
1.351212070654908644e+02 1.052146434151637919e+02 1.126120627102036451e+02
1.349771053467863737e+02 1.050438752946161429e+02 1.124697326606816574e+02
1.349836895209342913e+02 1.050821747305420928e+02 1.124912568523079415e+02
1.350151611450967835e+02 1.051539551388999172e+02 1.125706588808559161e+02
1.349425054950875165e+02 1.050958012234845427e+02 1.125050912316940810e+02
1.349018060962368679e+02 1.050628108365774267e+02 1.124830605651333428e+02
1.349257388575514369e+02 1.051013512618839485e+02 1.125616992399565675e+02
1.348761731680834828e+02 1.050523284605810233e+02 1.125129319933264469e+02
1.348627783956992801e+02 1.050151803448001857e+02 1.124974782182675312e+02
1.349110298985725933e+02 1.050697915839093213e+02 1.125632981118084786e+02
1.350305182595799920e+02 1.052038359683271125e+02 1.127117277084823002e+02
1.350283698789756670e+02 1.052028859140382906e+02 1.127242068536320545e+02
1.350014969148062676e+02 1.051913409337676484e+02 1.127022423929450952e+02
1.350079135880935439e+02 1.052099686184158287e+02 1.127096428855168000e+02
1.351268213235878193e+02 1.053462275893117237e+02 1.128509268822329972e+02
1.349817152617780209e+02 1.052316689176663687e+02 1.127169116283996715e+02
1.349053957787134834e+02 1.051652644262598955e+02 1.126252270861470777e+02
1.348411317232064732e+02 1.051015948994994886e+02 1.125465592807393875e+02
1.347618660787585156e+02 1.050286651571727390e+02 1.124324309472736445e+02
1.347509460819363767e+02 1.050208104923068788e+02 1.124152690606710649e+02
1.348227648897010056e+02 1.051123851328089813e+02 1.125327553560551905e+02
1.348463076984189968e+02 1.051428676412171228e+02 1.125583028786313946e+02
1.348356823177352339e+02 1.051304070337120322e+02 1.125018312544688968e+02
1.348815179682741530e+02 1.051633590212123579e+02 1.125267696830062789e+02
1.349405166706390276e+02 1.052379200762691625e+02 1.126156179656259155e+02
1.348623195889939268e+02 1.051595296734726332e+02 1.125108855697677512e+02
1.347705052832287151e+02 1.050773417017557847e+02 1.123970538386165572e+02
1.347410999443870594e+02 1.049817119514843426e+02 1.123393666746113695e+02
1.346130836047774153e+02 1.047279216652101326e+02 1.121479913137893618e+02
1.343701093721034852e+02 1.043825137046158744e+02 1.118434972590768268e+02
1.342597004846269897e+02 1.042315497470935668e+02 1.117070231190911187e+02
1.343177133815312061e+02 1.042741221101136091e+02 1.117652558194963035e+02
1.343927782632875108e+02 1.043266359471412272e+02 1.118106896003813517e+02
1.343532983766319830e+02 1.042544609517756413e+02 1.117233998040306204e+02
1.343131008183046049e+02 1.041951643229787408e+02 1.116609425068192110e+02
1.342924412753899617e+02 1.041515194248033680e+02 1.116164554699292921e+02
1.343212646646010455e+02 1.041813743015280380e+02 1.116407848044278524e+02
1.344069761129207450e+02 1.042422386854161687e+02 1.117031705992955750e+02
1.344349937766478718e+02 1.042448438865496172e+02 1.117175525012579129e+02
1.344642951722676969e+02 1.042517398903630692e+02 1.117432046291147003e+02
1.344164720213977375e+02 1.041911403299700680e+02 1.116603479780726076e+02
1.343585842535949837e+02 1.041161926326103639e+02 1.115991750748126350e+02
1.343671910171870536e+02 1.041366992399565703e+02 1.116395037207701080e+02
1.343949378988903902e+02 1.041782156192897446e+02 1.116968684621699595e+02
1.343892117528667143e+02 1.041830850613066417e+02 1.117070807182013255e+02
1.343649804030613666e+02 1.041782242260533309e+02 1.117174565027409301e+02
1.343509056963533794e+02 1.041725536929636462e+02 1.117333465745080900e+02
1.343530633457800434e+02 1.041736229178252700e+02 1.117368945472842370e+02
1.343279733057916872e+02 1.041572270331823802e+02 1.116910105664574502e+02
1.343100063557638748e+02 1.041498477264902931e+02 1.116843039114430240e+02
1.343457409761394103e+02 1.042143236407934097e+02 1.117408311485394989e+02
1.344445234501204993e+02 1.043369640634517026e+02 1.118607452133153259e+02
1.344412429490744501e+02 1.043843999099600097e+02 1.118797827123222390e+02
1.343698822859564075e+02 1.043746027647572845e+02 1.118260487010407616e+02
1.344479827070257727e+02 1.044688600672651688e+02 1.119468691242286980e+02
1.344550342946426156e+02 1.044953007070787265e+02 1.119605796986308661e+02
1.344347176981541736e+02 1.045142693519769068e+02 1.119555963825110609e+02
1.344992690871534080e+02 1.045540001588940981e+02 1.120420407298535537e+02
1.346330691718969206e+02 1.046781553719445981e+02 1.121873129684065589e+02
1.346759381372315261e+02 1.046967691533592841e+02 1.122326792193003371e+02
1.346177246365297435e+02 1.046455721511612467e+02 1.121702073567966949e+02
1.345944638648340970e+02 1.046507653399009570e+02 1.121651637933317431e+02
1.346106088292153231e+02 1.046497444453271868e+02 1.121584809724318745e+02
1.344810320171605724e+02 1.045072455708270383e+02 1.120086994518153602e+02
1.342928749238632520e+02 1.042786260957072102e+02 1.117845263631789408e+02
1.342915071105108495e+02 1.042454582770583471e+02 1.117591906993988573e+02
1.343628624771589841e+02 1.042951709435661201e+02 1.118332022457032338e+02
1.343730290511374221e+02 1.043168149678239445e+02 1.118711554249093041e+02
1.343245729721140833e+02 1.042934562114350854e+02 1.118541352188766211e+02
1.342635814729482888e+02 1.042009560128174570e+02 1.118118905749318088e+02
1.341515637827388048e+02 1.040784738221975090e+02 1.116988665554408016e+02
1.340720783347898646e+02 1.039851222160430098e+02 1.115992042053971005e+02
1.341056692089722162e+02 1.039745762824077815e+02 1.116197472259738817e+02
1.340551574375678570e+02 1.038763247795344427e+02 1.115406398135642547e+02
1.339421757898360852e+02 1.036275442917295635e+02 1.112937130902253671e+02
1.338547833743809861e+02 1.035320429808532623e+02 1.112108319430099783e+02
1.337733163846296520e+02 1.034530428219591585e+02 1.111584134424406187e+02
1.335057466698445410e+02 1.031956674876195024e+02 1.109128969042133406e+02
1.333256210110961035e+02 1.030089596408993344e+02 1.107374188978046163e+02
1.334237632742776896e+02 1.031193539630836113e+02 1.108631438521225618e+02
1.335298952623076616e+02 1.032339854611901160e+02 1.109707906305447409e+02
1.335120203384444153e+02 1.032275734223140233e+02 1.109623089960541336e+02
1.334871375228410386e+02 1.032272728476470434e+02 1.109975583273748043e+02
1.335401710759778666e+02 1.032948531553719391e+02 1.111020748920844312e+02
1.337588206085644060e+02 1.035201590265088356e+02 1.113828573131008142e+02
1.338084465453775067e+02 1.035959349593495915e+02 1.114665647096210392e+02
1.337729833690844998e+02 1.035939375281375021e+02 1.114332439554037251e+02
1.338613033288313261e+02 1.036985547257752671e+02 1.115274549137999571e+02
1.339362973703026967e+02 1.038215202192738502e+02 1.116204754905855197e+02
1.339088735732634063e+02 1.038283314795688739e+02 1.116167097004846340e+02
1.338913190858292808e+02 1.038376195016021768e+02 1.116134755435502228e+02
1.339205906888059019e+02 1.038888913164375936e+02 1.116426200312491659e+02
1.338555718863377422e+02 1.038975080109107267e+02 1.116241810333412730e+02
1.337541021159397303e+02 1.038534572707290522e+02 1.115864767882206507e+02
1.336972173671248072e+02 1.038448644103704908e+02 1.115627002727681969e+02
1.336760976933873621e+02 1.038671969757156859e+02 1.115573879134556847e+02
1.335815557056222076e+02 1.038181741744127606e+02 1.115063312677100669e+02
1.336297059135086442e+02 1.038568053017663715e+02 1.115485732634199252e+02
1.337603294404279666e+02 1.039844018961362195e+02 1.116985434707767268e+02
1.337954728423505628e+02 1.040096885675697109e+02 1.117358782871216363e+02
1.337494140780169971e+02 1.039399678239453380e+02 1.116962335478403645e+02
1.337615184979211449e+02 1.039155345462249471e+02 1.116894308943089413e+02
1.338321780408357711e+02 1.039387271258706136e+02 1.117292729270940868e+02
1.337326679643017826e+02 1.038085213580148860e+02 1.116010189083975490e+02
1.336377956092264583e+02 1.036984693201980861e+02 1.115251039432218363e+02
1.337044026906067131e+02 1.037618852784619037e+02 1.116212865125393989e+02
1.337592436640978804e+02 1.038078506925134405e+02 1.116727152352956693e+02
1.336994835941844713e+02 1.037506607346203822e+02 1.116320224570323916e+02
1.336303818754799977e+02 1.036922976086438410e+02 1.115664812902200680e+02
1.336202033844442667e+02 1.036951974259156231e+02 1.115621275919599640e+02
1.337770404650300691e+02 1.038597845660867023e+02 1.117520093482693824e+02
1.338214010487010341e+02 1.039387019676385648e+02 1.118219002409893790e+02
1.337482303169937268e+02 1.038988486798548792e+02 1.117960243372792064e+02
1.336966486586690053e+02 1.038722782765286894e+02 1.117663713884695795e+02
1.336171870448346226e+02 1.037981912555281951e+02 1.117195836974656373e+02
1.335340947008818659e+02 1.037212812160694853e+02 1.116671698313074330e+02
1.336239963189534308e+02 1.038203179206059161e+02 1.117901055321628121e+02
1.336899267763035937e+02 1.039805056804639776e+02 1.119060823336246386e+02
1.336731925796456721e+02 1.040306367680940696e+02 1.118996841979820402e+02
1.336325295940255842e+02 1.040382974497497486e+02 1.118537273906941039e+02
1.337294953788300234e+02 1.041508838484150345e+02 1.119776813378882991e+02
1.339444744577739073e+02 1.044209912343423099e+02 1.122336789279944895e+02
1.340813173644765754e+02 1.045665945022642376e+02 1.123726801461825744e+02
1.340802772701994172e+02 1.045746762532771896e+02 1.123689229628452608e+02
1.341884040412065247e+02 1.046848117104949552e+02 1.124643276131458407e+02
1.344770219273854082e+02 1.049798780487804919e+02 1.127840265088318574e+02
1.348204317947088384e+02 1.053534857392547934e+02 1.131845005428881592e+02
1.349616528958449067e+02 1.055884570059055676e+02 1.134194387066020511e+02
1.348841383967585728e+02 1.055552355604989287e+02 1.133933264479224619e+02
1.348627936230502371e+02 1.055737043510500257e+02 1.134299475649479660e+02
1.349738612589708850e+02 1.057320138502687996e+02 1.135966758030772468e+02
1.350680411006064503e+02 1.058857220412594984e+02 1.137344045443711735e+02
1.350701524059214478e+02 1.059381842377055705e+02 1.137411356955589099e+02
1.350196346759884420e+02 1.059807268080824088e+02 1.137743167553825430e+02
1.348612238817827915e+02 1.059783513413310061e+02 1.136489930086597298e+02
1.346629061730356796e+02 1.057998358094330058e+02 1.134867826593575444e+02
1.345949557744763183e+02 1.057062081247848369e+02 1.133233342602155602e+02
1.345817390958926012e+02 1.056324130716877221e+02 1.131997444453271839e+02
1.344516491883159972e+02 1.054387284499880764e+02 1.129722935038796692e+02
1.343930695691321660e+02 1.053245226556500143e+02 1.128690315404782751e+02
1.345438832393209907e+02 1.054446657927491344e+02 1.130292318794523396e+02
1.346741187998199223e+02 1.055496597018087499e+02 1.131597958210852397e+02
1.348119157331638576e+02 1.056566457456105468e+02 1.133244617462461292e+02
1.348821124970207279e+02 1.057001324117475747e+02 1.133789174015518597e+02
1.348824673605042221e+02 1.056706178332141661e+02 1.133797648367363138e+02
1.349167315484229732e+02 1.056953377823680569e+02 1.134053891581261126e+02
1.350245034559466148e+02 1.057954245120627093e+02 1.135037532109848826e+02
1.350083114853949837e+02 1.058121567225444295e+02 1.135466963268981289e+02
1.349658192314822145e+02 1.058083962289134234e+02 1.135680172664918786e+02
1.349270788644368508e+02 1.057987917428034166e+02 1.135712964434204650e+02
1.347059088742353197e+02 1.055804990598765869e+02 1.133804527157649460e+02
1.344874625936813004e+02 1.053778243425756784e+02 1.131722339185932640e+02
1.344269299012208307e+02 1.053082492518736331e+02 1.131025264161436468e+02
1.343794093111940811e+02 1.052579096157411129e+02 1.130467261195413187e+02
1.341816000635576529e+02 1.050656868197346512e+02 1.128651227456900017e+02
1.341183165170413929e+02 1.050172386854161743e+02 1.127797529196790407e+02
1.341600010592939896e+02 1.050671910171870422e+02 1.128200921585763155e+02
1.341642806069754386e+02 1.050500926882233017e+02 1.127729429835014940e+02
1.341270570164984974e+02 1.050012764492465749e+02 1.126816080082624865e+02
1.341351771669182540e+02 1.049955132279335857e+02 1.126751615423320345e+02
1.341080320966076158e+02 1.049540372341834171e+02 1.126459495246418214e+02
1.341022874129392619e+02 1.049591622308731189e+02 1.126302474775562104e+02
1.341457164799660973e+02 1.049631537830036336e+02 1.126187640687481775e+02
1.341918864701676455e+02 1.049757335610815403e+02 1.125996749291597183e+02
1.342493339689097240e+02 1.050182503111676056e+02 1.126299144620110724e+02
1.342561134503853282e+02 1.050257448160800777e+02 1.125975305209078101e+02
1.342552514499086271e+02 1.050270927676703536e+02 1.126004766822912586e+02
1.342579566219114895e+02 1.050947035300971919e+02 1.126567556473610381e+02
1.342767359180106439e+02 1.051736017319456522e+02 1.127556255130955236e+02
1.343743107968539050e+02 1.053463560287068645e+02 1.129178901512142090e+02
1.343772867508805291e+02 1.053635026879584728e+02 1.129269583697465578e+02
1.340745630412330058e+02 1.051219452609835514e+02 1.126678007732846112e+02
1.338942937157384563e+02 1.049101937183866937e+02 1.124603711501284380e+02
1.338330512963109982e+02 1.048148407086676741e+02 1.123908384311856139e+02
1.337980528852519910e+02 1.047671612245438411e+02 1.123487321575170199e+02
1.337263519239427012e+02 1.046756143905087271e+02 1.122634033791478032e+02
1.336118826302269440e+02 1.045632544159317803e+02 1.121704840973491173e+02
1.334221147480204479e+02 1.044150730912846541e+02 1.120085518127168172e+02
1.333857908953682454e+02 1.043845276872964121e+02 1.119564391832843455e+02
1.334862503641323030e+02 1.045059995762824059e+02 1.120930271973729475e+02
1.336902432403802834e+02 1.047374824554434412e+02 1.123155842006302834e+02
1.336688501363840942e+02 1.047357498477264954e+02 1.123323534864013169e+02
1.336861576759090156e+02 1.046858067847779523e+02 1.123332101904080957e+02
1.337760506872169799e+02 1.046920460263234531e+02 1.123793583326712735e+02
1.338182463388151859e+02 1.046974219432748043e+02 1.124063266332989031e+02
1.337468029183549163e+02 1.046156278965069788e+02 1.123447955562617580e+02
1.336788293477397360e+02 1.045291166812319545e+02 1.122624447180953950e+02
1.336709905722835856e+02 1.045366535579036622e+02 1.123014320330499771e+02
1.337350811684012513e+02 1.046322051852440325e+02 1.124397010142739930e+02
1.338414395805195909e+02 1.047846733402187454e+02 1.126199067821297035e+02
1.338929656259103353e+02 1.048725450862000486e+02 1.127080910198352797e+02
1.339025092026164430e+02 1.048957217764360053e+02 1.127612708879531738e+02
1.338964718889859853e+02 1.049114714917507456e+02 1.127820496014406331e+02
1.338629737030269382e+02 1.048895447684118523e+02 1.127235428087179940e+02
1.337241916262810832e+02 1.048227509864675255e+02 1.126822886046450094e+02
1.336914640766928812e+02 1.047875936813114066e+02 1.126097739731469005e+02
1.337476225470723818e+02 1.048734587272582814e+02 1.126766167474378335e+02
1.337003813458329944e+02 1.048380352744895561e+02 1.126301249966897018e+02
1.336464937369243273e+02 1.047930073356108096e+02 1.125804083578295121e+02
1.337001675008606867e+02 1.048499609385344655e+02 1.126316629591377279e+02
1.337217360504224075e+02 1.048999437250072759e+02 1.126683741161515826e+02
1.337558075792484260e+02 1.049792815338576872e+02 1.126927160297661601e+02
1.337428186488705251e+02 1.050380836047774125e+02 1.127216976510156030e+02
1.337214652683986174e+02 1.050543311882630206e+02 1.127134119859113923e+02
1.336402240406768840e+02 1.049755859219829972e+02 1.126043642911999143e+02
1.336029382166785808e+02 1.048969664468631606e+02 1.125342933185032166e+02
1.335958680914170600e+02 1.048488447075024510e+02 1.125189064113768183e+02
1.335521708906014169e+02 1.047339113106114752e+02 1.124470902518471433e+02
1.335534771324911958e+02 1.046648234951404959e+02 1.124008620004766783e+02
1.335722372288869337e+02 1.046323323005216963e+02 1.123967016233680312e+02
1.335050349567013654e+02 1.045381127353618780e+02 1.123249695452980603e+02
1.334830076004343198e+02 1.044829824422022710e+02 1.122733004952199423e+02
1.334351189057493059e+02 1.044089953920711906e+02 1.122158357829506627e+02
1.334427729668176141e+02 1.044156709303249357e+02 1.122231773522946980e+02
1.334025661396679254e+02 1.043603042821959122e+02 1.121660800826249300e+02
1.333282838113397304e+02 1.042886437064696423e+02 1.120792663065067103e+02
1.333437170625777810e+02 1.042928007732846112e+02 1.120932019808797406e+02
1.334107763300760041e+02 1.043578420857498514e+02 1.121279660231455750e+02
1.334118733614046164e+02 1.043473636821058790e+02 1.121533076454543050e+02
1.333501502873334914e+02 1.042830757924843113e+02 1.120747735759116495e+02
1.334297184926246587e+02 1.043620587378512283e+02 1.121685402928947894e+02
1.334510612801567788e+02 1.043848209793172828e+02 1.121932198564656602e+02
1.333978913429199338e+02 1.043853943221842684e+02 1.122429404676782951e+02
1.333209164217049363e+02 1.043837669818066303e+02 1.122317834538280295e+02
1.333399333968909843e+02 1.044520808506130720e+02 1.123154054447710593e+02
1.332953185826646632e+02 1.044404696644686368e+02 1.123129531792060618e+02
1.333047886708508827e+02 1.044685012314292578e+02 1.123557566007256128e+02
1.334938382193268183e+02 1.046348196551998058e+02 1.125386225205900246e+02
1.336018074203543335e+02 1.047423664627525710e+02 1.126228463229257670e+02
1.335709124493525053e+02 1.047091807685177827e+02 1.125659483329361024e+02
1.335377836921691710e+02 1.046913455681788037e+02 1.125472537803553905e+02
1.336237374539869052e+02 1.047814795688673541e+02 1.126226980217684854e+02
1.336407953973676683e+02 1.048102413866158145e+02 1.126361186144434754e+02
1.335337934641561333e+02 1.047250105929398103e+02 1.125081717910013026e+02
1.334896732078069874e+02 1.046806519954450323e+02 1.124658496861841570e+02
1.334901042080453237e+02 1.047031825163528538e+02 1.124710448611000828e+02
1.334992677630359310e+02 1.047203371203093099e+02 1.124668652842880192e+02
1.335224371706257784e+02 1.047695863457005885e+02 1.125164508355181283e+02
1.333945016021821459e+02 1.046576712745954865e+02 1.123917937819443296e+02
1.331964983713355082e+02 1.044416891766637576e+02 1.121851678980959122e+02
1.330776548555387819e+02 1.042828983607425641e+02 1.120546456661635091e+02
1.330281348481237274e+02 1.042037446042212849e+02 1.119866449511400646e+02
1.329200928206350341e+02 1.041069933264479204e+02 1.119130154127274182e+02
1.328733018193373994e+02 1.040745438415296178e+02 1.119062379174280295e+02
1.330028667143348855e+02 1.042034996424882820e+02 1.120890230661264297e+02
1.330560551892163801e+02 1.042613490108842456e+02 1.121385119567808033e+02
1.330588080294483859e+02 1.042670096130928670e+02 1.121477079526495544e+02
1.330245001456529224e+02 1.042888072349778810e+02 1.121823495140488802e+02
1.331670831016127750e+02 1.045059260877625036e+02 1.123965685495617208e+02
1.331799343237732103e+02 1.045628187812822745e+02 1.124455085935224190e+02
1.331091794444002971e+02 1.045170301369137462e+02 1.123935786923015741e+02
1.330410357246894932e+02 1.044571621514260755e+02 1.123381385556526624e+02
1.330716718307248243e+02 1.044557109186727075e+02 1.122611834961997772e+02
1.331469353301024796e+02 1.044638456343846826e+02 1.122389032334948809e+02
1.333211825693175570e+02 1.045503330155451351e+02 1.122720061703874421e+02
1.332327249013532366e+02 1.044784029819125521e+02 1.122056850983819345e+02
1.332390329970074845e+02 1.045626605492439296e+02 1.123519007706363766e+02
1.332608749768279495e+02 1.046533659066232360e+02 1.125057307804348454e+02
1.333467790842403531e+02 1.048077613145838285e+02 1.127001463149810689e+02
1.333160992823283379e+02 1.047868521755250129e+02 1.127097752972643718e+02
1.331995312624136147e+02 1.047110709462143490e+02 1.125990651730621579e+02
1.332297131961547620e+02 1.047644765763618580e+02 1.126675842800773353e+02
1.333555288525197966e+02 1.048751377082174798e+02 1.127161178199729932e+02
1.332464301792855110e+02 1.047804944254654202e+02 1.125679656259103325e+02
1.332451173168083471e+02 1.047554202748867880e+02 1.125262618839543478e+02
1.334163700643521224e+02 1.049073078043484060e+02 1.126562392415455065e+02
1.334553183178411473e+02 1.049109180106459007e+02 1.126047648367363223e+02
1.335081426604168371e+02 1.048829526495590727e+02 1.125665256481555048e+02
1.336316814967823916e+02 1.049846104446386477e+02 1.126487930669209021e+02
1.337492108259844770e+02 1.050931569608855654e+02 1.127773681841052991e+02
1.338112258679589957e+02 1.051594661158337942e+02 1.128254535102354339e+02
1.338578758507454722e+02 1.052205887026296978e+02 1.128448981753661116e+02
1.339000112549985317e+02 1.053656636476788151e+02 1.130090894044119665e+02
1.337598467996080558e+02 1.052923194565821916e+02 1.129021907523635520e+02
1.333280613596038222e+02 1.048576686263605353e+02 1.124850156245862109e+02
1.332291742803421641e+02 1.047081234607134377e+02 1.123832816927517797e+02
1.333117866317099640e+02 1.047619839252138405e+02 1.124418480707608410e+02
1.332973405100500486e+02 1.047629200762691681e+02 1.124230800296602268e+02
1.333491287307009827e+02 1.048469558539233617e+02 1.124806678848547392e+02
1.334626612113026738e+02 1.049827745557585814e+02 1.126077103360610181e+02
1.335146573183972976e+02 1.050463076984189996e+02 1.126731449114165429e+02
1.334513923095256871e+02 1.049628750562749957e+02 1.125734256243213878e+02
1.334198591139005714e+02 1.049507666640184311e+02 1.125992068536320545e+02
1.334742922592092498e+02 1.050305897619236788e+02 1.127194711474802062e+02
1.334926624030083815e+02 1.050761996504329829e+02 1.127784784566086671e+02
1.335403365906623208e+02 1.051126055983686882e+02 1.128033619342708107e+02
1.335993571409655374e+02 1.051575812346071359e+02 1.128788161065649689e+02
1.335358518047721077e+02 1.050640038664230360e+02 1.128001178464553362e+02
1.333715089642753071e+02 1.048746312332830115e+02 1.126022126003018968e+02
1.333389025714361367e+02 1.047978827361563532e+02 1.124976761738301434e+02
1.334276985514154887e+02 1.048836848865231275e+02 1.126292729270940924e+02
1.334900479330526082e+02 1.049503482428961121e+02 1.126912158046661858e+02
1.335035175180742044e+02 1.049451318821005827e+02 1.126805334869309547e+02
1.333401134768676570e+02 1.047458243955403674e+02 1.124477125870607210e+02
1.331827136463546992e+02 1.045373480575196652e+02 1.122086253012367223e+02
1.331770146447392733e+02 1.045304573501761070e+02 1.122038399406795435e+02
1.331852817721988345e+02 1.045641117819972976e+02 1.122306910569105725e+02
1.331907119779666857e+02 1.044626062604274210e+02 1.121228456608670285e+02
1.331646957178040793e+02 1.043203139482534851e+02 1.119923644765763555e+02
1.331764763909854139e+02 1.042272668891183969e+02 1.118868058314133691e+02
1.333156325309181511e+02 1.043024112179232503e+02 1.119542808717989431e+02
1.334117641217128778e+02 1.043970306665607382e+02 1.120513261036519168e+02
1.333311611186144319e+02 1.042651869653875707e+02 1.119145672784089385e+02
1.332135530044225504e+02 1.040851612775085471e+02 1.116884808400201337e+02
1.331787148115780894e+02 1.040083723947988688e+02 1.115944334101321402e+02
1.332636066311803233e+02 1.040809313842324144e+02 1.116881915203516797e+02
1.334479237837981032e+02 1.043021040226688854e+02 1.119532573289902331e+02
1.334726357882471461e+02 1.044572707290590756e+02 1.121974391568019911e+02
1.333682291252879963e+02 1.043732673922830401e+02 1.122200286009374821e+02
1.329898321019040850e+02 1.039422459680622808e+02 1.118493432377320573e+02
1.327377876645215906e+02 1.036378260639283866e+02 1.115562140833134777e+02
1.326852632345541565e+02 1.035162330181933754e+02 1.114542100315139947e+02
1.326409960011652345e+02 1.035204523185297063e+02 1.114606141256852254e+02
1.325922102168904360e+02 1.035253674425995030e+02 1.114567927226503485e+02
1.327559439633484146e+02 1.037288339821509027e+02 1.117013611927650203e+02
1.327775714361378050e+02 1.037681980085273210e+02 1.117162621487778438e+02
1.328365655040915101e+02 1.037764969148062875e+02 1.117635470458939153e+02
1.328184648181986631e+02 1.037387741320410015e+02 1.117618561478774382e+02
1.326774721273271496e+02 1.035792239347474890e+02 1.116119508222769525e+02
1.324732117793490715e+02 1.033503720770106753e+02 1.114010129498689139e+02
1.321575898413707364e+02 1.029875532957284037e+02 1.110071965784804462e+02
1.320319231482217219e+02 1.028044066629591384e+02 1.108101268504541679e+02
1.319648976457191338e+02 1.026939024390243844e+02 1.106992214189242816e+02
1.319370898546119122e+02 1.026066325044357939e+02 1.106123315060512198e+02
1.319831744392362509e+02 1.026213288842986202e+02 1.106445419877651517e+02
1.321054785360557275e+02 1.027412058737851197e+02 1.107665759646195767e+02
1.322301150658086328e+02 1.028767187044834657e+02 1.109113218664759870e+02
1.322708151267180483e+02 1.029434628320224618e+02 1.109506302799184283e+02
1.322421738036598526e+02 1.029465089642753099e+02 1.109338914488493373e+02
1.322960852466830772e+02 1.030164025052302605e+02 1.110270179550329743e+02
1.324311300018537736e+02 1.031652670744948495e+02 1.111810677683324116e+02
1.325836829003469290e+02 1.033352506554381449e+02 1.113719869706840342e+02
1.326263320621805519e+02 1.034190441195942896e+02 1.114406616615026024e+02
1.326312326209581443e+02 1.034549806678848540e+02 1.114620713169672399e+02
1.326302454913800091e+02 1.034883504144487745e+02 1.114912780381875450e+02
1.326888906543788664e+02 1.035680689070734388e+02 1.115583737189163429e+02
1.327270172929742387e+02 1.036290524615343855e+02 1.115994306294854539e+02
1.326319575752760898e+02 1.035924525303884991e+02 1.115800429014062161e+02
1.325578626095707193e+02 1.035745358968247700e+02 1.115435396308360509e+02
1.325199471677127292e+02 1.035752370170281438e+02 1.115571310346653888e+02
1.324554950875241559e+02 1.035309406530547420e+02 1.115276793517120808e+02
1.323052991181377536e+02 1.033492558459786608e+02 1.113585379094833314e+02
1.320824541193294692e+02 1.030326077169566474e+02 1.110576917984163572e+02
1.319570880008474489e+02 1.028309936177537622e+02 1.109101864357405844e+02
1.318705959852758269e+02 1.027112543364847284e+02 1.108145765472312689e+02
1.317933198273350683e+02 1.026189348799025396e+02 1.107316291941421014e+02
1.319040882127062275e+02 1.027149274383623379e+02 1.108567655782421042e+02
1.320577752178173228e+02 1.027979674796747958e+02 1.109698591139005828e+02
1.320833353195095583e+02 1.027578712163343084e+02 1.109849189640104896e+02
1.321401790206827229e+02 1.027510036810465834e+02 1.110047191546834000e+02
1.323571965784804547e+02 1.029214652683986060e+02 1.112114099202881334e+02
1.324756163766849397e+02 1.030127486030560675e+02 1.113107478615502828e+02
1.324713328566510313e+02 1.030511268239718277e+02 1.113573289902280123e+02
1.325131458382987830e+02 1.031276939170043221e+02 1.114795185508858282e+02
1.325480489128995600e+02 1.031979429835014912e+02 1.115863966791133777e+02
1.324930622864860652e+02 1.031594601573051619e+02 1.115581479568867280e+02
1.323326421440110039e+02 1.030203212308996115e+02 1.113971888985990830e+02
1.322856756971478376e+02 1.030231588146500314e+02 1.113241889780461378e+02
1.323366939434866651e+02 1.031315854982654088e+02 1.113636860782288664e+02
1.323997384867985545e+02 1.032513062418897789e+02 1.114671863827758784e+02
1.323646500357511684e+02 1.032568536320542307e+02 1.114766902359577330e+02
1.322689554037234245e+02 1.031812617515425927e+02 1.113509063584121179e+02
1.322524019491009142e+02 1.031491419718757498e+02 1.113734355552024624e+02
1.322436733667011026e+02 1.031332697756945009e+02 1.113762612218956036e+02
1.322743710441990288e+02 1.031521324911946209e+02 1.114424598130346169e+02
1.323463712560578358e+02 1.032148400466089413e+02 1.115301150658086442e+02
1.323378108365774324e+02 1.032147751648526253e+02 1.115507302507878507e+02
1.323724378326845112e+02 1.032111033870925070e+02 1.114859411827017226e+02
1.324213844972325944e+02 1.032546728105717477e+02 1.114932430285214906e+02
1.324538790021450723e+02 1.032698862583088442e+02 1.114645103413574816e+02
1.323385821350070159e+02 1.031427438362331515e+02 1.113103347368978575e+02
1.322828904160377022e+02 1.030925577977278209e+02 1.112588126638595440e+02
1.323097971452027082e+02 1.031471478509573387e+02 1.112923373321681169e+02
