2.537549034291909038e+02 1.329610649891589702e+01 7.257467833504507837e+01
2.537906396211343178e+02 1.334024806002510566e+01 7.263843361291795020e+01
2.537975400833047956e+02 1.335885969416866281e+01 7.265699532123701943e+01
2.538557749914412796e+02 1.346818298527901447e+01 7.276033464566928899e+01
2.539367475465023460e+02 1.358855771425310976e+01 7.291138879379208504e+01
2.538008030925482217e+02 1.305393772110008044e+01 7.231609822549354760e+01
2.530541516889193190e+02 1.072363916466963296e+01 7.101682856898322882e+01
2.526337227547643636e+02 9.780715080451900079e+00 7.025126241013352058e+01
2.523578825744608025e+02 9.275487133401803419e+00 6.965302978432043801e+01
2.523541880634485892e+02 9.157059511582790634e+00 6.952633230628779870e+01
2.525642688006390415e+02 9.500723924455094505e+00 6.986501126897181280e+01
2.528519806287800975e+02 1.006508544448248266e+01 7.047039041994750619e+01
2.530715116113203180e+02 1.059397466621020278e+01 7.093442599566358808e+01
2.531900034234851091e+02 1.090923485107839852e+01 7.128620692114571966e+01
2.532762859465936458e+02 1.119890091863516979e+01 7.159405668720758342e+01
2.533967248659135123e+02 1.146610036517174436e+01 7.185224452242383109e+01
2.534406417608124968e+02 1.161800325231085296e+01 7.199263237475750543e+01
2.534338768115941889e+02 1.164671060139221659e+01 7.204114601163985299e+01
2.534213382973867397e+02 1.158450659020883222e+01 7.208023436608466739e+01
2.534169448248316883e+02 1.155026104073947302e+01 7.201955665867853895e+01
2.534332349081364839e+02 1.160482283464566855e+01 7.204970472440945173e+01
2.534771731998174005e+02 1.179492610977975531e+01 7.219133002396439736e+01
2.535588019228574694e+02 1.201765234508729918e+01 7.248424127011297458e+01
2.536615314390049036e+02 1.232202156795617931e+01 7.279282209289056027e+01
2.537370371162843696e+02 1.259225579139564033e+01 7.303522980143786469e+01
2.538057849766061906e+02 1.285796102932785523e+01 7.326457477462057000e+01
2.538901453554718728e+02 1.318844502453497647e+01 7.356443284263380633e+01
2.539197157080908482e+02 1.343951842976149713e+01 7.374271796188520511e+01
2.539737354501882862e+02 1.361392716535433145e+01 7.387461485792536564e+01
2.540144178648864681e+02 1.383328697363916504e+01 7.404432343375556513e+01
2.540421801894328553e+02 1.395329795732055267e+01 7.421625727490585689e+01
2.540764720985963834e+02 1.408914612575602021e+01 7.431087384457377709e+01
2.541007360492981775e+02 1.421220971699189839e+01 7.448371704895583889e+01
2.541366576800182600e+02 1.428387823804633072e+01 7.458934939518429985e+01
2.541641775077028456e+02 1.434294048841720937e+01 7.468828811480086927e+01
2.541860057913956439e+02 1.443469702156795620e+01 7.478386397352504389e+01
2.542045425368024780e+02 1.455760726920004622e+01 7.492838497090038175e+01
2.542322478032637321e+02 1.466231955380577467e+01 7.503795432500285756e+01
2.542554561793906203e+02 1.483048399520712124e+01 7.507292379892730594e+01
2.542709438833732634e+02 1.497064718133059458e+01 7.511605257902544963e+01
2.542783935296131403e+02 1.509249472212712462e+01 7.516077898550724967e+01
2.542924583475978579e+02 1.514334417436950808e+01 7.514302322264065026e+01
2.541340544048841821e+02 1.427648921602190946e+01 7.435132446080109503e+01
2.536578262296017385e+02 1.246554404884172129e+01 7.252799055688690544e+01
2.532943127353645991e+02 1.135837113431473178e+01 7.138833732739929872e+01
2.530838718190117618e+02 1.085027245235649929e+01 7.090183869679333384e+01
2.530552143957548878e+02 1.081324175510669861e+01 7.091822863174711244e+01
2.532013401517745024e+02 1.123740086157708618e+01 7.135756875499258456e+01
2.534932172201301057e+02 1.181445780554604674e+01 7.224006119479629717e+01
2.536938084845372714e+02 1.238294533835444433e+01 7.290485207691429537e+01
2.537863174711856686e+02 1.267507203583247666e+01 7.325107697135683793e+01
2.538398950131233676e+02 1.292916951957092309e+01 7.352133615770854647e+01
2.538743081707177964e+02 1.307834788314504237e+01 7.365260541481228529e+01
2.538895319810567059e+02 1.313293463996348365e+01 7.369499600593404409e+01
2.538973739016318518e+02 1.301332662900833093e+01 7.350235364601164179e+01
2.538429939803720288e+02 1.278615342919091624e+01 7.327197092890563113e+01
2.537674383772680642e+02 1.258326201072691930e+01 7.305381647266918321e+01
2.537631411902316643e+02 1.260181658678534689e+01 7.305187293164441087e+01
2.538149178363574094e+02 1.285596399634828302e+01 7.320206764235992125e+01
2.538897602133972384e+02 1.316122831792764991e+01 7.343820609380348685e+01
2.539416688063448646e+02 1.350004992582448970e+01 7.371285162044961226e+01
2.540046894613716688e+02 1.376932486020769097e+01 7.388395098710486764e+01
2.540671038742439691e+02 1.400785618509642738e+01 7.412998545018828622e+01
2.541155675853018465e+02 1.422019784891019079e+01 7.434943797786147002e+01
2.541423349594887497e+02 1.431370178591806486e+01 7.455059625698962122e+01
2.541712348796074536e+02 1.439340123245463943e+01 7.468379479059682069e+01
2.541860735478717288e+02 1.446555474723268375e+01 7.472823234052265207e+01
2.541921787629807170e+02 1.458727034120734878e+01 7.481503551865799295e+01
2.542116640990528253e+02 1.465260541481227818e+01 7.485431644414013874e+01
2.542187214709574334e+02 1.470724566358552998e+01 7.491292579596029100e+01
2.542444154399178444e+02 1.473458005249343827e+01 7.498288257446080252e+01
2.542609444539541244e+02 1.486625941458404654e+01 7.507174697592148505e+01
2.542639649663357204e+02 1.490129307885427323e+01 7.505724709003766293e+01
2.542697064361520063e+02 1.497304718703640347e+01 7.509308313363003151e+01
2.542904292194454001e+02 1.506125898664840790e+01 7.516729073947279005e+01
2.543124179790026176e+02 1.517496148579253656e+01 7.532079125299554789e+01
2.543111591349994285e+02 1.514124728974095646e+01 7.529540753737305181e+01
2.541435688405797180e+02 1.414034505876982806e+01 7.441178820038798847e+01
2.536765840750884422e+02 1.243494665069040295e+01 7.257987775305261380e+01
2.533179383487390055e+02 1.147607126554832746e+01 7.162068498231199953e+01
2.531622553634599910e+02 1.089123659134999400e+01 7.113845857583019949e+01
2.531194796302636121e+02 1.083540168891931899e+01 7.111647694853360235e+01
2.532249087070638041e+02 1.113290254479059627e+01 7.143145540910647640e+01
2.534753544733538604e+02 1.166673085701243906e+01 7.214641817870592888e+01
2.536801038457149389e+02 1.226710316101791598e+01 7.277444225721784221e+01
2.538038806630149509e+02 1.259964481342006160e+01 7.320719217163072301e+01
2.538821821864658261e+02 1.288507075202556251e+01 7.351998816044734042e+01
2.539259920974552074e+02 1.311727576172543586e+01 7.371657466050439211e+01
2.539364337270341139e+02 1.319505663014949270e+01 7.368005391989045449e+01
2.539127546217048916e+02 1.311143800639050561e+01 7.351780925482141527e+01
2.538725108410361884e+02 1.291699831678648813e+01 7.332165069040283356e+01
2.538343068869108663e+02 1.273589595458176404e+01 7.310335358895355284e+01
2.538069118737875272e+02 1.273640947734794082e+01 7.306411189090493963e+01
2.538326236733995245e+02 1.284190274449389513e+01 7.323698362432956799e+01
2.538971349709003675e+02 1.310664512723952946e+01 7.358327627524820969e+01
2.539883779812849411e+02 1.343839153258016594e+01 7.389760570010270158e+01
2.540530212256076652e+02 1.370199631975350840e+01 7.417988987789570388e+01
2.540966492639506953e+02 1.393568840579710155e+01 7.437643001825858846e+01
2.541555260755449126e+02 1.410749030012552829e+01 7.454288271710601066e+01
2.541878780098139998e+02 1.425244993153029860e+01 7.473684097911673518e+01
2.542087042108866797e+02 1.441953383544448286e+01 7.487580951158278708e+01
2.542272338240328793e+02 1.452659263380120969e+01 7.496374671916009902e+01
2.542460522937350333e+02 1.462126982768458205e+01 7.503505149492183079e+01
2.542642181615885022e+02 1.480452969873330993e+01 7.509541538285975548e+01
2.542757759899577650e+02 1.487089181787059289e+01 7.516449489330138078e+01
2.542810003708775639e+02 1.493784591464110534e+01 7.522977290882117529e+01
2.543031246433869796e+02 1.499799226862946533e+01 7.528171003081136803e+01
2.543078996918863481e+02 1.509801509186351787e+01 7.530957577313705542e+01
2.543103175282437576e+02 1.516074332420403969e+01 7.534471642131690317e+01
2.543253630320666332e+02 1.525319525276731625e+01 7.537773878808627614e+01
2.543421024477918593e+02 1.534202755905511850e+01 7.539703155312108152e+01
2.543557143672258292e+02 1.535500470729202327e+01 7.543083490243067502e+01
2.542929968332762769e+02 1.493707563049184017e+01 7.508751997032979375e+01
2.538912437236106427e+02 1.313636169120164254e+01 7.330849523564988601e+01
2.534891233025219606e+02 1.179239772338240400e+01 7.193306730001141602e+01
2.531962762467191510e+02 1.094146910304690223e+01 7.115015191715166054e+01
2.530836970786260451e+02 1.066245150062763969e+01 7.092584231998174005e+01
2.531085708376126888e+02 1.072057229259386091e+01 7.103159948077141905e+01
2.532582555916923468e+02 1.102166424169804948e+01 7.140530854159534613e+01
2.534161745406824195e+02 1.147976934269085980e+01 7.190565802236676518e+01
2.535725493552436376e+02 1.188622261211913766e+01 7.239734893871961674e+01
2.536423135627068461e+02 1.213477476320894688e+01 7.266256205066757445e+01
2.537241776503480537e+02 1.240479501882916757e+01 7.290261967933356857e+01
2.537673706207919793e+02 1.257030982540226027e+01 7.307105871276959874e+01
2.537784113602647551e+02 1.260548970101563349e+01 7.310823562136255305e+01
2.537519649378066902e+02 1.255084588611206264e+01 7.301003865685267158e+01
2.537411488645441011e+02 1.244642602419262722e+01 7.292914812278900172e+01
2.537351862946479457e+02 1.240777630377724527e+01 7.284727690288714541e+01
2.537485628494807770e+02 1.258075145498117031e+01 7.290233438890790296e+01
2.538271817585301733e+02 1.286125256761383007e+01 7.323423770398265731e+01
2.539081650119821916e+02 1.325426865799383691e+01 7.358452442086043277e+01
2.539921973068583725e+02 1.356463967819239969e+01 7.394326999885883822e+01
2.540562485735478617e+02 1.388724609152116862e+01 7.419689675339495238e+01
2.541073583533036526e+02 1.410119964623987165e+01 7.439705651603331660e+01
2.541557008159306292e+02 1.426905383430332108e+01 7.452638223211229729e+01
2.541807207862604230e+02 1.442758259157822742e+01 7.466185952299440487e+01
2.542047921659249141e+02 1.450269956065274535e+01 7.474047129978318083e+01
2.542090786545703622e+02 1.456434012324546323e+01 7.478000185438776271e+01
2.542201051295218406e+02 1.456712883715622553e+01 7.484399962912245030e+01
2.542339131861234875e+02 1.463894356955380616e+01 7.489018101677507389e+01
2.542376718874814685e+02 1.466832491726577636e+01 7.493769970329795171e+01
2.542561694054547559e+02 1.471789056259271966e+01 7.501923214081935498e+01
2.542692927650348054e+02 1.481962512838069124e+01 7.508735236220472586e+01
2.542854722982996805e+02 1.489836171973068524e+01 7.512357354787172881e+01
2.543048185552892733e+02 1.501558398950131235e+01 7.522034049412302181e+01
2.543261012210430181e+02 1.514570495264178973e+01 7.525304904142417683e+01
2.543311865228803015e+02 1.521381090950587733e+01 7.532782009585758942e+01
2.542864030583133683e+02 1.490529071094374025e+01 7.504851720301266482e+01
2.539185531496063106e+02 1.324596670660732656e+01 7.335282223553576841e+01
2.534815880691544123e+02 1.179869194339837968e+01 7.188469987447221854e+01
2.531742019000342339e+02 1.093372346799041495e+01 7.102123273992924624e+01
2.530559704153828591e+02 1.066249429419148775e+01 7.077944910418806046e+01
2.530794605158050956e+02 1.073099252539084780e+01 7.093504650233937525e+01
2.532673777530526138e+02 1.111390220244208571e+01 7.142339238845144678e+01
2.534926109779755734e+02 1.166303634600022754e+01 7.205601677507702618e+01
2.536676116912016425e+02 1.210157408992354178e+01 7.255742183042336535e+01
2.537542115999087002e+02 1.241775790254479084e+01 7.286153429190916597e+01
2.538146539427136759e+02 1.270787330252196767e+01 7.311676937121990250e+01
2.538601221043021781e+02 1.288445024534976646e+01 7.330919063106242106e+01
2.538601114059112263e+02 1.285770070181444780e+01 7.326036674084217282e+01
2.538297600707520303e+02 1.275493552436380185e+01 7.312113788086271882e+01
2.537842990414241626e+02 1.260595686408764138e+01 7.298219431130891621e+01
2.537524534976606105e+02 1.254251540568298573e+01 7.286057500285289734e+01
2.537710508672828951e+02 1.265677065502681664e+01 7.297644570923199581e+01
2.538401375099851691e+02 1.285481926851534951e+01 7.321593632317699019e+01
2.539021881775647671e+02 1.316957662900833093e+01 7.351311266118908350e+01
2.539927215280155224e+02 1.355468660846742068e+01 7.381065274449389335e+01
2.540455394841949044e+02 1.384140348624900163e+01 7.407064860778272930e+01
2.540811045018829191e+02 1.405844530982540164e+01 7.424414798014377936e+01
2.541339081935410320e+02 1.426817656624443664e+01 7.440486277530526138e+01
2.541763665411388899e+02 1.441361405911217553e+01 7.458857911103503113e+01
2.541968182985278872e+02 1.452130762866598168e+01 7.470939960629921472e+01
2.542190388565559829e+02 1.464112604131005391e+01 7.479567499714710266e+01
2.542462092034691352e+02 1.476501340865000600e+01 7.487732155083875796e+01
2.542634193483966669e+02 1.480982540225950039e+01 7.492937278899920273e+01
2.542611619879036766e+02 1.486555688691087518e+01 7.494943583818327681e+01
2.542753052607554594e+02 1.492393444026018479e+01 7.496189233139335784e+01
2.543002860036517063e+02 1.502416053292251519e+01 7.504440545475293334e+01
2.543039555517516703e+02 1.513313434326144069e+01 7.511872004450530937e+01
2.543249814561223445e+02 1.523650576286659764e+01 7.519351249572063978e+01
2.543432008159306292e+02 1.536775718931872703e+01 7.525467876298071701e+01
2.543505791395640756e+02 1.539346185667008982e+01 7.528111805317813321e+01
2.542148950131233676e+02 1.462491797900262469e+01 7.453756205066757445e+01
2.537585729772908962e+02 1.276500271025904354e+01 7.272029056829852323e+01
2.533809376069839061e+02 1.160701600479287876e+01 7.154288628323632793e+01
2.531643522480885622e+02 1.104251540568298573e+01 7.100859437407279984e+01
2.531456692913385780e+02 1.096604330708661479e+01 7.097123559283350858e+01
2.532453747289740988e+02 1.122513693940431345e+01 7.130069610863858998e+01
2.534597276902887018e+02 1.169987090608239200e+01 7.199863417208717919e+01
2.536456978203811445e+02 1.213262438662558473e+01 7.258987361634143554e+01
2.537627453497660497e+02 1.246938833732740015e+01 7.289767345657880071e+01
2.538610136368823476e+02 1.276070552322264007e+01 7.324314946365400658e+01
2.539120235649891697e+02 1.302726306630149544e+01 7.350550610521510464e+01
2.539149691886340179e+02 1.311825644756362053e+01 7.344656510327513388e+01
2.538654106755677162e+02 1.301984194910418857e+01 7.324602733082278405e+01
2.538106884057970944e+02 1.281532794134428777e+01 7.298954053976947876e+01
2.537632125128380665e+02 1.264967405568869196e+01 7.280654456236449334e+01
2.537472826086956559e+02 1.267971870364030629e+01 7.276821935980828471e+01
2.537873338183270562e+02 1.279244051694625206e+01 7.295540910647038402e+01
2.538517452641789305e+02 1.307870093004678758e+01 7.322928078283692344e+01
2.539457662900832986e+02 1.341648836015063395e+01 7.355811009357526586e+01
2.540298485107839781e+02 1.372341806458975277e+01 7.388596228460572490e+01
2.540712263208946808e+02 1.396930275019970402e+01 7.415173884514435088e+01
2.541181993894784910e+02 1.416698761839552745e+01 7.427177122560766520e+01
2.541664063391532693e+02 1.431287800981399094e+01 7.450233581536004124e+01
2.541853353588953439e+02 1.446753751569097268e+01 7.456717163072006826e+01
2.542054625984251857e+02 1.459680617368481137e+01 7.465602533378979899e+01
2.542182614401460796e+02 1.473423770398265376e+01 7.473556430446194554e+01
2.542305182300582089e+02 1.479796801894328340e+01 7.475910789683898372e+01
2.542340059055118218e+02 1.483237404427707418e+01 7.478866398493666168e+01
2.542565188862261891e+02 1.490567228688805201e+01 7.480304618851991449e+01
2.542634300467876187e+02 1.497805403400661817e+01 7.483705280725779119e+01
2.542790283008102108e+02 1.508171074403743006e+01 7.490327941344288831e+01
2.543006140876412076e+02 1.521842904827114040e+01 7.497087184754079203e+01
2.543109629978317798e+02 1.528918107383316283e+01 7.507601206778500114e+01
2.543251989900718968e+02 1.535710515805089571e+01 7.510706949674768396e+01
2.542321087241812165e+02 1.485664512723952946e+01 7.454655226520597466e+01
2.537875549184069257e+02 1.302882146525162632e+01 7.273869893301380785e+01
2.533250206835558629e+02 1.166186665525505006e+01 7.128568983224923272e+01
2.530523436608467307e+02 1.096554761497204211e+01 7.061398778956977651e+01
2.530198811765377229e+02 1.082467833504507659e+01 7.053834659933812645e+01
2.531228282266347094e+02 1.106013922172771835e+01 7.083546587926508664e+01
2.533285725493552434e+02 1.149365585415953461e+01 7.145763080566015901e+01
2.535399656225037006e+02 1.200381575944311230e+01 7.213775961428734718e+01
2.536926744550953003e+02 1.241827499144128666e+01 7.263166509756932498e+01
2.538027787287458636e+02 1.279077513408650013e+01 7.295172172771881947e+01
2.538617839210316163e+02 1.306018201529156642e+01 7.318793863402943600e+01
2.538810909505876907e+02 1.308883587241812130e+01 7.322222697706264682e+01
2.538337470044505437e+02 1.291297928791509797e+01 7.301454267944767196e+01
2.537796202784434456e+02 1.264839381490357262e+01 7.276485649891588992e+01
2.537072599281068221e+02 1.244379778614629650e+01 7.253013380120962950e+01
2.536765555460458756e+02 1.234198119936094962e+01 7.245767003309369159e+01
2.537059654228004035e+02 1.241360692685153566e+01 7.258076928563276908e+01
2.537921908878238071e+02 1.263360507246376763e+01 7.283566558256305257e+01
2.538733916752253776e+02 1.299272152801552060e+01 7.323374557799840545e+01
2.539541466963368634e+02 1.335293278557571561e+01 7.355866640990528538e+01
2.540429683042337103e+02 1.366480514663927792e+01 7.387076343717905047e+01
2.540785511525733114e+02 1.392863460002282316e+01 7.408683883943854198e+01
2.541139449960059267e+02 1.413179704439119000e+01 7.424476135455894621e+01
2.541471920289855007e+02 1.425200059910989303e+01 7.439865057628665568e+01
2.541673763266004755e+02 1.436540354330708702e+01 7.450895098710486764e+01
2.541686387367339819e+02 1.440490200273878862e+01 7.449296045874700667e+01
2.541831457548784670e+02 1.455451543421202842e+01 7.444895441058997676e+01
2.541958055175168454e+02 1.465580066757959621e+01 7.449427279470501162e+01
2.542059404598881542e+02 1.475330223667693730e+01 7.457170418235763520e+01
2.542209930959716928e+02 1.485114972041538373e+01 7.464546245577997752e+01
2.542439197478032611e+02 1.497771881775647529e+01 7.468820609380348685e+01
2.542686152002738709e+02 1.508612561337441527e+01 7.478153529042565140e+01
2.542949796017345534e+02 1.519541324318155873e+01 7.494569140134656493e+01
2.542636725436494487e+02 1.487973938719616562e+01 7.471329738673969700e+01
2.539235350336642796e+02 1.322753694511012235e+01 7.329779327855757742e+01
2.534583262010726799e+02 1.173212298870249981e+01 7.168814903571836794e+01
2.531554440545475302e+02 1.094965337213283085e+01 7.100365171744836346e+01
2.530900483567271522e+02 1.076341221613602706e+01 7.079974038571265282e+01
2.531347711970786349e+02 1.088476763094830524e+01 7.091775433641447535e+01
2.532816636711172009e+02 1.123499015748031482e+01 7.132591578226634965e+01
2.534638608353303653e+02 1.176180032523108565e+01 7.188044548099965425e+01
2.536106213625470787e+02 1.220250271025904354e+01 7.237769956065274357e+01
2.537208825459317723e+02 1.252866455551751734e+01 7.268260726920004799e+01
2.538047151375099872e+02 1.279229787173342459e+01 7.293456864087640668e+01
2.538369957491726439e+02 1.290855728631747112e+01 7.307104088211799819e+01
2.538045903229487692e+02 1.279063605500399348e+01 7.294524206892616291e+01
2.537198590665297218e+02 1.247964452812963643e+01 7.261635570010270158e+01
2.536418499657651466e+02 1.216345358324774573e+01 7.239350465023393610e+01
2.536188127638936578e+02 1.207009585758301995e+01 7.233496662102020025e+01
2.536503409220586605e+02 1.218952199589181795e+01 7.241823219787744392e+01
2.537050988531324833e+02 1.241497988702499100e+01 7.266057571607896648e+01
2.537930146639278917e+02 1.270596898893073146e+01 7.295747389592605714e+01
2.538743046045874792e+02 1.303095044505306355e+01 7.328021938833732918e+01
2.539634471642131643e+02 1.332388308798356746e+01 7.358694582334817369e+01
2.540113688234622771e+02 1.355032166495492341e+01 7.384244836243296106e+01
2.540529712997831666e+02 1.373097469473924370e+01 7.401613317357069377e+01
2.540823811765377229e+02 1.392666609608581574e+01 7.414801223895925375e+01
2.541253566130320678e+02 1.413228560424512104e+01 7.427019856213625815e+01
2.541436294647951684e+02 1.426363331621590724e+01 7.436701186808170405e+01
2.541728610350336623e+02 1.437912601278101121e+01 7.445647894556658741e+01
2.541720586557115098e+02 1.442708689946365475e+01 7.451247788999201305e+01
2.541916153143900488e+02 1.455753238046331077e+01 7.460835330366312235e+01
2.542171951671801935e+02 1.461831350564875009e+01 7.466906310624214882e+01
2.542410561451557669e+02 1.476987404427707418e+01 7.474184782608695343e+01
2.542647459488759694e+02 1.491072192742211655e+01 7.485531496062992574e+01
2.542849338126212615e+02 1.505349908707063733e+01 7.491744408307657466e+01
2.543079424854501838e+02 1.515346841834987934e+01 7.507247446650690392e+01
2.542698205523222725e+02 1.503938077713111987e+01 7.484665283008102676e+01
2.539545247061508633e+02 1.349876611890904954e+01 7.330246847540796296e+01
2.534667529670204260e+02 1.194091635284719821e+01 7.164137567043249533e+01
2.531235414526988450e+02 1.103286902316558304e+01 7.087146596485222005e+01
2.530444660789683837e+02 1.081797401004222259e+01 7.063422201300924996e+01
2.530903372132831350e+02 1.084183498801780132e+01 7.082122632089466663e+01
2.532339666780782750e+02 1.101222469473924370e+01 7.120222811822435460e+01
2.534057364772338303e+02 1.135460173456578836e+01 7.166264050553463960e+01
2.535123388109095117e+02 1.164803006961086318e+01 7.196745192856327833e+01
2.535924233995207260e+02 1.191465536916581058e+01 7.216964438548441763e+01
2.536259200616227361e+02 1.213108381832705618e+01 7.234108966678078900e+01
2.536561144870478017e+02 1.224216521168549576e+01 7.243384115029100201e+01
2.536813234622846096e+02 1.223305374871619300e+01 7.242689789455666016e+01
2.536186415896382584e+02 1.216932699988588418e+01 7.235815716649548790e+01
2.535806694339837861e+02 1.205469730685838137e+01 7.223083561565674415e+01
2.535637695423941693e+02 1.198872032979573277e+01 7.215652459203468538e+01
2.535676173970101672e+02 1.200417593860550092e+01 7.214834745520940373e+01
2.536196080109551474e+02 1.216496205637338868e+01 7.233637524249685669e+01
2.536863873673399610e+02 1.236814233139335784e+01 7.251683570124386335e+01
2.537589545532351849e+02 1.260955508958119431e+01 7.275093076001368786e+01
2.538321600764578250e+02 1.289875399406595946e+01 7.302644998858838221e+01
2.538957905397694788e+02 1.315997660618509713e+01 7.328292608125070728e+01
2.539505235079310808e+02 1.343912615542622468e+01 7.350160119251397361e+01
2.539974644813420070e+02 1.359815773707634357e+01 7.373201957092319958e+01
2.540433891076115458e+02 1.378007674312449993e+01 7.391453768686523063e+01
2.540792822092890617e+02 1.393144114458518779e+01 7.406068127353645991e+01
2.541070659306173809e+02 1.407423613488531267e+01 7.417728660276161179e+01
2.541208846856099512e+02 1.420057343375556336e+01 7.426358695652173481e+01
2.541449132717106068e+02 1.431848396667807854e+01 7.432936779641674718e+01
2.541854102476320918e+02 1.447049383772680642e+01 7.446083675681843772e+01
2.542203654570352569e+02 1.466708033778386344e+01 7.462333105100992725e+01
2.542430924055688592e+02 1.484729829966906323e+01 7.471896396781923499e+01
2.542656909734109263e+02 1.502497361063562664e+01 7.483191757959602342e+01
2.543080993951842856e+02 1.518453297957320558e+01 7.499944368366998049e+01
2.543386290368595155e+02 1.532365128951272482e+01 7.512145170033093677e+01
2.543332120849024420e+02 1.524888380120963127e+01 7.499968974666209931e+01
2.540337748202670412e+02 1.380187293164441442e+01 7.361727219559512037e+01
2.535456322035832386e+02 1.209896368252881516e+01 7.197700202556201532e+01
2.532279791452698987e+02 1.122392088896496709e+01 7.111674084217733594e+01
2.531267723667693588e+02 1.096472740499828902e+01 7.084498388109095401e+01
2.531631825573433616e+02 1.093534249115599621e+01 7.095439989158964522e+01
2.532817706550268042e+02 1.114332634371790398e+01 7.127419619422572339e+01
2.534073590665297218e+02 1.146029113887937889e+01 7.165157480314960026e+01
2.535243281410475902e+02 1.172806829852790145e+01 7.200359465936323033e+01
2.536009821122903247e+02 1.193803491954809992e+01 7.221759457377611113e+01
2.536382731370535168e+02 1.210556815588268798e+01 7.238927165354330384e+01
2.536665989101905723e+02 1.226308413214652582e+01 7.249779613146182555e+01
2.536744586614173329e+02 1.226322321122903070e+01 7.248746505192285383e+01
2.536415004849937134e+02 1.213458219217163148e+01 7.237841635284719644e+01
2.536042308570124248e+02 1.200437564190345796e+01 7.217478674540681993e+01
2.535721249857354849e+02 1.188910761154855678e+01 7.208805132374757818e+01
2.535631169405454841e+02 1.189417151660390282e+01 7.211941187378751295e+01
2.536037315987675527e+02 1.201869722127125328e+01 7.228084346114344783e+01
2.536437293164441371e+02 1.224686180531781332e+01 7.248685524363801846e+01
2.537299440830765604e+02 1.256256062421545217e+01 7.275354116740842869e+01
2.538210301837270322e+02 1.274873402373616393e+01 7.305276803035489763e+01
2.538982511696907522e+02 1.295780197991555482e+01 7.329859922401004724e+01
2.539587184754079772e+02 1.317676238160447255e+01 7.349541752253794868e+01
2.539879108182129528e+02 1.339194981741412782e+01 7.366021910304689868e+01
2.540219994579481977e+02 1.354606727148236978e+01 7.378311508615770720e+01
2.540478253737304613e+02 1.369966050439347249e+01 7.392231898322492611e+01
2.540714367225835986e+02 1.383921388223211224e+01 7.402923513636882547e+01
2.541056109494465431e+02 1.398457292023279663e+01 7.419022808969531013e+01
2.541260627068355689e+02 1.413508501654684402e+01 7.428582177907109951e+01
2.541533257731370554e+02 1.425891175967134572e+01 7.444506732854046049e+01
2.541776146867510988e+02 1.438551295218532466e+01 7.450448262581308256e+01
2.541968111662672527e+02 1.452477747346799042e+01 7.461098867397009826e+01
2.542341770797671927e+02 1.469044918977519032e+01 7.471578654570352285e+01
2.542558163585530053e+02 1.484197050096998716e+01 7.483889293050324909e+01
2.542906966792194510e+02 1.497368909049412267e+01 7.494061323176994449e+01
2.543164049127011310e+02 1.509380705808513135e+01 7.506559183498801247e+01
2.543124536403058187e+02 1.506781710030811361e+01 7.496169262809540612e+01
2.540518372703411956e+02 1.371871790482711440e+01 7.370620791966221930e+01
2.535639835102134043e+02 1.205339923542165970e+01 7.196377524820266558e+01
2.532267523964395650e+02 1.108822606413328771e+01 7.111170546616455113e+01
2.531053648864544243e+02 1.076532366198790314e+01 7.083860764007759769e+01
2.531457085187720963e+02 1.075035304690174520e+01 7.086231527444938649e+01
2.532591185952299497e+02 1.095776275248202758e+01 7.117294305603104476e+01
2.533646510898094277e+02 1.121008430332078021e+01 7.145668578112518787e+01
2.534598881661531493e+02 1.150990314390049107e+01 7.171801181102361511e+01
2.535001783065160339e+02 1.172291167408421764e+01 7.195519870478146629e+01
2.535686337441515548e+02 1.189713140477005560e+01 7.214101549127011026e+01
2.536000584845372714e+02 1.197634942371334077e+01 7.224349894442542563e+01
2.535829802864315923e+02 1.193971100079881253e+01 7.222020854730115502e+01
2.535371483795503877e+02 1.181941829282209255e+01 7.208691016204495838e+01
2.534814204610293302e+02 1.165852875727490634e+01 7.190831478945565891e+01
2.534418185838183319e+02 1.159325430788542732e+01 7.179045418235763520e+01
2.534351463539883582e+02 1.159608581536003591e+01 7.176032038114800571e+01
2.534926145441058907e+02 1.173561423028643169e+01 7.192222269770626042e+01
2.535592013294533729e+02 1.196086885199132688e+01 7.214540896382517587e+01
2.536578618909049396e+02 1.227373259728403454e+01 7.250704310738331060e+01
2.537496005934040966e+02 1.260318241469816236e+01 7.279107112290311932e+01
2.538213796644984654e+02 1.288004964053406454e+01 7.305490414241698716e+01
2.539024841663813845e+02 1.316342505420518094e+01 7.334128937007874072e+01
2.539469966050439211e+02 1.337125199703297973e+01 7.357742782152230632e+01
2.540027994123017265e+02 1.356316330023964412e+01 7.367541795047358733e+01
2.540326835843889057e+02 1.372662401574803148e+01 7.374721128608923948e+01
2.540661089238845136e+02 1.379613859408878263e+01 7.388289184639963025e+01
2.540840073319639316e+02 1.389181073833162117e+01 7.399868409791167778e+01
2.541199004336414475e+02 1.408024506447563695e+01 7.416356056715736145e+01
2.541430374871619335e+02 1.424727547643501069e+01 7.426029541823577063e+01
2.541750934326144034e+02 1.436813163300239715e+01 7.436411973639164330e+01
2.542169098767545279e+02 1.453473767545361106e+01 7.456690060481570015e+01
2.542377860036517063e+02 1.472620321237019247e+01 7.469499243980372682e+01
2.542717569610863961e+02 1.490014478489101890e+01 7.480820994522423462e+01
2.542989843660846816e+02 1.502865029099623406e+01 7.498496162843774471e+01
2.543368745007417431e+02 1.515535846741983406e+01 7.513461428734451886e+01
2.543221998744722043e+02 1.510389920689261700e+01 7.503188120506675318e+01
2.540782872589295778e+02 1.380774634828255110e+01 7.377219559511583213e+01
2.536128751569097233e+02 1.208186052151089740e+01 7.208280197991555838e+01
2.532568220073034411e+02 1.113683598653429208e+01 7.107551994180074928e+01
2.531602119707862641e+02 1.089610079310738300e+01 7.079930175168321682e+01
2.531458012381604590e+02 1.089324432272052867e+01 7.081351991327170481e+01
2.532438983510213291e+02 1.113509214880748566e+01 7.108374343832021225e+01
2.533619836243295538e+02 1.139006690060481652e+01 7.143623402373616216e+01
2.534743488246034531e+02 1.168606641561109249e+01 7.176354772908821644e+01
2.535882117996119973e+02 1.192078198105671660e+01 7.205331721442428261e+01
2.536484936665525538e+02 1.215536559968047392e+01 7.227728089695310132e+01
2.536831100935752659e+02 1.228058313363003506e+01 7.240596470957434860e+01
2.536950209688462792e+02 1.224301751683213446e+01 7.236915867853474538e+01
2.536360514378637561e+02 1.214745235649891519e+01 7.225133016660960550e+01
2.535822527958461592e+02 1.197890990528357946e+01 7.208696365399977424e+01
2.535197920232797060e+02 1.182845486705466165e+01 7.193633744151546239e+01
2.534967405568869196e+02 1.186404841378523400e+01 7.195267031838412208e+01
2.535356220757731478e+02 1.194219302750199674e+01 7.210403115371448735e+01
2.536110421659249141e+02 1.213955694396896057e+01 7.233729173798927548e+01
2.537143850564875152e+02 1.232351577656053898e+01 7.263351948533606617e+01
2.538083026646125688e+02 1.260297914526988450e+01 7.292629165240214206e+01
2.538785304690174485e+02 1.291463040625356662e+01 7.317109580052493811e+01
2.539322114287344618e+02 1.311126683213511335e+01 7.337557058085130279e+01
2.539479523279698867e+02 1.333719188634029429e+01 7.350188648293963922e+01
2.539749550667579570e+02 1.353365357183612971e+01 7.354186280383430585e+01
2.539977390733766924e+02 1.364873616341435536e+01 7.361198719045988526e+01
2.540300945737760969e+02 1.378692727947050045e+01 7.369325573433755494e+01
2.540527002738787985e+02 1.390361462969302764e+01 7.382264920689262055e+01
2.540788471413899288e+02 1.403464495606527507e+01 7.392483667123131852e+01
2.541027402145383860e+02 1.414004906995321242e+01 7.400203269428277508e+01
2.541076935695538168e+02 1.420051280954011119e+01 7.405439775191145202e+01
2.541319931815588404e+02 1.432091250142645222e+01 7.413810909505876623e+01
2.541611569953212495e+02 1.449245050211114894e+01 7.426403985507246830e+01
2.541949318155882622e+02 1.466834988017802210e+01 7.438449660504393535e+01
2.542311387367339819e+02 1.483523408079424932e+01 7.454139564076228908e+01
2.542537087755334824e+02 1.498181986762524254e+01 7.469670418235763520e+01
2.542509842519685037e+02 1.494409020883259132e+01 7.464552307999544212e+01
2.540106377667465551e+02 1.373057885427365044e+01 7.350654028300810694e+01
2.535334431701472226e+02 1.206512823804633072e+01 7.181242154513294906e+01
2.531803784377496243e+02 1.117282893986077852e+01 7.087290311537144305e+01
2.531044376925710253e+02 1.096016275818783470e+01 7.066212698276845572e+01
2.531108068013237471e+02 1.097814675339495594e+01 7.072858895355471986e+01
2.532282073776104028e+02 1.117009371790482675e+01 7.101248145612233031e+01
2.533516347141389815e+02 1.145802307999543501e+01 7.147021567956178956e+01
2.535097248373844536e+02 1.176185738331621522e+01 7.196883915325801695e+01
2.536267794990300217e+02 1.207441800753166739e+01 7.227979858495949372e+01
2.537222804690174485e+02 1.229252253794362737e+01 7.261215123245463587e+01
2.537542864886454481e+02 1.239883958119365559e+01 7.268125927193882774e+01
2.537332035261896692e+02 1.229069667921944564e+01 7.253526189661074852e+01
2.536449346684925388e+02 1.205880192285746944e+01 7.232078412073491336e+01
2.535807086614173329e+02 1.185716934839666870e+01 7.201018486819582165e+01
2.535143322777587684e+02 1.173217291452698774e+01 7.186593489672486612e+01
2.535105628780098073e+02 1.171889264521282747e+01 7.185170603674541212e+01
2.535482033835444611e+02 1.183440317242953377e+01 7.194845515234509037e+01
2.536305203697363879e+02 1.203135341777929845e+01 7.222105728631747468e+01
2.537191244436836826e+02 1.231945038799497816e+01 7.251637923656282680e+01
2.537751483510213291e+02 1.258446379664498416e+01 7.276536288942142505e+01
2.538347990128951324e+02 1.282373687664041917e+01 7.296309055118109654e+01
2.538846642131690032e+02 1.302362204724409445e+01 7.316184169234280432e+01
2.539159891019057511e+02 1.323151318041766444e+01 7.332823733310510761e+01
2.539408949560652786e+02 1.334647452356498931e+01 7.340584702727376509e+01
2.539420503822891817e+02 1.343185124957206433e+01 7.351465679561793820e+01
2.539694953212370194e+02 1.346762310281866881e+01 7.351458903914185328e+01
2.539965051922857526e+02 1.350234651375099837e+01 7.356392645212827119e+01
2.540099780326372354e+02 1.352361134885313199e+01 7.364425353760127280e+01
2.540454574631975220e+02 1.368291395640762254e+01 7.377688862261781821e+01
2.540673285404541843e+02 1.380579924112746859e+01 7.390914213169006075e+01
2.541123580680132363e+02 1.397165283008102321e+01 7.407249942941915322e+01
2.541267509699874552e+02 1.418271425310966549e+01 7.419006404770055951e+01
2.541354451957092238e+02 1.423641660960858069e+01 7.416685567157365711e+01
2.539498209802578970e+02 1.324565645326942764e+01 7.328994779185210007e+01
2.535062478603218210e+02 1.176144371219901785e+01 7.170086585644185107e+01
2.531876640419947648e+02 1.092149877325116947e+01 7.081411189090493963e+01
2.530605065331507433e+02 1.057687863745292667e+01 7.058949917265776719e+01
2.530454931245007515e+02 1.058580822777587649e+01 7.060253694511011702e+01
2.531079752938491367e+02 1.074629479059682780e+01 7.076904670204268655e+01
2.532235714081935498e+02 1.101197863174711777e+01 7.102351862946478889e+01
2.533174390904941333e+02 1.126168264293050392e+01 7.135170603674541212e+01
2.533935153486249021e+02 1.146164270227091109e+01 7.154379564646809797e+01
2.534554162387310328e+02 1.164623630605956883e+01 7.177584018030354684e+01
2.535272416695195830e+02 1.183206735706949608e+01 7.199277145384000676e+01
2.535593047472326873e+02 1.192581379093917526e+01 7.210515091863517512e+01
2.535407287743923348e+02 1.190389992011868081e+01 7.199508230628779870e+01
2.534903857126554954e+02 1.177381818441173067e+01 7.186534648522196278e+01
2.534462263208946808e+02 1.173340679561793820e+01 7.172432742782152104e+01
2.534535368880520423e+02 1.175916495492411329e+01 7.173501512039256056e+01
2.535216464110464472e+02 1.193924383772680642e+01 7.189764136140591688e+01
2.536123794647951684e+02 1.228561494351249550e+01 7.225699674768914349e+01
2.537139820837612660e+02 1.268689019171516641e+01 7.260722640648180004e+01
2.538035918064589680e+02 1.295387567043250066e+01 7.298222284035148277e+01
2.539064639678192350e+02 1.332955323519342627e+01 7.325692185895240982e+01
2.539464902145383860e+02 1.352993766404199505e+01 7.338750641903457961e+01
2.539733895355471986e+02 1.363448590665297289e+01 7.355100279584617340e+01
2.540092006162273321e+02 1.372369622275476431e+01 7.363520269884742220e+01
2.540209688462855127e+02 1.379898079995435367e+01 7.373710843889078603e+01
2.540484102191030331e+02 1.389514150405112325e+01 7.382185752596143402e+01
2.540523935866712293e+02 1.395567656624443664e+01 7.385958361862375909e+01
2.540528964110464472e+02 1.401386154855643085e+01 7.387144456807030224e+01
2.540817713682528733e+02 1.406970714937806655e+01 7.385292565331506864e+01
2.541145975978546119e+02 1.417210858153600306e+01 7.395646824717562140e+01
2.541375492125984294e+02 1.434126084103617416e+01 7.406927564760925975e+01
2.541632966735136279e+02 1.450922201300924286e+01 7.422348938719616740e+01
2.542012260356042361e+02 1.466430945452470702e+01 7.434826472098596639e+01
2.542291203069725043e+02 1.468628038343033282e+01 7.445288785233367435e+01
2.541411153429190790e+02 1.421897110007988196e+01 7.407884000912929423e+01
2.537060938034919673e+02 1.245386853817185902e+01 7.234525490699532213e+01
2.532538906481798335e+02 1.122644927536231840e+01 7.101031324888737117e+01
2.530908079424854407e+02 1.071751968503937036e+01 7.058800853018372834e+01
2.530296666381376269e+02 1.063317357069496794e+01 7.051312335958004951e+01
2.530538521339723843e+02 1.077744850507816921e+01 7.061824218304234080e+01
2.531571237019285547e+02 1.098671259842519632e+01 7.088169362661189155e+01
2.532876298071436736e+02 1.123621690631062364e+01 7.117849552094031651e+01
2.533727569040283072e+02 1.148149891589638294e+01 7.146955237932215255e+01
2.534097733367568139e+02 1.152998045760584311e+01 7.159217377039826147e+01
2.534339374358096677e+02 1.159881390505534604e+01 7.170261326029898896e+01
2.534651696051580529e+02 1.168587741070409614e+01 7.180332434668493136e+01
2.534637039255962634e+02 1.165417094602305070e+01 7.179155968275703970e+01
2.534727048385256296e+02 1.164936380235079305e+01 7.178199532123701943e+01
2.534440331507474582e+02 1.162089895013123275e+01 7.172794705009700067e+01
2.534215807942485412e+02 1.160182015291566771e+01 7.166261554262239031e+01
2.534359237703982615e+02 1.163461785347483790e+01 7.167524321008787069e+01
2.534918834873901687e+02 1.172870663585529982e+01 7.183919248545018377e+01
2.535320345486705378e+02 1.189776617596713493e+01 7.203075074175511361e+01
2.536286838126212615e+02 1.215167465479858500e+01 7.227513052036974273e+01
2.537087577028414955e+02 1.240026959945224228e+01 7.255947948761838973e+01
2.537877082620107387e+02 1.261105643044619384e+01 7.279399178363574663e+01
2.538288114800867277e+02 1.273121719160105059e+01 7.293133059454524414e+01
2.538589702442085922e+02 1.285769713568412698e+01 7.305808869679333384e+01
2.538855521796188555e+02 1.294951785918064502e+01 7.314086571379664292e+01
2.539081293506789905e+02 1.306035318954695867e+01 7.324933669976036299e+01
2.539466257274905843e+02 1.317919448248316705e+01 7.328229487618395410e+01
2.539623594944653746e+02 1.330531068127353578e+01 7.346762666894899496e+01
2.540041795047358164e+02 1.346387509985164854e+01 7.362827370763437784e+01
2.540258223496519463e+02 1.371161417322834630e+01 7.373536460116397961e+01
2.540633309083647191e+02 1.391364972041538373e+01 7.381419747803263931e+01
2.540796637852333788e+02 1.409304747232682864e+01 7.395270954581764045e+01
2.541294826258130684e+02 1.430268600935752588e+01 7.409781895469588164e+01
2.541608538742439691e+02 1.446329025447905892e+01 7.423163442884856522e+01
2.541885234794020221e+02 1.458988788086271882e+01 7.431590208832591316e+01
2.542068605215108903e+02 1.463252096884628628e+01 7.439342262923656790e+01
2.541555617368481137e+02 1.421388579824261100e+01 7.407624386625585089e+01
2.537380463311651226e+02 1.266775077028414920e+01 7.242230828483396010e+01
2.533286830993951924e+02 1.130738973525048507e+01 7.114183213511354609e+01
2.530936893757845496e+02 1.077459560082163570e+01 7.057415768001825995e+01
2.530289320152915593e+02 1.063127995549469418e+01 7.045520583704211504e+01
2.530621362547072977e+02 1.065532993837726750e+01 7.055851306630150077e+01
2.531554690174597795e+02 1.089785176309483106e+01 7.079961557115143478e+01
2.532645783407508873e+02 1.119541324318155873e+01 7.113091621020198829e+01
2.533388251740271642e+02 1.138833019513865175e+01 7.138832306287801543e+01
2.533955159477347934e+02 1.146608966678078367e+01 7.153848924455095926e+01
2.534524278215223205e+02 1.164989872189889297e+01 7.174079225151203332e+01
2.534882531667237231e+02 1.177086899463654035e+01 7.184376783065160055e+01
2.535042294305603150e+02 1.177313348739016341e+01 7.185362104872760369e+01
2.534852504849937134e+02 1.170432856898322527e+01 7.184715922058656190e+01
2.534739850793107507e+02 1.161656966792194368e+01 7.179148479402030603e+01
2.534356277815816441e+02 1.157207149378066902e+01 7.172000171174255456e+01
2.534298684811137718e+02 1.158106170831906923e+01 7.172244807714253056e+01
2.534963696793335544e+02 1.176000656167978953e+01 7.185425938605500562e+01
2.535699781752824435e+02 1.198109594317014803e+01 7.212328825744607741e+01
2.536801395070181400e+02 1.227165354330708702e+01 7.245535561451558237e+01
2.537785967990414235e+02 1.258121505192285738e+01 7.276008858267717017e+01
2.538533000969987370e+02 1.285221955951158357e+01 7.296762310281866348e+01
2.538845964566929183e+02 1.311639849366655319e+01 7.321031610179161930e+01
2.539214203183841221e+02 1.328774035718361368e+01 7.332230685838183604e+01
2.539583190688120453e+02 1.347829653086842328e+01 7.341644200045647040e+01
2.539920332648636361e+02 1.360962284605728634e+01 7.350097711970786918e+01
2.540263679675909998e+02 1.374083147894556589e+01 7.363521696336870548e+01
2.540457998117083207e+02 1.383406082391874925e+01 7.374175510669861922e+01
2.540705701529156784e+02 1.389290197420974593e+01 7.377818669405455410e+01
2.540873238331621451e+02 1.393996776218190092e+01 7.383225636197649067e+01
2.541067521111491487e+02 1.406542779299326718e+01 7.389847226977062178e+01
2.541368966107497442e+02 1.426209988017802210e+01 7.407572677735934974e+01
2.541766482654342099e+02 1.443181202213853709e+01 7.425616940545475586e+01
2.542033300524934418e+02 1.458768401232454615e+01 7.439347255506105228e+01
2.542437771025904283e+02 1.473507931073833177e+01 7.454769342690859446e+01
2.542719388337327473e+02 1.491963725322378131e+01 7.468570623644870921e+01
2.543065374301038446e+02 1.504076086956521685e+01 7.484555089581193954e+01
2.542791495492411400e+02 1.487563120506675851e+01 7.468061380235079127e+01
2.539510441629578850e+02 1.326038100536345965e+01 7.314048413785234004e+01
2.534551345144356844e+02 1.174850579139564033e+01 7.153637809540111903e+01
2.532158507360493047e+02 1.106284948077142616e+01 7.090502681730001200e+01
2.531502018429761449e+02 1.082539869336985028e+01 7.075451828711628366e+01
2.531625085587127728e+02 1.092569254250827271e+01 7.083010598539313207e+01
2.532660297557914078e+02 1.120250271025904354e+01 7.118216150290996325e+01
2.534252467762181880e+02 1.151825502111149113e+01 7.168891218760698791e+01
2.535534491612461352e+02 1.179437335958005306e+01 7.200662943626612389e+01
2.536328561850964149e+02 1.201779499030012488e+01 7.227589010612804543e+01
2.536870399691886462e+02 1.219232140819354093e+01 7.247824303891361808e+01
2.537055481855528853e+02 1.232361206207919579e+01 7.251764164669633317e+01
2.536949175510669932e+02 1.232465693826315167e+01 7.249907280611662941e+01
2.536547771881775759e+02 1.217967234394613740e+01 7.235189860778272930e+01
2.535971306915439811e+02 1.201839766632431861e+01 7.217174840237362332e+01
2.535662052094031651e+02 1.189077299440830693e+01 7.206066700901517663e+01
2.535490449903001320e+02 1.188398308227775857e+01 7.196526589067670443e+01
2.535749279641675287e+02 1.199798157023850287e+01 7.200011055003993476e+01
2.536382588725322478e+02 1.225291709460230472e+01 7.228291181672942400e+01
2.537402466335729798e+02 1.255106342006162201e+01 7.260611020769142954e+01
2.538299455095286987e+02 1.290611092091749335e+01 7.294950716078967901e+01
2.539118987504279232e+02 1.318138408650005644e+01 7.321808313363003151e+01
2.539647808969531013e+02 1.346111491498345281e+01 7.343759985164898296e+01
2.540011982197877387e+02 1.368878024078511935e+01 7.367194810567157504e+01
2.540621933127924308e+02 1.383718475407965265e+01 7.381869793449732242e+01
2.541018914755220806e+02 1.398350664726691761e+01 7.395485635627068177e+01
2.541262802407851211e+02 1.409836457263494225e+01 7.409372503708775071e+01
2.541471314047700503e+02 1.422422757617254341e+01 7.416230885541480689e+01
2.541626262410133563e+02 1.433179633116512619e+01 7.423583889649663092e+01
2.541954382060937974e+02 1.449690816501198221e+01 7.435795746319753619e+01
2.542223054319296978e+02 1.464235635627068355e+01 7.455453326486363608e+01
2.542497396724865837e+02 1.475753879949788860e+01 7.463717833504507837e+01
2.542651560538628246e+02 1.488229986876640432e+01 7.472736933698504913e+01
2.543107561622732078e+02 1.507206079538970656e+01 7.493451158279128776e+01
2.543274456521739069e+02 1.523644157252082643e+01 7.504414512723953123e+01
2.543567984708433301e+02 1.545132945338354524e+01 7.521054076800182031e+01
2.543872710544334268e+02 1.560818926166837883e+01 7.537625171174255456e+01
2.543752353646011670e+02 1.552714181787059289e+01 7.529119237133402009e+01
2.541569846228460676e+02 1.427489515576857215e+01 7.409491612461485488e+01
2.536682500285290303e+02 1.255885541481227818e+01 7.231856598767545563e+01
2.533321600764578250e+02 1.152775162615542648e+01 7.130709018030354684e+01
2.532519613716763729e+02 1.113799141275818805e+01 7.103117867739358360e+01
2.532457420403971184e+02 1.114230286431587302e+01 7.104460515805089926e+01
2.533835230514663976e+02 1.139094773479402001e+01 7.136233310510098704e+01
2.535436636996462312e+02 1.182152587584160663e+01 7.183667479744379136e+01
2.537027880006847056e+02 1.228064732397580805e+01 7.235223739016318234e+01
2.537961278956978219e+02 1.259897081478945502e+01 7.270247061508615616e+01
2.538817292879151069e+02 1.294589823690516894e+01 7.304797515120392859e+01
2.539359023736163294e+02 1.313307728517630935e+01 7.322219488188976300e+01
2.539222333960972264e+02 1.304723696222754725e+01 7.316556473239758418e+01
2.538677464909277717e+02 1.278932728517630935e+01 7.290866427022709217e+01
2.537787002168207096e+02 1.245923556430446233e+01 7.261125256761383184e+01
2.536811950815930743e+02 1.231100222526531951e+01 7.234713782380462987e+01
2.536717412701129888e+02 1.228801494921830439e+01 7.228737304576058875e+01
2.537094994579481977e+02 1.243204025447905892e+01 7.247707691429876320e+01
2.537999543535318878e+02 1.264927108296245528e+01 7.277092605272167702e+01
2.538780383430332108e+02 1.295083019513865175e+01 7.307590151774506637e+01
2.539595565160333308e+02 1.325113046331165201e+01 7.339301252424968425e+01
2.540261967933356289e+02 1.351374386625584911e+01 7.363716763665411236e+01
2.540884222013009150e+02 1.374732896838982121e+01 7.384828255163756694e+01
2.541214374358096677e+02 1.387838069154399179e+01 7.402785147780440411e+01
2.541316258701357924e+02 1.402851477804404823e+01 7.412064218874814969e+01
2.541436579938377349e+02 1.414541966221613656e+01 7.423358510213397210e+01
2.541710209117881902e+02 1.428131775647609203e+01 7.428195609380348685e+01
2.541830387709688353e+02 1.432643643729316452e+01 7.434958418920460588e+01
2.541922108581536008e+02 1.445616869222868850e+01 7.428152459203468538e+01
2.542102840066187355e+02 1.457663970672144238e+01 7.435832834075088726e+01
2.542292950473582209e+02 1.475660447335387460e+01 7.443247175624786394e+01
2.542518436893757894e+02 1.487952541937692530e+01 7.455834545817641867e+01
2.542840208832591600e+02 1.505896596485222005e+01 7.470684625698962122e+01
2.543118723610635641e+02 1.516626369394043117e+01 7.481074903001255905e+01
2.542362026417893333e+02 1.472116783635741122e+01 7.441551480657308559e+01
2.538529256533150829e+02 1.304344259956635810e+01 7.274518929019741620e+01
2.534509585758301853e+02 1.177114358667123106e+01 7.148551437863744695e+01
2.532410097854616140e+02 1.117977932785575668e+01 7.093758558712769968e+01
2.532054162387310328e+02 1.099095629350678927e+01 7.085553606070980948e+01
2.532356356270683477e+02 1.105196208490243137e+01 7.095422515120392859e+01
2.533442314275932858e+02 1.126631861234736931e+01 7.131931844117310959e+01
2.534603838582677042e+02 1.160563947848910260e+01 7.167502567613830422e+01
2.535721463825174169e+02 1.192108153600365128e+01 7.205862361634143554e+01
2.536847968732169250e+02 1.225080594545246981e+01 7.239601877211001124e+01
2.537531774221157264e+02 1.253932728517630935e+01 7.265416737989272633e+01
2.537853653143900488e+02 1.265359679904142354e+01 7.274796017345657617e+01
2.537500249629122493e+02 1.253803634600022754e+01 7.258966321465251781e+01
2.536806672943056071e+02 1.228422415268743606e+01 7.235310039370078528e+01
2.536162059226292342e+02 1.199155183727034135e+01 7.213318783521624766e+01
2.535861256133744064e+02 1.193433327627524854e+01 7.206349851648978699e+01
2.536211307486020701e+02 1.202037330252196767e+01 7.217791424169804770e+01
2.536876426452128328e+02 1.227010227661759600e+01 7.243419063106242106e+01
2.537688612632660181e+02 1.256299212598425186e+01 7.271577584731257105e+01
2.538640555460458756e+02 1.291829638822321158e+01 7.307483167864886298e+01
2.539366762238959154e+02 1.327847198448020016e+01 7.331822363916467111e+01
2.539973681958233556e+02 1.359787957891133203e+01 7.355607383316215930e+01
2.540847597854616140e+02 1.382037401574803148e+01 7.378674184069382136e+01
2.541000049925824555e+02 1.397538656852676020e+01 7.391217690859295431e+01
2.541146831849823116e+02 1.413807699988588418e+01 7.393667979002624691e+01
2.541215051922857526e+02 1.424033578683099321e+01 7.400518158735593488e+01
2.541419640819354129e+02 1.436682286317471124e+01 7.405363103389250057e+01
2.541688134771196985e+02 1.446969859066529729e+01 7.414378280839895297e+01
2.541815053349309608e+02 1.450660803948419542e+01 7.422700915782266406e+01
2.542084474495035806e+02 1.461094944653657457e+01 7.430081735706949075e+01
2.542149413728175205e+02 1.474566715166039010e+01 7.436546416752253208e+01
2.542535340351477942e+02 1.488307015291566771e+01 7.452016290083304284e+01
2.542869237133401725e+02 1.504986876640419879e+01 7.470078740157480013e+01
2.543024435124957279e+02 1.518185838183270597e+01 7.479453383544448286e+01
2.541859130720073097e+02 1.447121776218190092e+01 7.409310809654228080e+01
2.537375720358324713e+02 1.270039512723952946e+01 7.228755135227662265e+01
2.533494558085130564e+02 1.153434183498801779e+01 7.116509400319525014e+01
2.531911481513180320e+02 1.105965779413442895e+01 7.078372846057285983e+01
2.531456443284263287e+02 1.101108709916695183e+01 7.065636768230058351e+01
2.532029556088097593e+02 1.115048713340180342e+01 7.081415111833847220e+01
2.533349309597169849e+02 1.136377025562022069e+01 7.117886996462398486e+01
2.534401710316101912e+02 1.162378038343033282e+01 7.157492083190687993e+01
2.535247560766860602e+02 1.181732854045418257e+01 7.182593004678763293e+01
2.535780304975465071e+02 1.192797843204382069e+01 7.197706621590779719e+01
2.536173791795047237e+02 1.207906110920917442e+01 7.211995749172658066e+01
2.536465643900490647e+02 1.210438420061622722e+01 7.223077499144129376e+01
2.536233595800524938e+02 1.199683684240556936e+01 7.213566629578910749e+01
2.535681344859066542e+02 1.188311294647951577e+01 7.198516133173571063e+01
2.535342063220358284e+02 1.177406781353417742e+01 7.187141247289740420e+01
2.535141646696336863e+02 1.171432443227205233e+01 7.181840194568070501e+01
2.535136333162159019e+02 1.181126968503937036e+01 7.181442571037315759e+01
2.535573255449046997e+02 1.201790197420974593e+01 7.196951315188861997e+01
2.536170011696907522e+02 1.226691058998060058e+01 7.217670532351934298e+01
2.537067713682528733e+02 1.257601206778500469e+01 7.245402544790596266e+01
2.537886354558941093e+02 1.289046987333105143e+01 7.275510669861920121e+01
2.538725037087755254e+02 1.311174825972840274e+01 7.301019200045647040e+01
2.539370114401460796e+02 1.324041780782836852e+01 7.323604929818554865e+01
2.539899542108866797e+02 1.342111719730685770e+01 7.346597555061052276e+01
2.540380363460002400e+02 1.359705936893757894e+01 7.359470572292593715e+01
2.540359144984594195e+02 1.385717291452698774e+01 7.366722654912700818e+01
2.540623323918749179e+02 1.398118509642816321e+01 7.375915069040283356e+01
2.540914926395070097e+02 1.410219459659933783e+01 7.378968033207804922e+01
2.541206885484423026e+02 1.423106741412758147e+01 7.396013422914526814e+01
2.541608289113317483e+02 1.436401988474266744e+01 7.406358766974780394e+01
2.541777145384000960e+02 1.445722426680360684e+01 7.417361705466164778e+01
2.542036189090494247e+02 1.457235678420632219e+01 7.432359779755790896e+01
2.542387310281866917e+02 1.473990428506219352e+01 7.455028243752140327e+01
2.542727233824032851e+02 1.491424169804861322e+01 7.474132003879950048e+01
2.543081956807029655e+02 1.505100279584617162e+01 7.487991412758188403e+01
2.542480421944539444e+02 1.465818997489444264e+01 7.454976178249458485e+01
2.538445773422344018e+02 1.303464138993495425e+01 7.273849566358552465e+01
2.533986042165925028e+02 1.171256989615428523e+01 7.133213154741527262e+01
2.531987261782494443e+02 1.111296074403743006e+01 7.079591036174825547e+01
2.531477554775761689e+02 1.096964153258016594e+01 7.065969131575944573e+01
2.531757923941572415e+02 1.098908050895811961e+01 7.078556501768800047e+01
2.532640933470272842e+02 1.118203312221841905e+01 7.105115257331964074e+01
2.533594980314960594e+02 1.141711243295675082e+01 7.136493281410476186e+01
2.534309918121647911e+02 1.157594074517859184e+01 7.156562393016091050e+01
2.534755399121305572e+02 1.169865128951272482e+01 7.163150462170489163e+01
2.535018258587241746e+02 1.182787715394271366e+01 7.182065930617368110e+01
2.535518622332534449e+02 1.192653414926395072e+01 7.202230257902544963e+01
2.535626890049069857e+02 1.192338882232112240e+01 7.202852904256532440e+01
2.535550467876298057e+02 1.188813762410133457e+01 7.196878209517288383e+01
2.535304048271140118e+02 1.180177664612575583e+01 7.189784106470386860e+01
2.535099102761611221e+02 1.174238631176537773e+01 7.177008087983567464e+01
2.535076350850165454e+02 1.172568612347369665e+01 7.177808684240557113e+01
2.535643472555061066e+02 1.184037287458632903e+01 7.192518258587242030e+01
2.536317471185666932e+02 1.204541823576400716e+01 7.211983267716534840e+01
2.536978703069725043e+02 1.227882859751226796e+01 7.234069382631518863e+01
2.537682050952870156e+02 1.251903956978203780e+01 7.260079667351364208e+01
2.538286759671345294e+02 1.283498445167180257e+01 7.274159106470386860e+01
2.538808876811594075e+02 1.307325901517745059e+01 7.294336271824717244e+01
2.539248545018829191e+02 1.327053377838639747e+01 7.310075031381947497e+01
2.539598061451557669e+02 1.340041581079539057e+01 7.324745734908135830e+01
2.539897402430674447e+02 1.355987176195366928e+01 7.338963539883602039e+01
2.540238360150633241e+02 1.364760570010270513e+01 7.353206664384343583e+01
2.540397445224238311e+02 1.377754479059682780e+01 7.366602119707862073e+01
2.540540625356613020e+02 1.388377624671915989e+01 7.377178549012894848e+01
2.540821279812849411e+02 1.398206593061736847e+01 7.386628081136596791e+01
2.540901375099851691e+02 1.411509328996918811e+01 7.389578340750884422e+01
2.541191836414469947e+02 1.418836656966792198e+01 7.402012367339952448e+01
2.541525198276845856e+02 1.437793492525390882e+01 7.416525091292936622e+01
2.541976420746319718e+02 1.462512124843090255e+01 7.436870934611434336e+01
2.542615114686751099e+02 1.494636896610749766e+01 7.458590451329453686e+01
2.543133095115827871e+02 1.519475350907223543e+01 7.490586485792536564e+01
2.543503616056145233e+02 1.535430574574917273e+01 7.508316929133857798e+01
2.542705302122560909e+02 1.481191158849708955e+01 7.463538457149378758e+01
2.538424519285632641e+02 1.290841464110464365e+01 7.275723567842062778e+01
2.534177792993267246e+02 1.155205480429076736e+01 7.137603417779298809e+01
2.532735685552892733e+02 1.107437878009814014e+01 7.096035889535546914e+01
2.532114857925367915e+02 1.097806829852790145e+01 7.089166096085814672e+01
2.532914063391532693e+02 1.109453454867054667e+01 7.108536246148578641e+01
2.533879771482368994e+02 1.134412800981399094e+01 7.137640505534633917e+01
2.534837669747803375e+02 1.161406267830651551e+01 7.168762124843090078e+01
2.535542729373502198e+02 1.179309668492525454e+01 7.190959859637111151e+01
2.535905048214081887e+02 1.196069767773593462e+01 7.204746519456807619e+01
2.536330523222640636e+02 1.213278129635969371e+01 7.212793135912359332e+01
2.536506939689604110e+02 1.222450573433755494e+01 7.225087370192856895e+01
2.536458262010726799e+02 1.219789170375442211e+01 7.224524991441286659e+01
2.536264763779527698e+02 1.213373345315531182e+01 7.214630049640534537e+01
2.536176466392787745e+02 1.207147951614743775e+01 7.210422372475179031e+01
2.536096299783179404e+02 1.207673599224010097e+01 7.209066173114230480e+01
2.536279848510783950e+02 1.203379265091863459e+01 7.214300182585871823e+01
2.536589352961314603e+02 1.221520526646125759e+01 7.225346627867168081e+01
2.537335209117881902e+02 1.251925353760127813e+01 7.255194425425082727e+01
2.538147323975807410e+02 1.285464809425995725e+01 7.276895754878466960e+01
2.538831949674768964e+02 1.314573704781467534e+01 7.300404755791394962e+01
2.539383665696679202e+02 1.337564190345771920e+01 7.327967020426794420e+01
2.539957563049184159e+02 1.361754678762980753e+01 7.348876668948990698e+01
2.540247774734679922e+02 1.377974509300467965e+01 7.362026774506448135e+01
2.540567406995321278e+02 1.388271710601392250e+01 7.372915240214538812e+01
2.540719288485678362e+02 1.393429048271140047e+01 7.378268715051922300e+01
2.540857083761268882e+02 1.404430560310395926e+01 7.382649349537830119e+01
2.541180496120050236e+02 1.417566044733538710e+01 7.396806886910874823e+01
2.541486862375898568e+02 1.430688691087527076e+01 7.411772509414583965e+01
2.541714238845144394e+02 1.448887723952984175e+01 7.420558384685610065e+01
2.542025276731712893e+02 1.463438605500399348e+01 7.430033949560652218e+01
2.542311244722127128e+02 1.481682214994864744e+01 7.442854901289513236e+01
2.542510912358781354e+02 1.493628751569097268e+01 7.447392445509528613e+01
2.542614722412415915e+02 1.498749714709574299e+01 7.458137909391760445e+01
2.542921587926509233e+02 1.504903785803948502e+01 7.474865556886911122e+01
2.543234836813876427e+02 1.513057386169120200e+01 7.489334060823918549e+01
2.543605215108980815e+02 1.531977847198447940e+01 7.508467419833390011e+01
2.543858553006961074e+02 1.546541210201985628e+01 7.523367782152230632e+01
2.544001126897181280e+02 1.550368737875156988e+01 7.526681787059226281e+01
2.542067357069496722e+02 1.444784891019057405e+01 7.428550082734223281e+01
2.537273657708547319e+02 1.268155526075544870e+01 7.237561337441515263e+01
2.533602754479059627e+02 1.150338069154399179e+01 7.127153586100649818e+01
2.532524998573547919e+02 1.113546659249115578e+01 7.094563790939176329e+01
2.532420368309939533e+02 1.111284662786716915e+01 7.094355885541480689e+01
2.533157237818098793e+02 1.126171830423371034e+01 7.120922843204381536e+01
2.534366476948533489e+02 1.148989715280155188e+01 7.158433184982311559e+01
2.535593404085358884e+02 1.178892787858039526e+01 7.192211214766632565e+01
2.536296110065046321e+02 1.200519585187721106e+01 7.213522052949903696e+01
2.536806066700901567e+02 1.216673442314275988e+01 7.229853146753394810e+01
2.537012367339952164e+02 1.232163999201186755e+01 7.239304818555289955e+01
2.537012438662558509e+02 1.239271653543307039e+01 7.239992011868081079e+01
2.536854922686294742e+02 1.232131547415268713e+01 7.230995378295104103e+01
2.536591813591235791e+02 1.219880819924683379e+01 7.225009628551865148e+01
2.536368894784891097e+02 1.207972440944881853e+01 7.208569767773593640e+01
2.536247075773136999e+02 1.209240200273878862e+01 7.205316743695081527e+01
2.536564425710373030e+02 1.221533721328312261e+01 7.211328526189660693e+01
2.537043891931986650e+02 1.249293906196507997e+01 7.228348952984137554e+01
2.537898764692456837e+02 1.275926124044277010e+01 7.258062664041995049e+01
2.538648222640648271e+02 1.308554076800182564e+01 7.292546431016775443e+01
2.539364230286431621e+02 1.333524477918521001e+01 7.323294319867625290e+01
2.540038442884856806e+02 1.352794063106242106e+01 7.349727547643500714e+01
2.540534420289855007e+02 1.368374486477233809e+01 7.366969431130891621e+01
2.540731413328768724e+02 1.383870749172657710e+01 7.377672814675339907e+01
2.540943170147209855e+02 1.394639392901974162e+01 7.384471642131690317e+01
2.541107069496747783e+02 1.400856941116056120e+01 7.388406153714481661e+01
2.541235057913956439e+02 1.410999372361063564e+01 7.388831593061736669e+01
2.541391076115485532e+02 1.417735435923770382e+01 7.395126882916810018e+01
2.541503195252767284e+02 1.426578369279926939e+01 7.401262410133516312e+01
2.541728717334246141e+02 1.438776318041766444e+01 7.414082292023279308e+01
2.541929062535661217e+02 1.449948291110350418e+01 7.426554832819810770e+01
2.542181972498002835e+02 1.464949218304233725e+01 7.434851435010841669e+01
2.542548713340180200e+02 1.477769100193997431e+01 7.447388166153143629e+01
2.542817064646810366e+02 1.491103931302065533e+01 7.465699175510670216e+01
2.543070937464338783e+02 1.512488944996005991e+01 7.479764706721442735e+01
2.543376661816729438e+02 1.524517859180645907e+01 7.495402544790596266e+01
2.543567449788885142e+02 1.534823975807371887e+01 7.511057143672258007e+01
2.543632852618966069e+02 1.536566030469017541e+01 7.509608224922970976e+01
2.542311636996462312e+02 1.445109408878238000e+01 7.428730528928448962e+01
2.537757153657423146e+02 1.273868110236220552e+01 7.246713810909506037e+01
2.534352569040283072e+02 1.162756048157023869e+01 7.138512781011068853e+01
2.533069974609151984e+02 1.124473282551637610e+01 7.105997874586329033e+01
2.532872125698961554e+02 1.121713810909505860e+01 7.103456293506789621e+01
2.533762802407851211e+02 1.140339709574346649e+01 7.124420503822891249e+01
2.534985557172201425e+02 1.176456051009928139e+01 7.165876768800639240e+01
2.536321964509870952e+02 1.220768429761497131e+01 7.208520198562136727e+01
2.537285318954695867e+02 1.255344916124614940e+01 7.244896867511126004e+01
2.537970015976263767e+02 1.279458019513865175e+01 7.270626497774735242e+01
2.538454011183384580e+02 1.300764578340750965e+01 7.294003195252767568e+01
2.538569625128380665e+02 1.303060096428163916e+01 7.286246861805317110e+01
2.538120185724067142e+02 1.281536360264749597e+01 7.267908749857355133e+01
2.537769278500513508e+02 1.254315374301038410e+01 7.244729259386055276e+01
2.537321408193541004e+02 1.236028258016660963e+01 7.227851477804405533e+01
2.537101556259272002e+02 1.234514435695538026e+01 7.224780682985279157e+01
2.537418299954353529e+02 1.255809226292365643e+01 7.241204496177108751e+01
2.538118687949332468e+02 1.285487276047015825e+01 7.263294890448476337e+01
2.538991498345315563e+02 1.326543421202784501e+01 7.294740671003080479e+01
2.540109266233025096e+02 1.368400519228574730e+01 7.331285304690175053e+01
2.540517053235193430e+02 1.390001997032979553e+01 7.356996391076116026e+01
2.540971271254136639e+02 1.413141190231655742e+01 7.376921431016775443e+01
2.541317613830879907e+02 1.426600835900947217e+01 7.393734665639621539e+01
2.541832028129636001e+02 1.444670418235764053e+01 7.409567571037315759e+01
2.541952206721442451e+02 1.454559297614972024e+01 7.419132289170374861e+01
2.542169027444938934e+02 1.460431644414013519e+01 7.423569625128381233e+01
2.542353004108182120e+02 1.469817699418007528e+01 7.430915853588953723e+01
2.542579061109209135e+02 1.479126012781011035e+01 7.447979073947279005e+01
2.542656909734109263e+02 1.489042351363688255e+01 7.456186522880291534e+01
2.542841136026474942e+02 1.499778186694054583e+01 7.464489900718932347e+01
2.543062236106356409e+02 1.507797700559169307e+01 7.479466221613603238e+01
2.543245107269200105e+02 1.521690274449389513e+01 7.488288471413899572e+01
2.543423342462627090e+02 1.534684183498801779e+01 7.495060909505876623e+01
2.543654142416980619e+02 1.547298656282095131e+01 7.501024549241127204e+01
2.543874172657765484e+02 1.564712783863973478e+01 7.517703340750884422e+01
2.543945994522423746e+02 1.567506846970215761e+01 7.515233795503823444e+01
2.542246020198562064e+02 1.470529499030012488e+01 7.424130934040853447e+01
2.537952114002054032e+02 1.292444083076571992e+01 7.245751668948990698e+01
2.534485835330366399e+02 1.177584018030354862e+01 7.131041024763209180e+01
2.533039305888394495e+02 1.137855543192970487e+01 7.097620321237019425e+01
2.532725129807143674e+02 1.129531125185438789e+01 7.093276061280383260e+01
2.533300667579595995e+02 1.147289384343261354e+01 7.111726862946478889e+01
2.534450209688462792e+02 1.179520783407508766e+01 7.154452670318383412e+01
2.535982682871162979e+02 1.208482754193769182e+01 7.204574275362318758e+01
2.536967862033550034e+02 1.231365186009357515e+01 7.233979872760470187e+01
2.537586835273308168e+02 1.257193598082848318e+01 7.265317599566358808e+01
2.538110164897865957e+02 1.277827228118224312e+01 7.280380577427821720e+01
2.538199995720643756e+02 1.284359309026589102e+01 7.278136768230058351e+01
2.537778479116740868e+02 1.269680403400661817e+01 7.260676280954011474e+01
2.537419655083875512e+02 1.249333490243067502e+01 7.237695067328540688e+01
2.536862661189090602e+02 1.232093746433869619e+01 7.229874543535318310e+01
2.536718125927193910e+02 1.232301295218532466e+01 7.216680217961885546e+01
2.536922108581536008e+02 1.244766703754421933e+01 7.225752096884627917e+01
2.537574995720643756e+02 1.267809254821408160e+01 7.249093133059454885e+01
2.538696008786945129e+02 1.302688149035718368e+01 7.287898693369849923e+01
2.539477490585416035e+02 1.334138922172771835e+01 7.319146553691658141e+01
2.540087405854159499e+02 1.365586842405568824e+01 7.343903700216820596e+01
2.540576714595458157e+02 1.382966021910304733e+01 7.371345429647381309e+01
2.540937820951728838e+02 1.399901574803149629e+01 7.387017145954581565e+01
2.541264835102134043e+02 1.414385056487504322e+01 7.408593304233710342e+01
2.541526660390277357e+02 1.430113117653771582e+01 7.415201700330936774e+01
2.541834595743466991e+02 1.441816444140134656e+01 7.429121733424626939e+01
2.542109473068583725e+02 1.452740927764464196e+01 7.440996590779413111e+01
2.542371369679333668e+02 1.462876583361862437e+01 7.444833033778385811e+01
2.542510270455323393e+02 1.472513693940431345e+01 7.455256476092662865e+01
2.542690324375213891e+02 1.485324303891361453e+01 7.461235093575260180e+01
2.542858859694168530e+02 1.499765348624900163e+01 7.469388337327399086e+01
2.543152566187378625e+02 1.509011254707291982e+01 7.480375228232340135e+01
2.543278093974666092e+02 1.523361006504621784e+01 7.486649121305488563e+01
2.543545696393929063e+02 1.537190459888166139e+01 7.498474409448819245e+01
2.543768757845486732e+02 1.550766361405911198e+01 7.511909092205866045e+01
2.543634100764578250e+02 1.542358495948876040e+01 7.500008558712769968e+01
2.541047871733424586e+02 1.400440060481570193e+01 7.365486990756589591e+01
2.536401952812963714e+02 1.234360735478717253e+01 7.193134485906652742e+01
2.533408293392673727e+02 1.140493053178135341e+01 7.115327584731257105e+01
2.532352326543421270e+02 1.109999786032180680e+01 7.081909020883259132e+01
2.532167957605842616e+02 1.109387481456122337e+01 7.089220301266689717e+01
2.532959281923998560e+02 1.127519471071550861e+01 7.115840394271367586e+01
2.534135177735935258e+02 1.149326714595458121e+01 7.146359337555631441e+01
2.535005206550268042e+02 1.170628637452927023e+01 7.170867568184411311e+01
2.535432607269200105e+02 1.182602276617596715e+01 7.181171545132944800e+01
2.535616084674198305e+02 1.189321935980828471e+01 7.189738460002281784e+01
2.535802842919091518e+02 1.198370635056487465e+01 7.196922072920233404e+01
2.535858224922971544e+02 1.199149477918521001e+01 7.198883444596599190e+01
2.535619650804518983e+02 1.193072078626041232e+01 7.193647295446764645e+01
2.535307436094944649e+02 1.185678064019171529e+01 7.184474138422913825e+01
2.534985664156110943e+02 1.179483695652173836e+01 7.177365414241698716e+01
2.534851613317356964e+02 1.170209617140248781e+01 7.170713154741527262e+01
2.535014870763437216e+02 1.175351263836585680e+01 7.174508587241811597e+01
2.535412209003765724e+02 1.190125385142074599e+01 7.187072420974551790e+01
2.536254457662900847e+02 1.214488474266803664e+01 7.207647209859636916e+01
2.537221699189775279e+02 1.244941800753166739e+01 7.239154327855757742e+01
2.538094545247061546e+02 1.282006376241013434e+01 7.272269414013466360e+01
2.538754065388565664e+02 1.308516989044847634e+01 7.295400761725436212e+01
2.539369508159306292e+02 1.335032594431130804e+01 7.315706307771311856e+01
2.539613609779755734e+02 1.349807072349651982e+01 7.337470401118338259e+01
2.539948398094259971e+02 1.361248644870478230e+01 7.347097526532009226e+01
2.540156767088896572e+02 1.369697164213168961e+01 7.352711685495835070e+01
2.540327014150405205e+02 1.381818441173114209e+01 7.356557400433641192e+01
2.540646539427136759e+02 1.392648778956978184e+01 7.363387253223781670e+01
2.541019235706949644e+02 1.409274791737989219e+01 7.375905797101449934e+01
2.541208668549583365e+02 1.419280996804747197e+01 7.387751412187607514e+01
2.541564461371676487e+02 1.436833846856099584e+01 7.402235963711058275e+01
2.541829424854501838e+02 1.443212940773707587e+01 7.417158792650918997e+01
2.542082762752482097e+02 1.457496362547072977e+01 7.427448148465137479e+01
2.542287351648978699e+02 1.472051523450872956e+01 7.440877838639735842e+01
2.542554882745635041e+02 1.488310938034919495e+01 7.445800881547415884e+01
2.542855685838183319e+02 1.498531824146981606e+01 7.455112404427707418e+01
2.542104765776560669e+02 1.455337783863973478e+01 7.411760384571493887e+01
2.537976399349537928e+02 1.281420104416295835e+01 7.238023864544105379e+01
2.533654819981741468e+02 1.153132488873673367e+01 7.100605885541480689e+01
2.531656538856555869e+02 1.093454724409448886e+01 7.051709959488759694e+01
2.531012388736733953e+02 1.073971528015519716e+01 7.043370563733881795e+01
2.531206065274449486e+02 1.079828897067214477e+01 7.052172843204381536e+01
2.532071600764578250e+02 1.100340565445623575e+01 7.076342648065731566e+01
2.533002574746091398e+02 1.121194938947848918e+01 7.102354002624672091e+01
2.533963040625356484e+02 1.141761169120164254e+01 7.129045061622731794e+01
2.534430453326486372e+02 1.155543192970443833e+01 7.139171088668264531e+01
2.534672450930046921e+02 1.167078198105671660e+01 7.146620378295104103e+01
2.534845443911902407e+02 1.177713111947963043e+01 7.152434240556887346e+01
2.534819411160561344e+02 1.179280426223895972e+01 7.156454339267374110e+01
2.534616712313134883e+02 1.174043563847997262e+01 7.150123388109095401e+01
2.534341086100650386e+02 1.159501597626383607e+01 7.145803734451671119e+01
2.534243409791167494e+02 1.156251783065160410e+01 7.136933341892046201e+01
2.534238666837840981e+02 1.155845600821636410e+01 7.139378994065958750e+01
2.534707327684582765e+02 1.173370991669519547e+01 7.154981884057970376e+01
2.535420696393929063e+02 1.193051038457149460e+01 7.178315074746090829e+01
2.536463789512723963e+02 1.231354487618395588e+01 7.214649306744266255e+01
2.537333818327057031e+02 1.259001269542394219e+01 7.238853703069725043e+01
2.538080922629236511e+02 1.290761939404313630e+01 7.272580023964395934e+01
2.538804775761725523e+02 1.313853703069725043e+01 7.293390890676708693e+01
2.539214345829053912e+02 1.333410005135227649e+01 7.308448162729658293e+01
2.539651375099851691e+02 1.349737889421431092e+01 7.316302208147894248e+01
2.539732397580737313e+02 1.360711942257217899e+01 7.324284277644642316e+01
2.539881319182928223e+02 1.360883829738673967e+01 7.329726549127011026e+01
2.540132446080109503e+02 1.372726235307543163e+01 7.336658393244323406e+01
2.540531638708204980e+02 1.378402801551979984e+01 7.351889335843888773e+01
2.540866106070980379e+02 1.390919205751455046e+01 7.365403543307085954e+01
2.540910076457834066e+02 1.398044690745178542e+01 7.371442785005135079e+01
2.541343503937007995e+02 1.405351335159192061e+01 7.379635969416865748e+01
2.541393715051922868e+02 1.416180959716991872e+01 7.388094830537487212e+01
2.541606327741640996e+02 1.433788728175282401e+01 7.395473510783978099e+01
2.541825466449845976e+02 1.449144485336072208e+01 7.401608681387652666e+01
2.542031089524135439e+02 1.463989572634942427e+01 7.414057329111035699e+01
2.542327720244208535e+02 1.477869665069040295e+01 7.427511268971812797e+01
2.542598032922515188e+02 1.488987076343717852e+01 7.436680859865343507e+01
2.541851499201186755e+02 1.448296459545817605e+01 7.398850992810680793e+01
2.537600243923313883e+02 1.275066686636996494e+01 7.217538942143102076e+01
2.532982069496747783e+02 1.142775376583361790e+01 7.091511183384685069e+01
2.531369429704439256e+02 1.088826957092319958e+01 7.044817699418007351e+01
2.530713475693255816e+02 1.074735749743238600e+01 7.028251241013352058e+01
2.531156781353417671e+02 1.076096941686637010e+01 7.053890291566814597e+01
2.532055767145954519e+02 1.099110250484993756e+01 7.084147480885540915e+01
2.533253630320666332e+02 1.121725935752596115e+01 7.117231898322492611e+01
2.534235385997945968e+02 1.146325815930617331e+01 7.152145740613944724e+01
2.535119251397923108e+02 1.165559383202099752e+01 7.176946750542052200e+01
2.535590194568070217e+02 1.187107725664726665e+01 7.193212584160676215e+01
2.536098368138765125e+02 1.199909776902887160e+01 7.204221585073605638e+01
2.536033107953897172e+02 1.193429048271140047e+01 7.203835373159876099e+01
2.535808299098482337e+02 1.189591178820038841e+01 7.195996662102020025e+01
2.535662408707063662e+02 1.179305745749172729e+01 7.184978032637224032e+01
2.535369308456008355e+02 1.176570523793221490e+01 7.178427407851192754e+01
2.535321450987104868e+02 1.190558669976035588e+01 7.177301580508958523e+01
2.535892566757959514e+02 1.208589381490357262e+01 7.191616740842177080e+01
2.536902066929133923e+02 1.239750584845372572e+01 7.223305018258587040e+01
2.537841421316900608e+02 1.279473353874243990e+01 7.262052094031724891e+01
2.538819218589524098e+02 1.308048042907680042e+01 7.294800225379435688e+01
2.539551987047814805e+02 1.337291381376241084e+01 7.322291880634486461e+01
2.540182692856327833e+02 1.359960558598653435e+01 7.344563434326144602e+01
2.540525255334930819e+02 1.384178506219331339e+01 7.363716763665411236e+01
2.540863930731484572e+02 1.399785318954695867e+01 7.377393943284263855e+01
2.541195830480428981e+02 1.411205851306630166e+01 7.391598196964510237e+01
2.541456300639050596e+02 1.427468832020997347e+01 7.402146097226976451e+01
2.541708889649663377e+02 1.441684140705237915e+01 7.412090964852220054e+01
2.542000634771196985e+02 1.456415111833846865e+01 7.421269471071551038e+01
2.542258572977290783e+02 1.471018415496975962e+01 7.435379935524363759e+01
2.542490478432043801e+02 1.485975122674883053e+01 7.443608781239301209e+01
2.542736042165925028e+02 1.505224380919776372e+01 7.455179447677735993e+01
2.543028571836129288e+02 1.520238502795846181e+01 7.472006590208832222e+01
2.543285475864429941e+02 1.536498630605956883e+01 7.484627838639735842e+01
2.543515669576628966e+02 1.548271853246605012e+01 7.502611833846856371e+01
2.543780811365970465e+02 1.566086813876526307e+01 7.514144699303891173e+01
2.544064817984708498e+02 1.577372546502339468e+01 7.525007845486705094e+01
2.544252111149149869e+02 1.581200430788542732e+01 7.532614401460686793e+01
2.543899349537829551e+02 1.554124586328882884e+01 7.509818983224923272e+01
2.540890676708889657e+02 1.387993195823348103e+01 7.354769699303891173e+01
2.536228032637224601e+02 1.222297586442998885e+01 7.196402487732511588e+01
2.533326379379207935e+02 1.138052036973639147e+01 7.109932386169120377e+01
2.532671780497546479e+02 1.116524378066872103e+01 7.088237832363346058e+01
2.533045083019513868e+02 1.120239572634942427e+01 7.097431316330023776e+01
2.534060502967020341e+02 1.149384842519685002e+01 7.129954068241470111e+01
2.535636518600935858e+02 1.191639207463197536e+01 7.174386268971812797e+01
2.537083868252881302e+02 1.241598910190574045e+01 7.224619137281753467e+01
2.537894021739130324e+02 1.276929989729544701e+01 7.253261226178248933e+01
2.538789904998288307e+02 1.299463297386739669e+01 7.282817670888964301e+01
2.539107540225950004e+02 1.317941201643272819e+01 7.300842676594773195e+01
2.538916716592491127e+02 1.312311351706036788e+01 7.294824475065617264e+01
2.538549583475978579e+02 1.291552193883373256e+01 7.273341392787858695e+01
2.537595643615200345e+02 1.261572092890562580e+01 7.241725151203925748e+01
2.536947178477690272e+02 1.238967106013922148e+01 7.213334474495036375e+01
2.537117033264863721e+02 1.235799669063106165e+01 7.218789227433526889e+01
2.537414484194910358e+02 1.250933256304918473e+01 7.238930731484651915e+01
2.538040233082277837e+02 1.273845643615200274e+01 7.266330737190459388e+01
2.538995278443455561e+02 1.301671801894328340e+01 7.300490342919091802e+01
2.539530982540225921e+02 1.331342362775305332e+01 7.326969930389135754e+01
2.540245956008216410e+02 1.359479844231427670e+01 7.353201671801893724e+01
2.540784584331849771e+02 1.382474965765148944e+01 7.375594473924455485e+01
2.541090522652059747e+02 1.402133259157822742e+01 7.383262010726919300e+01
2.541347070067328673e+02 1.420383287686865259e+01 7.393883373273992277e+01
2.541585358895355569e+02 1.431363759557229187e+01 7.402656410475864845e+01
2.541749400890106187e+02 1.438862975008558642e+01 7.405809939518429985e+01
2.542042394157251977e+02 1.451963511354558989e+01 7.418489672486590791e+01
2.542275405112404485e+02 1.462265705237932245e+01 7.429718347027274206e+01
2.542497931644413995e+02 1.474842733652858584e+01 7.435092505420517739e+01
2.542740642474038566e+02 1.487664398607782701e+01 7.450436850964281632e+01
2.542943662273194150e+02 1.500582705694396957e+01 7.465515163186123004e+01
2.543156560253337943e+02 1.519846585073604928e+01 7.478546516603903171e+01
2.543483075145498162e+02 1.532721741983339037e+01 7.495046288371561616e+01
2.543719402601848572e+02 1.543206165126098384e+01 7.506251069839096601e+01
2.543716656681501718e+02 1.533280911217619469e+01 7.496578297957320558e+01
2.541554832819810485e+02 1.412491441287230387e+01 7.382216421316900323e+01
2.537175517802122613e+02 1.248414855072463681e+01 7.212113431473240155e+01
2.534370221385370314e+02 1.159097911674084180e+01 7.119542750770284556e+01
2.533162123416637996e+02 1.126907166495492341e+01 7.092286103503366235e+01
2.533225279584617056e+02 1.127367910532922579e+01 7.093872318269998800e+01
2.533823070010270442e+02 1.147188819468218668e+01 7.116436651260983126e+01
2.535159299041424106e+02 1.184772266917722305e+01 7.153866755106699316e+01
2.536682321978774439e+02 1.226950316672372487e+01 7.206021411046445735e+01
2.537848981513180320e+02 1.260719787743923348e+01 7.253799355243637592e+01
2.538686308912472782e+02 1.297252296587926423e+01 7.291315402830080927e+01
2.539308562992125928e+02 1.317530383430332108e+01 7.311446921716307656e+01
2.539176509186351609e+02 1.309013394385484474e+01 7.306249643386968273e+01
2.538509821122903247e+02 1.278494451101220974e+01 7.273409149263950724e+01
2.537502852904256656e+02 1.245797672030126613e+01 7.235575002852904447e+01
2.536841549697592200e+02 1.226844402601848749e+01 7.206430089581193954e+01
2.536702898550724683e+02 1.223986505762866628e+01 7.201702827228118053e+01
2.536967826372246861e+02 1.240182799840237315e+01 7.215230942599566788e+01
2.537806580223667652e+02 1.259873188405797073e+01 7.246354344973183004e+01
2.538683812621248421e+02 1.297348225493552398e+01 7.287348439461371186e+01
2.539517110293278677e+02 1.332809468789227481e+01 7.322107155083875796e+01
2.540253302236676802e+02 1.365387139107611603e+01 7.345706379093917349e+01
2.540770355471870232e+02 1.388803420632203611e+01 7.363158664270227405e+01
2.541035033664270202e+02 1.412131262124843012e+01 7.379314304461942697e+01
2.541512538514207336e+02 1.425858010955152366e+01 7.396388223211229729e+01
2.541721335444482577e+02 1.440065830765719568e+01 7.408946351135455188e+01
2.541756426166837741e+02 1.451753109665639663e+01 7.411722583590095326e+01
2.541904955494693468e+02 1.458015947734794082e+01 7.419739601163985299e+01
2.542053306516033331e+02 1.462248231199360937e+01 7.422202370763437784e+01
2.542174804576058307e+02 1.469739601163984943e+01 7.431461828141047476e+01
2.542443583818327113e+02 1.477890705237932245e+01 7.440702028414926872e+01
2.542694746376811565e+02 1.489673199817414151e+01 7.447086828141047476e+01
2.543040589695309848e+02 1.508105100992810677e+01 7.464750228232340135e+01
2.543176780212256176e+02 1.524915126098368212e+01 7.474025019970329708e+01
2.542714502738787985e+02 1.488344459659933783e+01 7.446650690402830719e+01
2.539036360264749419e+02 1.322642787858039526e+01 7.287576315188861997e+01
2.534662109152116898e+02 1.188529541823576352e+01 7.144361591349994001e+01
2.532595536631290543e+02 1.118129136711172045e+01 7.087202941344288831e+01
2.532040218817756454e+02 1.102897837498573530e+01 7.067738288828026327e+01
2.532148664840808010e+02 1.105054633116512619e+01 7.073875599109894097e+01
2.533119401175396490e+02 1.129810709802579005e+01 7.098893073148465760e+01
2.533914790882118098e+02 1.155769642245806317e+01 7.127557628665981326e+01
2.534919833390391375e+02 1.176665026246719137e+01 7.156383729887025424e+01
2.535535062193312683e+02 1.192338525619080158e+01 7.172026203925595667e+01
2.536062207577313643e+02 1.201403985507246297e+01 7.191790768001825995e+01
2.536315688120506593e+02 1.209649592034691246e+01 7.202137538514207904e+01
2.536114879322149989e+02 1.208876454981170845e+01 7.199819197192742593e+01
2.535732233538742548e+02 1.196458832591578236e+01 7.186433370421089251e+01
2.535298877382174965e+02 1.184610721214196083e+01 7.172312564190345086e+01
2.535054668777815721e+02 1.180717220130092393e+01 7.163296673513636392e+01
2.534967726520598035e+02 1.178766190231655742e+01 7.164733467419833346e+01
2.535163150462170449e+02 1.188712484309026607e+01 7.170530212256076652e+01
2.535993809197763369e+02 1.201470672144242791e+01 7.191099295332648467e+01
2.536845044505306532e+02 1.225040297272623491e+01 7.217941201643273530e+01
2.537509949503594555e+02 1.255993595229944049e+01 7.249090636768229956e+01
2.538170218532466151e+02 1.278960544334132088e+01 7.270666795047358733e+01
2.538647652059796940e+02 1.292722954467648044e+01 7.282522038685381460e+01
2.538999843090265927e+02 1.312508202099737531e+01 7.294456450416524262e+01
2.539399392331393415e+02 1.322742282893986143e+01 7.302596856099509637e+01
2.539629265091863601e+02 1.342738288828026860e+01 7.310137438662557940e+01
2.539745841892046201e+02 1.349806715736619900e+01 7.318144471071551038e+01
2.539997289740956319e+02 1.362739643957548807e+01 7.327804404884172129e+01
2.540261789626840141e+02 1.378993709346114294e+01 7.347999044277074177e+01
2.540636055003994045e+02 1.390011982197877494e+01 7.362892987561338032e+01
2.540960893814903443e+02 1.405979330708661479e+01 7.376426095515235204e+01
2.541433548727604830e+02 1.426798042907680042e+01 7.395779128152459236e+01
2.541863695366883462e+02 1.451781995321237062e+01 7.418507146525162455e+01
2.542373224067100352e+02 1.473109950930046708e+01 7.439742382745635041e+01
2.542653379265091758e+02 1.485972269770626575e+01 7.444343404085358884e+01
2.540628673114230196e+02 1.384822905968275641e+01 7.348969388337327757e+01
2.535969167237247461e+02 1.226507046673513557e+01 7.183551223895925375e+01
2.532831971071550754e+02 1.134582905397694930e+01 7.090159619993153228e+01
2.531567777872874672e+02 1.088738517060367528e+01 7.067052878580395259e+01
2.531571557971014386e+02 1.080185510099281032e+01 7.065970558028072901e+01
2.532238638308798215e+02 1.092448719045988881e+01 7.081191158849709666e+01
2.533024470786260451e+02 1.111140591121762000e+01 7.101828711628438384e+01
2.533733667123131283e+02 1.129465508387538542e+01 7.124345615086157579e+01
2.534319938947848811e+02 1.139349038571265460e+01 7.136352419262809121e+01
2.534325680417665296e+02 1.150392630948305417e+01 7.140845030240785718e+01
2.534583083704210935e+02 1.162002881433299173e+01 7.143526047015862446e+01
2.534746198505078212e+02 1.167021496633572930e+01 7.143787087755335108e+01
2.534678513351591960e+02 1.165464880748602106e+01 7.138014592605271957e+01
2.534290126098368034e+02 1.158974523564989134e+01 7.134284420289854722e+01
2.534093703640305932e+02 1.147787216136026522e+01 7.129679119593745895e+01
2.534030119536688233e+02 1.146184240556886991e+01 7.127506989615427813e+01
2.534034826828711573e+02 1.147303292251512019e+01 7.133855414812279605e+01
2.534454916980486132e+02 1.154777544790596799e+01 7.145144000342348534e+01
2.535017474038571379e+02 1.174298898778956968e+01 7.162161930845600466e+01
2.535778022652059747e+02 1.199217591007645822e+01 7.187575245349765396e+01
2.536627831507474582e+02 1.215575787401574814e+01 7.209557229259385736e+01
2.537338810909505753e+02 1.237476106926851571e+01 7.229127439233138830e+01
2.537507881148008551e+02 1.257319839096199843e+01 7.241996533721328433e+01
2.538040981969645031e+02 1.277730942599566433e+01 7.259414940659591764e+01
2.538369743523907403e+02 1.290390705237932245e+01 7.271570452470615464e+01
2.538750142645212691e+02 1.303923813191829240e+01 7.285307899691886746e+01
2.539153400661873832e+02 1.319016033321921633e+01 7.301518458290539115e+01
2.539469431130891337e+02 1.333361505762866628e+01 7.317684796873217579e+01
2.539719666495492447e+02 1.341903457719958936e+01 7.327504136711172578e+01
2.540022074346684917e+02 1.353486605614515526e+01 7.334766204496176556e+01
2.540271346856099512e+02 1.370585843889079136e+01 7.347132474609152553e+01
2.540504179504735873e+02 1.389295903229487550e+01 7.366810381718589440e+01
2.540729986876640396e+02 1.399597383886796820e+01 7.375351620449617940e+01
2.541110778272281152e+02 1.416540069040283001e+01 7.388726035604244657e+01
2.541459117882003795e+02 1.434003409220586533e+01 7.399801009928107476e+01
2.541659677051238191e+02 1.437135541481227818e+01 7.407585515805089926e+01
2.540688798071436736e+02 1.371789412872304048e+01 7.352775875841606990e+01
2.536079467648065702e+02 1.213717476891475577e+01 7.180930474723268730e+01
2.532364701015633841e+02 1.108238830879835746e+01 7.074658721328312083e+01
2.530780804233710057e+02 1.062708262010726834e+01 7.032145811936551638e+01
2.530318348453726003e+02 1.051157922515120369e+01 7.026149363802350933e+01
2.530751775932899648e+02 1.060051494921830439e+01 7.032952114002054600e+01
2.531343860550040006e+02 1.077715964852219521e+01 7.050889392901974873e+01
2.531938833732739909e+02 1.083505577427821542e+01 7.078356441857810921e+01
2.532446615029099632e+02 1.087210073604929761e+01 7.091831065274449486e+01
2.532673242610977979e+02 1.092900904370649329e+01 7.105358824032865073e+01
2.533200780269314123e+02 1.098763622617824964e+01 7.109584688462855695e+01
2.533330587412986290e+02 1.100488559853931214e+01 7.118571336870934374e+01
2.533105065331507433e+02 1.099963982083761316e+01 7.117913742439803571e+01
2.532916631005363399e+02 1.100935039370078705e+01 7.109216307200730967e+01
2.532687970729202220e+02 1.097624957206436136e+01 7.099041424169804770e+01
2.532512588440031891e+02 1.092647709117881938e+01 7.096268757845486164e+01
2.532561408764121893e+02 1.094718204382060911e+01 7.096017702270911798e+01
2.532736042165925028e+02 1.104847440944881853e+01 7.106890477005592288e+01
2.533330230799954279e+02 1.120684269085929508e+01 7.118543164441400961e+01
2.534166203069725043e+02 1.139147195595115747e+01 7.134264449960059551e+01
2.534747304005477702e+02 1.156763879379207971e+01 7.155029670204268655e+01
2.535290069040283072e+02 1.173560709802579005e+01 7.170770212826657541e+01
2.535696072977290783e+02 1.183371847540796473e+01 7.180195851877211055e+01
2.536025940031952643e+02 1.200138722469473862e+01 7.191520811936551638e+01
2.536356092377039886e+02 1.207853332192171614e+01 7.197704838525619664e+01
2.536387153372132843e+02 1.215356470386853793e+01 7.205615942028985899e+01
2.536494351249571935e+02 1.220204624557799811e+01 7.211135598539313207e+01
2.536911624158393295e+02 1.223861691201643254e+01 7.212638009243410409e+01
2.537119458233481737e+02 1.237052450644756441e+01 7.222729088211799819e+01
2.537630556031039646e+02 1.249054262238959190e+01 7.237378751569097801e+01
2.537936815302978459e+02 1.258213154741526907e+01 7.240299055688690544e+01
2.538126569097341019e+02 1.268136982197877494e+01 7.253392459774049428e+01
2.538549012895127248e+02 1.288775961428734540e+01 7.262054233709916673e+01
2.538870356898322598e+02 1.315000570580851225e+01 7.278260156339153752e+01
2.539305460458747064e+02 1.336608467419833346e+01 7.291805032523107855e+01
2.539619422572178564e+02 1.348043977519114378e+01 7.300131590208832222e+01
2.539936808170717768e+02 1.360138508501654719e+01 7.308033421773365035e+01
2.539005263608353289e+02 1.321271610749743175e+01 7.272652416409904674e+01
2.534831322035832386e+02 1.182777017003309439e+01 7.136523236905169654e+01
2.531074403743010350e+02 1.077401432157936867e+01 7.032662187606983650e+01
2.529182856898322598e+02 1.028141404199475062e+01 6.987926152573319882e+01
2.528544483909620055e+02 1.014950288143329971e+01 6.974265020540910598e+01
2.528665768001825995e+02 1.015733766974780394e+01 6.985189147552208055e+01
2.529477633230628726e+02 1.038104102476320811e+01 7.008739515576857571e+01
2.530371911731142234e+02 1.052091892046103005e+01 7.032546288371561616e+01
2.530846171402487812e+02 1.067667322834645738e+01 7.045660376012780546e+01
2.531170332648636361e+02 1.075372660618509713e+01 7.053340750884400734e+01
2.531617668036060707e+02 1.081803106812735393e+01 7.069759928106812197e+01
2.531870970272737509e+02 1.091273322492297204e+01 7.073145612233253132e+01
2.531813305945452441e+02 1.085515805089581143e+01 7.074478275134086402e+01
2.531573234052265207e+02 1.078806130891247328e+01 7.067720458176422937e+01
2.531149863060595635e+02 1.074108110806801264e+01 7.056833062307428861e+01
2.530780233652858726e+02 1.065514093347027291e+01 7.048949418007531165e+01
