2.289078292955940128e+02 1.113148986674616481e+01 4.802514104431857334e+01
2.289318239856902721e+02 1.115707302805136614e+01 4.805498337842626455e+01
2.289370697656104880e+02 1.115784588904326036e+01 4.805625235542606077e+01
2.289072758056260284e+02 1.108562332307726983e+01 4.798338967606212435e+01
2.287857498832833585e+02 1.086695316147394763e+01 4.786581580708849515e+01
2.288267520151197232e+02 1.079149852908916074e+01 4.797169888795765758e+01
2.291390238551926188e+02 1.094300628301112077e+01 4.831875172262503071e+01
2.293221907852920083e+02 1.109665149819159602e+01 4.838654299390823610e+01
2.294848718366979483e+02 1.126429033473768371e+01 4.844617928800040829e+01
2.295619509396392175e+02 1.138242669351618019e+01 4.846397421546734563e+01
2.296326412833767279e+02 1.146685528824790090e+01 4.851792148767303559e+01
2.296571140898071235e+02 1.151494704158487181e+01 4.856811245296179180e+01
2.296825667534776017e+02 1.154395239086291625e+01 4.858807634111632012e+01
2.297050820953870129e+02 1.156530112891703865e+01 4.860801997963786647e+01
2.297219882889622511e+02 1.160826410021318367e+01 4.864307884419594785e+01
2.297636935330547203e+02 1.162770262288995937e+01 4.866500132185104377e+01
2.297916965255004698e+02 1.161981201590721113e+01 4.868206051265320866e+01
2.298187050359712202e+02 1.165529387279855555e+01 4.870153278471827463e+01
2.298864738076622416e+02 1.157819002030588251e+01 4.881142079299812764e+01
2.299237623818068244e+02 1.153979446622529892e+01 4.884960710087129598e+01
2.299469302118899066e+02 1.154417513682564511e+01 4.891629026723890661e+01
2.299522018663411700e+02 1.153895860637526027e+01 4.894626647392016139e+01
2.300047046647279387e+02 1.154340340081336080e+01 4.895637554069332253e+01
2.300094487037422368e+02 1.161352112992952001e+01 4.897358885370202586e+01
2.299949162171435546e+02 1.163901204290672275e+01 4.893716201393849730e+01
2.299942434793369443e+02 1.165997266299548407e+01 4.895838025435789120e+01
2.300042310483122492e+02 1.167218431665926026e+01 4.894529336655772767e+01
2.300157868388635336e+02 1.168763478661949229e+01 4.897727541188316280e+01
2.300114646672029153e+02 1.169214257991573902e+01 4.901037681192028117e+01
2.300326277836214217e+02 1.171035599979750330e+01 4.899782878935319275e+01
2.300203598809771677e+02 1.171934908679780207e+01 4.899082804124175539e+01
2.300620786248249203e+02 1.172113667939768611e+01 4.900625601160979272e+01
2.300592470511471959e+02 1.174248091753336887e+01 4.900144897373735375e+01
2.301173477480720635e+02 1.168313486818051494e+01 4.910430248451746849e+01
2.301389181071093049e+02 1.164595879199689499e+01 4.915259898414340967e+01
2.301534674684021411e+02 1.163307102558766104e+01 4.919203626934261564e+01
2.301099633819137011e+02 1.161581046343535029e+01 4.915762426806013963e+01
2.299362001563721662e+02 1.145866318672974060e+01 4.900120260320282028e+01
2.294709389642312658e+02 1.099985712758956247e+01 4.848523858005073350e+01
2.293306607567737956e+02 1.088917488370523223e+01 4.829255657241212418e+01
2.295339051979682949e+02 1.112080931033124997e+01 4.844586879362811516e+01
2.297390463547848185e+02 1.134908567282218073e+01 4.862541666432296239e+01
2.298232072043694245e+02 1.150016930943126603e+01 4.863334439563283240e+01
2.298584955647678782e+02 1.155051439692655535e+01 4.866650316963004741e+01
2.298977922275158789e+02 1.161079755429432758e+01 4.865034621247490065e+01
2.299062633239772424e+02 1.164410145066120705e+01 4.866598342905034968e+01
2.299379641244002528e+02 1.165079845427801608e+01 4.867967218094172210e+01
2.299588133715076310e+02 1.167159370236414517e+01 4.869625438038935528e+01
2.299902363019670304e+02 1.166872950427773503e+01 4.881810654681883932e+01
2.300197265174568599e+02 1.167640974007346166e+01 4.889552539360224159e+01
2.300447269393242209e+02 1.167696210506184507e+01 4.896003847430265665e+01
2.300470016480951188e+02 1.168879126565830973e+01 4.897191038412428554e+01
2.300683796356190953e+02 1.170968663692970502e+01 4.898199470134603928e+01
2.300800197996411214e+02 1.176876494113544247e+01 4.901337488258025132e+01
2.300918669599113571e+02 1.180867134283191078e+01 4.902103824368183638e+01
2.301178956131420250e+02 1.185055208374348190e+01 4.903816155832175383e+01
2.301216249205483280e+02 1.185922342657539374e+01 4.901785230142703398e+01
2.301203739432222903e+02 1.186486069939982357e+01 4.907078259206551962e+01
2.301430074079907229e+02 1.182826398771522314e+01 4.912625196168319519e+01
2.301700991669526104e+02 1.180894471287707859e+01 4.914574673334045940e+01
2.301986320247945628e+02 1.177926775077201782e+01 4.915963460662275253e+01
2.302023320827310044e+02 1.181373712601459047e+01 4.918863208104352935e+01
2.301955990797666800e+02 1.178998993143249230e+01 4.923786793864361044e+01
2.302145594861093230e+02 1.178555188687205124e+01 4.932665920430191875e+01
2.302169725673722098e+02 1.177795039964900603e+01 4.937716516388140775e+01
2.302383944291009641e+02 1.179650581333213388e+01 4.943103931241246585e+01
2.302575955810800963e+02 1.182363244666190383e+01 4.944561342325670239e+01
2.302333871448579998e+02 1.180135785038896223e+01 4.943984565279754406e+01
2.302144874874142886e+02 1.177329185908505416e+01 4.926001203728182531e+01
2.298727996805057785e+02 1.142632452286802369e+01 4.878814496487251517e+01
2.291454227392128473e+02 1.075125688346898656e+01 4.807139795591204745e+01
2.290130880127797752e+02 1.061672057193963425e+01 4.791600339743842341e+01
2.292608422722338162e+02 1.099408935713040236e+01 4.819106653691901698e+01
2.295498731585489907e+02 1.136154144706127234e+01 4.849867983642796787e+01
2.296816813945247304e+02 1.150509109522389828e+01 4.864021464610954126e+01
2.297521512422587477e+02 1.159114191055287080e+01 4.871257108464909180e+01
2.297760143097406456e+02 1.164786225749658222e+01 4.873401432099043262e+01
2.298195330209640019e+02 1.170162390806666686e+01 4.876079333562078943e+01
2.298787193232122661e+02 1.170460172909366037e+01 4.878781984576529851e+01
2.299325169731298502e+02 1.173503917741490987e+01 4.884805462900985162e+01
2.299664002339957563e+02 1.174172155629679182e+01 4.885372677620217985e+01
2.299977286661679159e+02 1.177776927793183681e+01 4.888986562118561352e+01
2.300069197495795379e+02 1.179208014354739831e+01 4.886458282943621612e+01
2.300421394862217994e+02 1.183366838976043489e+01 4.885032483786231694e+01
2.300629099847565158e+02 1.183310140003712441e+01 4.883237016329078983e+01
2.300991422030475633e+02 1.186732327976555368e+01 4.885497550356900121e+01
2.301224315309285089e+02 1.190394136606274067e+01 4.887457939824840736e+01
2.301274804394170417e+02 1.190008943587897505e+01 4.886284923585760254e+01
2.301763698032973195e+02 1.188844252197928952e+01 4.890311225609035972e+01
2.302402090212114842e+02 1.189971819260775909e+01 4.899589382442443508e+01
2.302643072094318200e+02 1.191540490828603716e+01 4.897311073736788245e+01
2.302782119574082742e+02 1.192698994830718640e+01 4.898437403322064654e+01
2.302957998886270161e+02 1.189251944808500383e+01 4.906170063167605377e+01
2.303099015080351535e+02 1.188648730741755344e+01 4.913488843014720686e+01
2.302983288427897151e+02 1.189014799106766240e+01 4.914756245043058414e+01
2.302485316203643890e+02 1.184934385564261561e+01 4.909301893903172953e+01
2.302272998801896620e+02 1.183275828125615270e+01 4.910860778148396122e+01
2.302763759906851817e+02 1.189868096140757459e+01 4.916390052930290722e+01
2.303608597094177810e+02 1.194821381362462809e+01 4.922181897953099394e+01
2.304166530731630473e+02 1.199688268150139692e+01 4.931049549726910897e+01
2.304011384793650734e+02 1.197061553259347200e+01 4.928099403198316963e+01
2.302826837513570126e+02 1.183351201759468196e+01 4.916921605795894834e+01
2.296043199217014319e+02 1.110568620943745444e+01 4.856197793914985539e+01
2.291016587824345550e+02 1.064237685691946922e+01 4.807402478330079987e+01
2.291250189840309019e+02 1.068512495711015298e+01 4.805510600120372544e+01
2.294323409138209229e+02 1.106445345678109504e+01 4.829069248119877500e+01
2.296735522918647234e+02 1.129395717202625704e+01 4.854077432346538501e+01
2.298466281548647032e+02 1.140621551234383801e+01 4.867230131453867159e+01
2.299407743234653765e+02 1.158310055630241742e+01 4.881595896074383489e+01
2.300345852481423776e+02 1.169416079333562131e+01 4.895400633363520626e+01
2.300963477536969606e+02 1.178943419150527916e+01 4.901104054989003345e+01
2.301274826893762508e+02 1.180890983850917664e+01 4.904284822337594818e+01
2.300981780955220302e+02 1.179548433184648459e+01 4.905172206253761402e+01
2.300763512411337501e+02 1.179985150269151362e+01 4.904997834414250946e+01
2.300248879239063911e+02 1.178363154667821711e+01 4.901969501802779661e+01
2.300022927084446565e+02 1.182374044470443941e+01 4.903128793290621701e+01
2.300242568103453209e+02 1.183084019102153839e+01 4.905084120350318955e+01
2.300438809546577090e+02 1.184835724852487004e+01 4.902946546593842925e+01
2.301180756098795825e+02 1.189867871144835476e+01 4.901770717905738195e+01
2.301706065327566080e+02 1.193524617366310281e+01 4.898652611921409061e+01
2.302211372418875044e+02 1.191658951181509885e+01 4.895151112886078693e+01
2.302300347056209660e+02 1.197288911638476527e+01 4.897181701081667882e+01
2.302251027950118498e+02 1.194422013601003485e+01 4.896624386183000155e+01
2.302194700221058383e+02 1.194754895067526945e+01 4.897075503006507802e+01
2.302357057278336754e+02 1.194918917094627631e+01 4.894866718040735520e+01
2.302510167003223103e+02 1.195176874919142129e+01 4.898951968995562112e+01
2.302770937276761742e+02 1.195197237050078520e+01 4.899463834717995780e+01
2.302769126059590121e+02 1.195134238191932852e+01 4.913024788925700648e+01
2.302934014320990457e+02 1.195589517439996463e+01 4.921731456117358050e+01
2.303158031510678825e+02 1.194803831680550843e+01 4.929276581861953588e+01
2.303265680809535354e+02 1.196951530253514129e+01 4.933987658973681079e+01
2.303353496717871849e+02 1.199493084187849057e+01 4.938395104088738208e+01
2.303720116322891727e+02 1.197677704591604275e+01 4.936208143727395026e+01
2.303952559609857076e+02 1.199985937754878229e+01 4.932134142568666135e+01
2.303760323094143985e+02 1.201175491194222111e+01 4.924447269393242266e+01
2.303169787547600720e+02 1.192272065068820552e+01 4.916743634021633369e+01
2.297639804028551964e+02 1.133405482025638200e+01 4.863783981415336655e+01
2.290449946844713338e+02 1.067676973354858028e+01 4.799662731112998415e+01
2.290393000376868144e+02 1.064657978074147415e+01 4.801350200527615186e+01
2.294613102637514714e+02 1.107045972291752278e+01 4.846040578014523703e+01
2.298249317981111517e+02 1.141383724919985809e+01 4.877844539067729102e+01
2.299671067211906745e+02 1.154489399879627243e+01 4.891142135548793135e+01
2.300300830797441733e+02 1.168107165557624327e+01 4.888060478903820183e+01
2.300758629999831157e+02 1.177011266670791656e+01 4.890414611235171094e+01
2.301037849938969941e+02 1.182070974963578713e+01 4.889727586187500208e+01
2.301261090892727452e+02 1.185271091961458190e+01 4.888649068235638140e+01
2.301331503366501465e+02 1.186314173055613352e+01 4.886363672158442029e+01
2.301469403367063933e+02 1.189815334597060392e+01 4.890890590108054425e+01
2.301777760278095002e+02 1.189436216468576468e+01 4.895981910327875397e+01
2.302222487217419200e+02 1.183869929857521264e+01 4.904651340694449857e+01
2.302415432470286589e+02 1.184815587717472596e+01 4.906911537228387488e+01
2.302467699022955117e+02 1.183178517389372253e+01 4.911477829464340772e+01
2.302503034632497361e+02 1.188237663192354709e+01 4.909275906874187712e+01
2.302729639275288207e+02 1.188688780015862179e+01 4.909429241594995830e+01
2.303064883198991879e+02 1.191429792835004875e+01 4.911834672996551632e+01
2.303077606718378263e+02 1.192871341706931609e+01 4.910546796339316700e+01
2.302961655070001825e+02 1.193649940094835848e+01 4.909432616533825211e+01
2.302999038142433790e+02 1.195793701239164974e+01 4.911208509345767936e+01
2.303123494636659814e+02 1.196432239665656105e+01 4.916954230204577669e+01
2.303292747818945827e+02 1.199331199622006849e+01 4.923979502871510761e+01
2.303394490974851010e+02 1.201451448692492363e+01 4.927441852616421158e+01
2.303628970474910034e+02 1.204072651183197351e+01 4.933768962937546831e+01
2.303481159403985714e+02 1.206246899274950657e+01 4.933477930712506065e+01
2.303753899460572256e+02 1.211895309397517195e+01 4.924070176228055828e+01
2.303841805367277686e+02 1.213138074372401931e+01 4.917315011165422334e+01
2.303920238945669041e+02 1.214900354931066850e+01 4.917989661437386673e+01
2.304092102080649909e+02 1.218927556938030499e+01 4.918736985392139616e+01
2.304469240245020671e+02 1.222456730471760267e+01 4.918774897204988150e+01
2.304976234805744184e+02 1.223034969991168985e+01 4.915657016216581354e+01
2.304967099971312905e+02 1.221934064945072862e+01 4.911256995966947869e+01
2.304475618879407932e+02 1.217684116975379816e+01 4.902406218887282563e+01
2.300255629116722389e+02 1.170460510403249010e+01 4.864837637317823749e+01
2.294682941371687548e+02 1.115527643561460458e+01 4.820597814164618455e+01
2.295085751570752848e+02 1.118583988165214471e+01 4.827218769159809142e+01
2.298567585962504438e+02 1.157204763163667671e+01 4.860188546582593005e+01
2.301260517153126557e+02 1.183888492021082151e+01 4.887023472699557658e+01
2.302606026515769315e+02 1.194455987985217682e+01 4.897743740894696174e+01
2.303068966874975274e+02 1.198650024468306441e+01 4.901599158515251986e+01
2.303420196758933685e+02 1.204138462490367445e+01 4.901697706729065374e+01
2.303555295560267950e+02 1.209480090673356578e+01 4.904494968528695154e+01
2.303897829351842859e+02 1.209887445790045035e+01 4.904330721505672841e+01
2.304011902284271116e+02 1.212895416270580107e+01 4.904872849179608352e+01
2.304168859439422761e+02 1.212477373847599083e+01 4.912356438539551817e+01
2.304237606943374033e+02 1.212615746339597678e+01 4.915866599917876556e+01
2.304531012875391696e+02 1.214699546070727543e+01 4.919364049026611241e+01
2.304705452213678711e+02 1.216504575854562553e+01 4.923260303407001004e+01
2.305000399367761474e+02 1.219783553923085151e+01 4.929109297393984690e+01
2.305245813669627353e+02 1.224889273881910867e+01 4.933390519796828499e+01
2.305764170524409167e+02 1.225524437369572617e+01 4.934340677575219303e+01
2.306081617270687047e+02 1.227094908904776105e+01 4.934905304841349505e+01
2.306271311332482128e+02 1.227393028501358430e+01 4.936870869215495361e+01
2.306567844707814743e+02 1.233355757926887541e+01 4.939178652386925705e+01
2.306903617371935127e+02 1.235398158408378855e+01 4.940965569999043794e+01
2.307285750445773260e+02 1.232787080734161655e+01 4.940509503265253244e+01
2.307588786203249924e+02 1.228728041804242288e+01 4.934377576906418739e+01
2.307813377132539472e+02 1.229828946850338411e+01 4.940162109561764225e+01
2.307828665605435958e+02 1.229976544175136866e+01 4.939339974462962601e+01
2.307892980689724993e+02 1.229590563671033543e+01 4.937844426569768075e+01
2.307879053442156305e+02 1.230016143457399913e+01 4.933200623238703741e+01
2.307798167408215591e+02 1.229236870081729727e+01 4.937927900056811126e+01
2.308019169652550033e+02 1.230220439754529416e+01 4.937771190397174337e+01
2.307952897103739929e+02 1.228704979722242463e+01 4.938435265860806567e+01
2.307431041562371661e+02 1.225705896580624454e+01 4.938243119343461984e+01
2.304066778789634498e+02 1.186900062436368408e+01 4.908816690197490118e+01
2.297853628902976197e+02 1.122537279011817901e+01 4.857773552854354193e+01
2.297494951654001341e+02 1.114313340570702238e+01 4.852656245605548690e+01
2.300197906412946338e+02 1.145392252265427757e+01 4.879329062160748265e+01
2.302853364532767841e+02 1.172285789820059598e+01 4.903190554671196821e+01
2.303415359346611808e+02 1.189331143373026300e+01 4.912202091337094600e+01
2.303943919766454371e+02 1.198349542414543656e+01 4.915096438877045415e+01
2.304049634100381923e+02 1.207304942597915343e+01 4.916923743257153490e+01
2.304266327672810917e+02 1.212369713298946472e+01 4.919473622040600702e+01
2.304521045556049330e+02 1.214295790888790094e+01 4.920122622777461885e+01
2.304936129282656623e+02 1.218045235430107809e+01 4.916699759816853543e+01
2.305268077016104087e+02 1.220815047727259994e+01 4.916018134671308815e+01
2.305599327262193299e+02 1.223806481007531666e+01 4.916755221311613866e+01
2.305716730134266186e+02 1.227923343889391994e+01 4.917896850619582239e+01
2.305968331823985693e+02 1.224971734887305175e+01 4.928396397815289731e+01
2.306302867010535351e+02 1.225164556392415349e+01 4.935255848487746277e+01
2.306427031010063047e+02 1.227316417389934777e+01 4.941039706155326172e+01
2.306594675471507117e+02 1.228380535602792278e+01 4.943873304796350254e+01
2.306748673930285065e+02 1.228486171188147225e+01 4.944833249897345695e+01
2.306810896552499912e+02 1.230222802211709876e+01 4.951252046056665534e+01
2.307020221508485065e+02 1.231047187269730792e+01 4.949452191179035054e+01
2.307173297483982992e+02 1.234111069236870151e+01 4.949038198682649181e+01
2.307518519976825360e+02 1.236087545913230379e+01 4.949640512765706291e+01
2.307498832833654774e+02 1.238955793926235138e+01 4.951232246415533922e+01
2.307955000815610163e+02 1.233301083917853980e+01 4.952430012206028920e+01
2.307869761110579816e+02 1.229223595322334717e+01 4.955554530574133310e+01
2.308079502309020654e+02 1.228624656178106811e+01 4.955162250184215367e+01
2.307955090813979098e+02 1.229412029406966944e+01 4.957666004803662929e+01
2.308129743898391837e+02 1.229799922376406940e+01 4.959363936528650640e+01
2.308208897463733535e+02 1.232378825633785446e+01 4.958881657769953222e+01
2.308548956300166992e+02 1.234294890905102271e+01 4.965367615211974339e+01
2.308478678823946382e+02 1.235997097552606938e+01 4.966459295425270426e+01
2.307288112902953685e+02 1.226926836951080269e+01 4.958465190318425186e+01
2.299884385845506642e+02 1.147852020182134147e+01 4.889638600300369831e+01
2.291366647729509793e+02 1.071624301809529634e+01 4.814164280772411075e+01
2.290430754692571327e+02 1.063823243203716906e+01 4.799155815300847649e+01
2.294362715925773841e+02 1.100144109888008259e+01 4.832546447595637318e+01
2.300110394249104218e+02 1.147669660987394558e+01 4.877943874767269961e+01
2.302056811470291962e+02 1.171665138569363407e+01 4.895480731911734296e+01
2.303051428442859390e+02 1.181666207299992699e+01 4.902419043654833786e+01
2.303315416158082201e+02 1.191791248783615842e+01 4.909165321378549862e+01
2.303842784099538221e+02 1.197429084097850804e+01 4.916869631737925062e+01
2.304282257384084858e+02 1.202748325186606060e+01 4.920828659980537623e+01
2.304339530096017086e+02 1.206335885162081389e+01 4.925864406207637813e+01
2.304810784054538999e+02 1.209570426536019028e+01 4.917260562152311110e+01
2.305309915007790380e+02 1.211845022808961581e+01 4.918206895000027856e+01
2.305477143226779049e+02 1.216345391239783780e+01 4.917836776708421809e+01
2.305967836832957403e+02 1.218144683627609304e+01 4.919778041522997114e+01
2.306269387617349480e+02 1.221662832361163531e+01 4.920531777861526024e+01
2.306594596722934511e+02 1.223867454902379848e+01 4.921410386936737069e+01
2.306912032219416062e+02 1.229191308407535033e+01 4.925866206175012962e+01
2.307282173010614201e+02 1.231688088153402205e+01 4.930745242742474943e+01
2.307578762634927330e+02 1.233971009275456865e+01 4.936497938474865066e+01
2.307781776455301781e+02 1.234701908527907932e+01 4.938726635579730129e+01
2.307732547347579271e+02 1.236236155719677576e+01 4.937591756149419808e+01
2.307914614047620319e+02 1.236362715925773870e+01 4.934340452579296965e+01
2.308224680927658312e+02 1.238697273611915861e+01 4.933384219911014412e+01
2.308347179957363267e+02 1.241415899336824502e+01 4.934113319196089265e+01
2.308568868439259631e+02 1.241267289530377305e+01 4.937938362367182066e+01
2.308716195768951707e+02 1.245166018865907986e+01 4.940359318487352169e+01
2.308573458356067363e+02 1.244809737823501905e+01 4.938913269696986674e+01
2.308841822241971897e+02 1.244009652325051540e+01 4.942112599209139034e+01
2.308880251545440672e+02 1.246466945286616657e+01 4.945920542690164012e+01
2.309129603275940497e+02 1.246430270951339025e+01 4.947511826348147679e+01
2.309183231053937106e+02 1.246792739381598736e+01 4.947789021323988834e+01
2.309343461899753152e+02 1.245637947812195989e+01 4.948772478498827354e+01
2.308469667737272175e+02 1.240104060613901460e+01 4.939852852667045369e+01
2.302500683425112982e+02 1.177301511410105661e+01 4.882665414189367681e+01
2.293587008735466668e+02 1.089623300577676979e+01 4.805318453603028672e+01
2.292083270990713402e+02 1.075464194711470789e+01 4.789218195420207991e+01
2.294829503715245096e+02 1.102982995933198751e+01 4.820640113397944759e+01
2.299390868540507711e+02 1.143742694663659165e+01 4.862019675893374426e+01
2.302301134541936563e+02 1.171265770807904083e+01 4.887955630804191998e+01
2.303641052755918679e+02 1.180778260894021336e+01 4.896944667877894375e+01
2.304577305786332602e+02 1.187538825858781344e+01 4.906040015524718712e+01
2.304930166890725047e+02 1.202545378865008097e+01 4.917802577328286162e+01
2.304783638296555921e+02 1.217124214623610001e+01 4.923907391678525869e+01
2.304886731427992856e+02 1.223709507765171800e+01 4.928499783441424853e+01
2.304981679707055378e+02 1.229361630320450516e+01 4.930207614986978371e+01
2.305174062470117633e+02 1.233108937400509575e+01 4.934275316259892463e+01
2.305687435665228691e+02 1.231648826365022131e+01 4.924246235536980976e+01
2.306272110068005077e+02 1.229217745428364061e+01 4.917073590541171768e+01
2.306696846119664031e+02 1.228996574437088363e+01 4.920244120575314639e+01
2.307253238535051594e+02 1.235924648865739250e+01 4.922979283500486503e+01
2.307652730044268026e+02 1.236182606690253749e+01 4.932777068415634858e+01
2.308122982770937313e+02 1.240825735033552490e+01 4.938444828187488866e+01
2.308294823406325804e+02 1.243521636170344458e+01 4.942754175080576573e+01
2.308532542847660807e+02 1.245801069855608922e+01 4.946972736119158043e+01
2.308617602555953567e+02 1.247907369178933656e+01 4.947468627131133445e+01
2.308752476361366064e+02 1.250389299193952120e+01 4.948406635129738618e+01
2.308861498135346437e+02 1.246790376924418275e+01 4.940144109888008472e+01
2.309227735247298767e+02 1.246187950343399997e+01 4.935774576585799167e+01
2.309436058971431009e+02 1.246187837845439006e+01 4.934658484314972071e+01
2.309740714699545947e+02 1.246559756104420558e+01 4.936207243743707096e+01
2.309885308328786664e+02 1.251483566860350649e+01 4.934505937079890714e+01
2.309900821797604920e+02 1.252112092968314982e+01 4.935014427863495001e+01
2.310036764333646317e+02 1.253523942378544476e+01 4.938949156546537722e+01
2.310338225119669744e+02 1.250800254245391763e+01 4.938046135413795668e+01
2.310320214196117661e+02 1.255326947199081999e+01 4.938513226947761581e+01
2.310106355572305290e+02 1.252675595254835983e+01 4.948185464138462208e+01
2.309942356044796554e+02 1.251224146562343620e+01 4.959697492982939337e+01
2.309722332532722930e+02 1.250562321057930859e+01 4.961056468351511484e+01
2.307343506898937449e+02 1.224961385074895581e+01 4.940945995353834519e+01
2.298057778952756394e+02 1.129284906711065872e+01 4.863656296229630982e+01
2.293723671258458410e+02 1.088105365590248752e+01 4.806270523846755083e+01
2.294809636575337208e+02 1.102545266367047105e+01 4.810673019051530019e+01
2.299638352804855401e+02 1.150028068241263135e+01 4.854074507399553084e+01
2.303210343062532104e+02 1.185964754388826670e+01 4.883842480355043847e+01
2.304811099048829703e+02 1.202438280806160442e+01 4.896621798729898245e+01
2.305645170181290382e+02 1.210672119067841912e+01 4.905725921217678120e+01
2.306056260230283215e+02 1.219860165034508803e+01 4.914180255482869342e+01
2.306139474972016217e+02 1.223640209021211511e+01 4.921605458401066358e+01
2.306358373504480141e+02 1.232328539045229832e+01 4.926052390300425543e+01
2.306542206422508627e+02 1.234927129445778782e+01 4.929352855479494622e+01
2.306880229045848409e+02 1.237695029277594294e+01 4.931288157902137925e+01
2.307097046366034476e+02 1.239828103115631031e+01 4.932105118094734308e+01
2.307315607404615889e+02 1.243324314746795167e+01 4.930405273904410279e+01
2.307518733722951367e+02 1.244011564790388213e+01 4.931233146399221567e+01
2.307752020744624133e+02 1.248387285480450615e+01 4.934939841715368658e+01
2.307968016829694875e+02 1.250414273741288440e+01 4.937345610610807967e+01
2.308355932298726998e+02 1.246264111462979685e+01 4.936848369623300670e+01
2.308560532340351301e+02 1.245996366315860548e+01 4.939989200195746122e+01
2.308761127454564814e+02 1.246973973596728591e+01 4.940667000410617504e+01
2.308807949105922432e+02 1.247223044082326027e+01 4.939791766274236551e+01
2.309121447173770036e+02 1.246762702426018521e+01 4.944749213920497510e+01
2.309396875931623754e+02 1.245310803741682193e+01 4.952772680995156662e+01
2.309387279855552606e+02 1.243491824210686225e+01 4.954486137438758675e+01
2.309480585664384762e+02 1.246956198918894643e+01 4.955425495412895742e+01
2.309821656982467175e+02 1.250529134159443423e+01 4.959240863759344364e+01
2.310104094363289562e+02 1.252674920267070213e+01 4.963187404728289209e+01
2.310363784656402970e+02 1.256522913022201493e+01 4.963357276649360728e+01
2.310397027803871026e+02 1.258869845484050565e+01 4.959515808775965695e+01
2.310233737013516588e+02 1.260214083619734460e+01 4.960539877714716539e+01
2.310404475168887473e+02 1.263449524977359850e+01 4.959422097974474042e+01
2.310860508153289743e+02 1.264565617248187301e+01 4.963741457186088724e+01
2.311146072977427366e+02 1.266596317941737304e+01 4.968918388354211402e+01
2.311303873867286143e+02 1.267268380760598667e+01 4.970964163774531386e+01
2.311227195257085896e+02 1.265179293625303103e+01 4.971811498416591490e+01
2.310702898509964598e+02 1.260225108419909823e+01 4.966501819654519068e+01
2.306370860778148426e+02 1.214374201967589251e+01 4.926149813534629374e+01
2.300872309189395821e+02 1.159876589736811070e+01 4.873975846687778812e+01
2.301020232758281168e+02 1.163138693111187294e+01 4.872526985448389070e+01
2.304536626523644145e+02 1.198753860086285883e+01 4.908008167351966478e+01
2.307318543601397209e+02 1.227223606572130876e+01 4.932526197962661740e+01
2.308317806739752882e+02 1.239900889296381514e+01 4.943288202901322137e+01
2.308957020154009570e+02 1.249252282302383321e+01 4.951602139711217632e+01
2.309255837237950004e+02 1.254387251731062314e+01 4.954815081476647975e+01
2.309369955169562445e+02 1.258473852661420445e+01 4.961631782923934253e+01
2.309801981089092635e+02 1.262545603860930044e+01 4.963987377728778938e+01
2.309909709136521769e+02 1.265844944060388855e+01 4.970612720144447394e+01
2.310440519515583730e+02 1.267223944066013885e+01 4.962335907661673673e+01
2.310762241184378638e+02 1.269286481682519430e+01 4.959381936202406393e+01
2.311040594889217630e+02 1.271234721370675125e+01 4.959373161361450144e+01
2.311164668890376390e+02 1.272314589298068910e+01 4.960022387094233665e+01
2.311545609485827981e+02 1.273019389023573922e+01 4.973044476068871234e+01
2.311896456876719128e+02 1.273411219421647900e+01 4.981627620499378395e+01
2.312173820599501539e+02 1.273570629032348833e+01 4.988410235064489484e+01
2.312589061823254326e+02 1.273395132213228642e+01 4.989896670622844965e+01
2.312621641232752552e+02 1.275933648702617340e+01 4.993779537745878372e+01
2.312738099121953326e+02 1.277368560194846481e+01 4.997369797672417491e+01
2.312773907222931484e+02 1.277603680933283137e+01 4.996363503411500773e+01
2.312898937456758688e+02 1.280895596267317593e+01 4.997743515898774547e+01
2.312931246871150393e+02 1.280606926499457110e+01 4.999232651408193107e+01
2.312964276272492441e+02 1.280780060861396841e+01 4.999944651003200846e+01
2.313308520033074274e+02 1.278463727844932762e+01 4.999266063302602703e+01
2.313636912830955055e+02 1.277124777113414744e+01 5.001035881224652968e+01
2.313471732074856106e+02 1.275189249694849281e+01 4.999922376406927782e+01
2.313549344418132421e+02 1.273293434056507678e+01 4.999113966059365310e+01
2.313920351443630068e+02 1.277283286740427748e+01 4.999237038828670876e+01
2.314115321659794802e+02 1.277876938480489954e+01 5.000284732339226679e+01
2.314166845725921178e+02 1.279434022758337441e+01 5.002856210731180653e+01
2.314081111029862541e+02 1.281831016812820323e+01 5.005634685371327919e+01
2.313925447601262135e+02 1.280453029288844213e+01 5.001934852430799339e+01
2.312889363880279632e+02 1.270674369027061346e+01 4.991182409818821952e+01
2.307079856677597718e+02 1.204617703804118634e+01 4.944103250628582202e+01
2.302496509750760652e+02 1.154216367328342230e+01 4.906137776252805338e+01
2.303086122814023895e+02 1.159041292376575605e+01 4.914672096568249771e+01
2.306529809147209278e+02 1.194751857622580538e+01 4.952123230266451515e+01
2.308844657190588521e+02 1.215833525517349933e+01 4.970672456561725028e+01
2.309910305375715041e+02 1.225948667180407270e+01 4.979651143823018344e+01
2.310127336442027115e+02 1.241518159983350245e+01 4.979569245307428815e+01
2.310327009072960607e+02 1.251713625190543411e+01 4.975555318059860355e+01
2.310393484118100389e+02 1.257751278258081484e+01 4.976146044852936967e+01
2.310555728677417733e+02 1.264297872101068165e+01 4.974440575764564443e+01
2.310939245476175756e+02 1.264926960698837277e+01 4.978289918495227084e+01
2.311355330434635960e+02 1.267537700879171503e+01 4.982134198817646364e+01
2.311510510122004121e+02 1.267833795512456341e+01 4.983252991039537250e+01
2.311711543978265411e+02 1.270205702521641733e+01 4.983113606065889911e+01
2.311897255612242077e+02 1.271002750575145868e+01 4.987454002396206221e+01
2.312214612360151023e+02 1.273984509030773893e+01 4.986371209521827552e+01
2.312584393157873990e+02 1.278639449659974936e+01 4.976825420039261871e+01
2.312926780702099734e+02 1.282563153542842116e+01 4.971542965783745416e+01
2.312865716808882723e+02 1.284355808550970046e+01 4.965675859625044097e+01
2.313091128973287312e+02 1.286542656414352415e+01 4.964575854562635726e+01
2.313214876730359322e+02 1.283510498872207961e+01 4.974827906244199482e+01
2.313342865660559937e+02 1.282317008004229919e+01 4.981111704850349753e+01
2.313291510341375101e+02 1.280912245965541807e+01 4.986879025317666247e+01
2.313412569397179652e+02 1.281688594394226577e+01 4.987413390632294607e+01
2.313762381806829751e+02 1.282001338725735629e+01 4.991383331177122074e+01
2.313958555751177073e+02 1.285365927742559577e+01 4.995879649681349832e+01
2.313937113639815379e+02 1.284674290278488762e+01 4.999271350706768402e+01
2.314171941883553245e+02 1.285001659344924363e+01 5.005018084047226523e+01
2.314296792120642863e+02 1.285152631608552021e+01 5.009951457129839270e+01
2.314181571709012815e+02 1.283897941849803992e+01 5.009109859883789539e+01
2.314259285300453826e+02 1.282334557686141885e+01 5.009832771781011473e+01
2.314709040898633816e+02 1.279439647656386292e+01 5.011824435682103029e+01
2.314881545271991854e+02 1.276077758590625599e+01 5.015474094532036275e+01
2.314598905394839790e+02 1.272006457382959965e+01 5.009974406713878636e+01
2.311559727979930301e+02 1.237619543145780554e+01 4.980907296055259081e+01
2.300010687306292709e+02 1.128056428977224712e+01 4.875835662978608553e+01
2.294684313846811392e+02 1.081580371355769188e+01 4.820121835291735124e+01
2.294947806571005913e+02 1.089360842834723542e+01 4.820806947874069692e+01
2.299930442510729449e+02 1.136402877697841696e+01 4.864090763354914060e+01
2.304584708152164865e+02 1.182282921122054731e+01 4.905129794522473929e+01
2.306357529769773009e+02 1.215375883812105862e+01 4.913306371322019572e+01
2.307090701481035637e+02 1.232376125682722012e+01 4.921488910513497217e+01
2.307634370377036817e+02 1.243338601987838921e+01 4.926929199408260729e+01
2.308178871757949366e+02 1.251448917488370505e+01 4.927374016345953578e+01
2.308337437633942955e+02 1.256805170406286365e+01 4.931400205871268838e+01
2.308762398681523962e+02 1.259342786911987133e+01 4.934634522249284316e+01
2.309127510813866593e+02 1.259878952193991530e+01 4.938166058240194189e+01
2.309665599811003460e+02 1.262980408480096273e+01 4.942179647993879854e+01
2.309862617490057914e+02 1.264988159589607442e+01 4.942931134373189650e+01
2.310188096590749183e+02 1.268395497831601837e+01 4.946389434191505075e+01
2.310526749202670658e+02 1.271438455177999849e+01 4.949533414706858281e+01
2.311050145966104310e+02 1.264834149881033376e+01 4.964062751362631332e+01
2.311561246702403594e+02 1.265810294688408710e+01 4.975826550643769508e+01
2.311851018950281400e+02 1.265508462659114386e+01 4.980648550745017644e+01
2.312142737412884514e+02 1.267294817781427696e+01 4.982718850720830517e+01
2.312081977264162163e+02 1.268564807262868399e+01 4.985313503692745485e+01
2.312193901485535434e+02 1.271562540428954691e+01 4.981405774520337104e+01
2.312391796648685727e+02 1.274333815199599584e+01 4.977925312603709074e+01
2.312520516815632732e+02 1.276155494681658809e+01 4.973696514250679002e+01
2.312555796176194178e+02 1.276874469150246583e+01 4.973249672349688666e+01
2.312670994088232135e+02 1.278432228415860017e+01 4.971785736383527876e+01
2.312833553641840183e+02 1.279268313261822065e+01 4.977369010186690446e+01
2.313023213954247126e+02 1.278074597397922219e+01 4.983258165945742491e+01
2.313048492246078069e+02 1.277339085729071222e+01 4.983576310179378055e+01
2.313189159696480601e+02 1.277495457894825570e+01 4.986869350493022068e+01
2.313221952852104550e+02 1.277504795225586598e+01 4.989294806531631821e+01
2.313238355054814690e+02 1.278587250606082826e+01 4.987635461607258236e+01
2.313566106614317732e+02 1.280940482953746518e+01 4.984525792970002556e+01
2.313756498163470781e+02 1.280660813022763911e+01 4.986237786940111505e+01
2.313737497257862117e+02 1.280190009056085820e+01 4.985229917707741265e+01
2.312409503827743151e+02 1.269622288096028306e+01 4.971983057807076989e+01
2.303806154763445022e+02 1.177550469397742106e+01 4.887624211811161246e+01
2.291647195144587954e+02 1.073795399958375718e+01 4.775697402984570772e+01
2.288358216007334818e+02 1.043931466242174366e+01 4.744904461106642657e+01
2.289147456702347370e+02 1.053380394980340995e+01 4.749857071340581882e+01
2.292798701773530468e+02 1.096816982692188702e+01 4.789086797801790141e+01
2.297735112301089657e+02 1.153623503074006784e+01 4.839696480501290665e+01
2.300793324370995663e+02 1.188131465117194807e+01 4.870366799601757180e+01
2.302452298052097888e+02 1.205755958173258158e+01 4.885949792160017324e+01
2.303600114747920315e+02 1.221286526681703855e+01 4.898959506358946925e+01
2.304413250009843637e+02 1.230511471979570359e+01 4.903726044965434738e+01
2.305326890950101415e+02 1.229493590428673500e+01 4.913412681895140821e+01
2.305813073388044927e+02 1.224020902121149135e+01 4.919784678902694708e+01
2.306217537307136354e+02 1.220690962476305153e+01 4.920525365477750768e+01
2.306335941411061867e+02 1.220284844837187244e+01 4.922759012492898734e+01
2.306456415477469477e+02 1.223847880257170395e+01 4.923202366957099230e+01
2.306901738655986946e+02 1.230683031370056391e+01 4.929518789971931625e+01
2.307551099386323585e+02 1.236656560599839061e+01 4.940298457090464979e+01
2.308305083220366498e+02 1.243954865818056987e+01 4.946304160737086875e+01
2.308700659800541075e+02 1.249001299351449212e+01 4.954305578211394590e+01
2.309432695282397958e+02 1.251692250577958276e+01 4.959281363025295519e+01
2.309711948970924880e+02 1.251102536266530230e+01 4.963865654935004557e+01
2.310148002317457951e+02 1.252803167942581020e+01 4.965354002958696356e+01
2.310151838497927201e+02 1.254645434551498795e+01 4.968947525326103687e+01
2.310397207800608612e+02 1.254262378994380711e+01 4.969952694607410137e+01
2.310613800124872625e+02 1.256270467597774854e+01 4.968541857678829388e+01
2.310885426451645515e+02 1.258610987675848314e+01 4.973963246916149927e+01
2.311125654597510390e+02 1.259992125142731823e+01 4.979090341487560778e+01
2.311243777456533621e+02 1.259513896310629377e+01 4.980773198485777442e+01
2.311265905805457237e+02 1.260685450076217329e+01 4.981904140487453958e+01
2.311461281014281610e+02 1.264421394862218051e+01 4.984776888418897300e+01
2.311590563671033465e+02 1.264790725668097338e+01 4.978477902588015525e+01
2.311922376406927526e+02 1.264495081026656464e+01 4.975270585720633676e+01
2.311938204870036770e+02 1.261632795405583352e+01 4.969199633256647530e+01
2.311884104600604246e+02 1.266179400498366014e+01 4.968731191747149722e+01
2.312189131571990117e+02 1.265312041219252848e+01 4.969565476625736267e+01
2.312354807319117356e+02 1.268290312238090678e+01 4.974287803533560748e+01
2.312330642757100065e+02 1.268334298940831673e+01 4.974480062548866499e+01
2.311411230671444059e+02 1.257996523813005929e+01 4.961575758939369507e+01
2.302866808039104285e+02 1.166986010878552804e+01 4.883525686096939467e+01
2.292062155123438458e+02 1.068639168415072405e+01 4.786143738644737056e+01
2.289244812437774499e+02 1.051687975655441321e+01 4.769326868450509238e+01
2.291157851513941353e+02 1.069238670049105444e+01 4.792919603332189382e+01
2.296630663569222861e+02 1.118916194643972162e+01 4.845033833761763020e+01
2.301095358896619985e+02 1.162906609817697046e+01 4.888456471726450303e+01
2.303498934081819698e+02 1.187055759614356987e+01 4.910575033327521055e+01
2.304579083254116085e+02 1.208057778952756500e+01 4.915959523233641448e+01
2.305213481755643272e+02 1.222383269303243836e+01 4.916267880144672375e+01
2.305415741839679242e+02 1.230679656431227187e+01 4.917330310888115008e+01
2.305859433797762392e+02 1.236221193490868053e+01 4.922238371929508816e+01
2.306026077027353836e+02 1.239652718794471831e+01 4.925595761076830570e+01
2.306749303918866474e+02 1.245401027106383651e+01 4.922503642121486678e+01
2.307229501465286035e+02 1.249638037810564661e+01 4.924878249081735504e+01
2.307654597510420160e+02 1.254179692993064421e+01 4.919631344181886590e+01
2.307897525607348257e+02 1.257414346864963051e+01 4.920132635095988860e+01
2.308453771775386656e+02 1.258974806081639741e+01 4.925738183495424494e+01
2.309024620178759335e+02 1.260383843042844809e+01 4.927821758230631843e+01
2.309565566624104918e+02 1.262320495441020185e+01 4.929821521984914057e+01
2.310042771724762360e+02 1.266502157148401686e+01 4.934363964653140755e+01
2.310242928096928381e+02 1.269067223156580226e+01 4.935707302805136720e+01
2.310620786248249203e+02 1.271493241684994402e+01 4.938630787316979820e+01
2.310859968163076985e+02 1.273121762168060656e+01 4.942112599209139034e+01
2.311015485344328226e+02 1.273864811200296998e+01 4.944280884908960871e+01
2.311269809484703046e+02 1.276320754186330397e+01 4.946182437943312493e+01
2.311508203913803925e+02 1.278486789926932587e+01 4.947246443658208648e+01
2.311821049493478029e+02 1.272613833874260969e+01 4.957731366118989058e+01
2.312094847030897427e+02 1.271368931438117755e+01 4.972654333140211946e+01
2.312261951502129023e+02 1.270693156186544037e+01 4.979719092591447094e+01
2.312250341712556576e+02 1.270019630894189966e+01 4.984497555981797490e+01
2.312497510982613562e+02 1.274279141190565845e+01 4.983270878215332544e+01
2.312563311039987468e+02 1.275073039301162581e+01 4.990222464717827222e+01
2.312611257670954785e+02 1.281235002615577656e+01 4.979993362620302833e+01
2.312630506072077310e+02 1.281546959461359769e+01 4.975903386751114965e+01
2.312879711555227971e+02 1.284554142456167902e+01 4.976238855670740691e+01
2.312902661139266911e+02 1.285319916076521096e+01 4.973211310544996167e+01
2.313076549237545123e+02 1.287598449778097809e+01 4.974072932428099847e+01
2.313020514003183621e+02 1.278929131909484163e+01 4.972037844314071720e+01
2.310821190115929085e+02 1.247662236121970203e+01 4.945953954584572898e+01
2.301666027303255078e+02 1.151170147541075828e+01 4.867621286864175545e+01
2.296958010136066264e+02 1.105542774537211592e+01 4.825830319325461915e+01
2.297952098368216980e+02 1.114861993126374529e+01 4.834065170068792838e+01
2.302069107497426614e+02 1.170165653247534898e+01 4.871992620133759999e+01
2.305476839482284390e+02 1.210766954848943300e+01 4.907860682525129192e+01
2.306970486159938218e+02 1.231647251393568432e+01 4.921119804703539558e+01
2.307816032084418509e+02 1.242995145712983884e+01 4.930858528189176582e+01
2.308519718080109726e+02 1.251265433314021180e+01 4.932959877602218768e+01
2.309201174478712630e+02 1.257993936359903486e+01 4.936252805417901612e+01
2.309590619920014092e+02 1.264684527592937435e+01 4.939478346954961552e+01
2.310003037444946301e+02 1.268643555835550529e+01 4.941851603939678483e+01
2.310167914456550591e+02 1.269745923355139183e+01 4.946558068635005867e+01
2.310383404300796997e+02 1.272375900686800065e+01 4.948013342258171576e+01
2.310720324444119456e+02 1.270794854343265001e+01 4.953784375158200248e+01
2.311256230980813484e+02 1.270292550947513988e+01 4.962382369319556119e+01
2.311956744534005281e+02 1.268888913888435788e+01 4.967005473025801621e+01
2.312085059708292647e+02 1.271764586766864902e+01 4.973467243406213356e+01
2.312537110264876503e+02 1.273858061322638591e+01 4.979787153857836302e+01
2.312937434259004021e+02 1.270495834762994924e+01 4.988964625016171794e+01
2.313018241544372131e+02 1.272884953960209486e+01 4.988806115389158435e+01
2.313019355274185784e+02 1.273959196989554599e+01 4.990105016846569441e+01
2.313212660520528061e+02 1.274897204988159594e+01 4.992496048509120499e+01
2.313140538077747408e+02 1.277096652623171202e+01 4.996620111260483554e+01
2.313650862578115834e+02 1.278468340261332692e+01 4.989716561387324845e+01
2.313865857431333950e+02 1.283423762944296698e+01 4.983294052795292828e+01
2.314449361855316454e+02 1.284137562506679586e+01 4.981848341498810129e+01
2.314338112621708774e+02 1.287661336138282486e+01 4.976650485709946281e+01
2.314560993581991397e+02 1.287661673632165460e+01 4.976378465640310367e+01
2.314745613985746502e+02 1.287278618075047376e+01 4.988339361349075318e+01
2.314777698404216437e+02 1.286380434354627411e+01 5.000520978057272714e+01
2.314893481305651335e+02 1.286920762061187595e+01 5.004364133400082437e+01
2.315025081420399147e+02 1.287614761982439049e+01 5.013998121284051734e+01
2.315318442353232342e+02 1.290254076644860781e+01 5.017480158172133287e+01
2.315492589196820745e+02 1.291517428746603890e+01 5.012187016610324264e+01
2.315522018663411643e+02 1.293590541171441188e+01 5.005560999206889505e+01
2.314507827045634656e+02 1.281894240666887974e+01 4.987587537475883437e+01
2.306189727811183445e+02 1.198799646756402559e+01 4.911993970109291752e+01
2.297844910311000604e+02 1.115133675702127825e+01 4.835065501937777555e+01
2.296665549186920998e+02 1.104221935977410496e+01 4.820257620330631454e+01
2.300012149779785204e+02 1.136175856812595342e+01 4.852810255314122401e+01
2.305199588257462722e+02 1.185505875206011872e+01 4.895953785837631500e+01
2.307779537745878429e+02 1.210029530714755808e+01 4.923610734555435897e+01
2.309082354132331432e+02 1.221927765059258242e+01 4.936027809495952567e+01
2.309500092810817762e+02 1.236741721556296802e+01 4.942230609570201239e+01
2.309713152699107468e+02 1.250374899454947375e+01 4.948755491306719989e+01
2.310007998605025250e+02 1.257346848088378444e+01 4.948659080554165257e+01
2.310427334754557478e+02 1.262432430912189751e+01 4.953621028118865155e+01
2.310654400638988477e+02 1.262046562906047242e+01 4.952603034070007482e+01
2.311046354784819528e+02 1.266013915997772621e+01 4.954631597302299184e+01
2.311323156017797089e+02 1.266177938024873306e+01 4.954883592734881859e+01
2.311702139148727895e+02 1.270213014889105096e+01 4.958103171880009796e+01
2.311915660278657469e+02 1.273472868304262029e+01 4.962532104105613229e+01
2.312327549063173251e+02 1.275820475753877048e+01 4.965238580050736772e+01
2.312841923490136651e+02 1.276608411472542137e+01 4.973479505683959445e+01
2.313350763017420206e+02 1.275942198547651252e+01 4.980683650108841931e+01
2.313621005619273205e+02 1.277985274016908512e+01 4.984520280569914519e+01
2.313909517889988194e+02 1.279142765537374693e+01 4.990388061716381429e+01
2.313916346516219278e+02 1.279611657038716110e+01 4.993661752380737795e+01
2.313874812269027643e+02 1.280577564531642842e+01 4.994061907627924057e+01
2.314188231588302358e+02 1.282323532885966522e+01 4.994838593550491623e+01
2.314377104414982398e+02 1.283148255437870233e+01 4.995443495086651353e+01
2.314332870216727258e+02 1.281935527418565535e+01 4.993315933648702298e+01
2.314629561089205367e+02 1.286130688881264028e+01 4.995764114275429080e+01
2.314877405347027945e+02 1.287673373420106770e+01 4.999850715205786855e+01
2.314913280946782947e+02 1.289760548090065839e+01 5.003594984840899684e+01
2.314871465454688746e+02 1.290403698932956900e+01 5.000917758365629595e+01
2.315019164027652039e+02 1.294278466202800004e+01 5.000648100753173964e+01
2.315436182719188309e+02 1.292873479168190087e+01 5.003017420309257091e+01
2.315579853865148721e+02 1.293097800102373185e+01 5.000598151658500967e+01
2.315788605081532978e+02 1.293937709879008402e+01 5.002151298507714472e+01
2.315804219798516215e+02 1.293490980475978880e+01 5.001529522277408546e+01
2.315783160180221785e+02 1.298178208019979607e+01 5.001928327549062914e+01
2.315900079311062427e+02 1.297347298080222266e+01 5.000288332273977687e+01
2.313860300032062014e+02 1.274180255482869306e+01 4.980021262114624392e+01
2.303719587582475015e+02 1.169335868287387292e+01 4.890740630326075689e+01
2.296759091241471253e+02 1.102551566252861726e+01 4.820329281531772381e+01
2.297113999808753420e+02 1.107147895444395047e+01 4.828099740692199759e+01
2.301723705007846661e+02 1.154287691035600005e+01 4.872907341054443719e+01
2.306129260157159706e+02 1.203819305775082782e+01 4.919470809591576455e+01
2.308094970778654726e+02 1.228546695091151442e+01 4.944217211063049433e+01
2.309051147197957050e+02 1.240971194897092467e+01 4.957459121053430806e+01
2.309715278910569793e+02 1.250092867066784486e+01 4.966920987057109471e+01
2.309968286824801282e+02 1.252869429241595078e+01 4.969302906384821483e+01
2.310670139103728786e+02 1.257600193496492835e+01 4.963831568052829368e+01
2.311541019569020250e+02 1.260118572850867125e+01 4.963294277791214881e+01
2.312152535985285340e+02 1.262255471619576852e+01 4.963223516573761884e+01
2.312471827698122979e+02 1.265283466737165341e+01 4.965653247534888237e+01
2.312715464532205374e+02 1.265263667096033906e+01 4.964680365168381115e+01
2.312863928091303478e+02 1.273204560667337937e+01 4.971610464560329490e+01
2.312910884740214215e+02 1.278167633211648102e+01 4.980518165608248182e+01
2.313213897998098787e+02 1.283674745895230629e+01 4.986649079485434299e+01
2.313248794865592970e+02 1.284311034362502113e+01 4.986893537554632161e+01
2.313411309420016835e+02 1.289125947092208868e+01 4.989912307839420436e+01
2.313792193766487912e+02 1.289741085942817200e+01 4.992821280114297622e+01
2.313992305139469465e+02 1.288251725437476480e+01 4.992949640287769597e+01
2.314279669930982379e+02 1.288616106333072686e+01 4.996647335767039522e+01
2.314595654203767481e+02 1.289007824233185850e+01 4.996990567045972398e+01
2.314785663259853550e+02 1.292057981449086235e+01 4.998659924288872247e+01
2.315179012380400536e+02 1.292559947350954275e+01 5.004093463305977707e+01
2.315236971329894686e+02 1.294303215754214520e+01 5.004066913787187332e+01
2.315438455177999799e+02 1.294013196010822320e+01 5.005409801947340043e+01
2.315518936219281159e+02 1.297235250111091709e+01 5.005262317120502047e+01
2.315844786563243645e+02 1.298864445581923910e+01 5.010348462434118488e+01
2.315979514121306693e+02 1.298127808933463001e+01 5.009232370163290682e+01
2.316167644461444013e+02 1.298266518919344570e+01 5.007604074676146411e+01
2.316188974074844964e+02 1.296433477143226831e+01 5.007639061542009529e+01
2.316220417254937161e+02 1.297561719193839558e+01 5.011915109038648808e+01
2.316374944454131821e+02 1.297153239097541366e+01 5.009926820076385923e+01
2.316450903077381724e+02 1.297431109061148291e+01 5.012879666556043645e+01
2.316581209465578297e+02 1.299233326395959054e+01 5.014033220647876021e+01
2.316959607607112162e+02 1.300722461905377969e+01 5.014850293338433573e+01
2.316427492251702915e+02 1.296495688515645739e+01 5.013350920514565701e+01
2.313048390997913089e+02 1.262735612917015793e+01 4.979656993716989177e+01
2.303671044712314711e+02 1.169590788666955383e+01 4.885007959230738805e+01
2.300061671382206328e+02 1.136169219432897748e+01 4.841615808213476413e+01
2.301451223696570594e+02 1.151557140526827894e+01 4.853937259887164402e+01
2.306305994453850587e+02 1.199326137213762955e+01 4.899205314403676681e+01
2.309714153930960094e+02 1.232871454204892459e+01 4.929754135706290441e+01
2.310733419206776773e+02 1.254439000793110637e+01 4.941598596025446710e+01
2.311003369313931159e+02 1.268020317131752073e+01 4.949604400920233616e+01
2.311207463114731127e+02 1.279202501954652149e+01 4.955743189654687342e+01
2.311350065530062352e+02 1.287252743544023303e+01 4.957588268712629542e+01
2.311436216468576390e+02 1.292569734673559090e+01 4.959860390030430466e+01
2.312082202260083932e+02 1.288930088142152464e+01 4.964056451476817244e+01
2.312649405729521277e+02 1.288668642880847770e+01 4.969673474668271496e+01
2.313179901114292250e+02 1.288306286948549051e+01 4.973340008212350938e+01
2.313586716240768055e+02 1.290394136606274067e+01 4.975853887648286644e+01
2.313990696418627522e+02 1.293855811363419051e+01 4.978447190644669718e+01
2.314156113420444285e+02 1.293794724970609877e+01 4.983634134131318660e+01
2.314654456887969047e+02 1.296873344170636955e+01 4.989358705373464886e+01
2.315130537009016791e+02 1.299460347281205586e+01 4.993330895877512177e+01
2.315187708472784038e+02 1.302554828693729938e+01 4.995783463924716017e+01
2.315303941366062759e+02 1.302234209504952744e+01 4.993305021346488104e+01
2.315710936489276150e+02 1.302338720110697956e+01 5.001580258857808303e+01
2.315807335992035121e+02 1.301754743195279573e+01 5.012623508698904828e+01
2.316083990977663518e+02 1.297274061907627996e+01 5.018941619183152625e+01
2.316307693173061182e+02 1.301863303727619936e+01 5.023914366552106259e+01
2.316503248378623141e+02 1.306370872027944507e+01 5.012375675690878296e+01
2.316760936208031296e+02 1.309389867308654942e+01 5.004805912892828701e+01
2.316683751357006713e+02 1.309202895697515423e+01 5.001424899173702698e+01
2.317059584545030191e+02 1.310932776843419667e+01 5.003133180711099470e+01
2.317182061075143054e+02 1.312564559767354133e+01 5.002415106226199981e+01
2.317116362265933844e+02 1.312835679853302651e+01 5.001315213661752068e+01
2.317169371305145091e+02 1.313096225130919414e+01 4.996674785269517116e+01
2.317118195982697841e+02 1.314574110844240984e+01 4.992177566781602138e+01
2.317318116109145478e+02 1.319643381463711052e+01 4.987008285474825442e+01
2.317543055782113868e+02 1.320923383263678375e+01 4.986909062273246462e+01
2.317499642818973768e+02 1.320187534100944404e+01 4.988136752521360506e+01
2.317547769446678672e+02 1.316472288939763047e+01 4.993217047941006115e+01
2.317399497134114483e+02 1.311931421242990048e+01 4.995914411551290613e+01
2.315360212846142076e+02 1.288123027770121709e+01 4.979740579701992687e+01
2.307549333168336432e+02 1.202563491036725019e+01 4.914217042316108319e+01
2.303730702381019455e+02 1.164308559407360733e+01 4.875949173421231819e+01
2.304749517664992311e+02 1.177809664699827330e+01 4.886465482813124339e+01
2.308889060135784916e+02 1.219682193260247161e+01 4.925775082826623930e+01
2.311484016852194543e+02 1.249381654957503862e+01 4.946009866071177186e+01
2.312771938508614653e+02 1.260886708928400601e+01 4.958828558732373182e+01
2.313647723885004552e+02 1.267575950185902833e+01 4.974018933406831877e+01
2.314014613485130667e+02 1.273550379399373433e+01 4.983763169292556228e+01
2.314524690489984948e+02 1.273916110270501356e+01 4.992723856880093791e+01
2.314872534185317932e+02 1.279454497387234824e+01 4.998401291476591979e+01
2.314998014410988674e+02 1.283188979699743015e+01 4.999037354947941481e+01
2.315361382824936243e+02 1.287905794207479993e+01 5.003138468115265169e+01
2.315422885460201030e+02 1.293410206939999263e+01 5.001413536879643829e+01
2.315404222048475447e+02 1.295515831275558050e+01 4.996534950304025813e+01
2.315512062593865608e+02 1.297584893773800374e+01 4.995880324669115424e+01
2.315868523633009204e+02 1.301525359852852581e+01 4.999192602134086627e+01
2.316017470933339268e+02 1.304015727214944143e+01 4.999528746041477945e+01
2.316420663625471832e+02 1.304434444625691114e+01 5.002030025705784055e+01
2.316790005681147022e+02 1.304100775673440893e+01 5.000244120575314355e+01
2.317091095223898947e+02 1.305967566837851024e+01 5.003198767022347937e+01
2.317286549181296209e+02 1.306479995050089649e+01 5.005422964208774061e+01
2.317498754085082169e+02 1.307837507945168554e+01 5.007807695985510321e+01
2.317371845135306785e+02 1.310011981032843842e+01 5.012505835831725420e+01
2.317436295217149222e+02 1.309752898228719609e+01 5.016344491256096205e+01
2.317552280614913798e+02 1.311752999476884440e+01 5.018422216097333433e+01
2.317481316901131265e+02 1.311492679195189659e+01 5.022071424955422714e+01
2.317513525067358273e+02 1.312855029502590298e+01 5.019821353237972517e+01
2.317779661493635501e+02 1.314894842530979169e+01 5.019221739105978486e+01
2.317950635894724485e+02 1.312725769345430571e+01 5.021134204442544302e+01
2.318081493522929861e+02 1.312709569639050322e+01 5.018533476580736874e+01
2.318216131082624258e+02 1.312809917820239569e+01 5.021185616010709651e+01
2.318234344502506019e+02 1.314176093058313377e+01 5.023199892001957778e+01
2.318730629257344731e+02 1.316005759895601912e+01 5.023516798758022617e+01
2.318607106496194774e+02 1.316928918163358375e+01 5.022425006046765361e+01
2.317964866886787547e+02 1.312896316254267859e+01 5.013687851907684490e+01
2.311722006288636067e+02 1.248510583245678696e+01 4.957772652870666974e+01
2.300794944341633936e+02 1.143373813849624021e+01 4.862260084035976604e+01
2.298075351134260700e+02 1.112462186622867399e+01 4.838198682648877025e+01
2.299968950562771113e+02 1.128109415516843761e+01 4.858735747914568748e+01
2.304990364549642550e+02 1.175039627406753340e+01 4.908428347236206690e+01
2.309396797183051149e+02 1.216727321817292129e+01 4.947465589686186860e+01
2.311529466028428317e+02 1.236390165428251642e+01 4.966943486649304162e+01
2.311918990218302383e+02 1.259970188040341732e+01 4.962417243687458068e+01
2.312041399249638687e+02 1.273974609210208087e+01 4.958696711122110656e+01
2.312449733098587501e+02 1.281563159167740018e+01 4.962683301365162691e+01
2.312727760559339742e+02 1.288324399120265973e+01 4.961417699304200113e+01
2.312905934829931311e+02 1.283055894611910119e+01 4.968003667433527681e+01
2.313220355381058653e+02 1.283408800715486997e+01 4.975356084170974214e+01
2.313759749354543089e+02 1.286070952463986572e+01 4.981961289451628971e+01
2.314013196010822355e+02 1.287192894628784856e+01 4.986248924238248037e+01
2.314344277509970027e+02 1.289441616370703336e+01 4.991319657331210635e+01
2.314795293085312835e+02 1.289226745265242080e+01 4.995008465471563142e+01
2.315218296668372773e+02 1.290842553478718280e+01 4.995735652291302387e+01
2.315647982630314914e+02 1.296594911717225074e+01 4.997882450880577920e+01
2.316033119399710927e+02 1.298869282994245644e+01 5.002536491526090856e+01
2.316308188164089472e+02 1.301238715048289762e+01 5.007773609103335133e+01
2.316544377633155420e+02 1.302027550750642604e+01 5.008330811504041691e+01
2.316933181836079143e+02 1.309010749180171196e+01 5.010667281655519645e+01
2.317007576737671570e+02 1.308017617180688674e+01 5.007276255617866667e+01
2.317094661409261960e+02 1.307093446431283468e+01 5.006848425872281183e+01
2.317130447010648027e+02 1.307064309459391005e+01 5.010980250982950679e+01
2.317053959646981411e+02 1.308531507866420007e+01 5.010686406308885665e+01
2.317423144205511392e+02 1.308892401325226018e+01 5.011937383634921872e+01
2.317613378257518946e+02 1.307920306444445657e+01 5.013897885600823656e+01
2.317757274399401410e+02 1.311705075345509286e+01 5.017352022994582939e+01
2.317948993424494120e+02 1.312000719986950159e+01 5.018481390024805933e+01
2.317934874930391800e+02 1.314219067279405628e+01 5.016821257614705587e+01
2.317918731472992135e+02 1.312441824491931008e+01 5.012742306545693793e+01
2.318071908696654759e+02 1.314875155387808547e+01 5.012374100719424774e+01
2.318200358868495528e+02 1.316029046973523542e+01 5.012378263143980206e+01
2.318385643010220463e+02 1.316914855918236427e+01 5.011525303603872317e+01
2.318255640366518264e+02 1.316038271806323579e+01 5.009828609356455331e+01
2.315956463289102771e+02 1.291991832648033167e+01 4.989323718507601768e+01
2.305448613743875796e+02 1.183053307158807677e+01 4.892812392775380914e+01
2.298337448883739000e+02 1.121668232263290221e+01 4.827746947086583873e+01
2.298111744224635800e+02 1.118411416293079697e+01 4.824251185447263879e+01
2.301596841057255745e+02 1.151564790388174231e+01 4.857781652707544851e+01
2.305869187370979034e+02 1.204674515274410673e+01 4.902462580365730815e+01
2.308409458828558627e+02 1.240028911975970516e+01 4.929145971729262499e+01
2.309920565189756019e+02 1.258048947862820022e+01 4.940034761869941349e+01
2.310550002531204257e+02 1.270323262890860150e+01 4.948698117346623349e+01
2.311510217627305508e+02 1.273608540845197190e+01 4.957577468908375806e+01
2.312405296404002684e+02 1.275788413834999169e+01 4.964335108926150752e+01
2.312964692514948126e+02 1.278931831860547597e+01 4.968867089284006511e+01
2.313344823125080723e+02 1.281976926668204086e+01 4.973224022814586220e+01
2.313746812089030982e+02 1.282661026768889734e+01 4.976249317981111631e+01
2.313928068803753035e+02 1.284133737576006418e+01 4.977543269528239733e+01
2.314151051012200355e+02 1.286267036409965137e+01 4.985246117414121869e+01
2.314563513536317032e+02 1.292076656110607935e+01 4.990017043441087452e+01
2.314842767224843953e+02 1.293888885763945495e+01 4.994321890415736220e+01
2.315170091292095265e+02 1.295966835601104705e+01 4.997872101068168149e+01
2.315289237882563498e+02 1.297072803055444545e+01 4.998448203126318390e+01
2.315627035509981511e+02 1.298008111102986284e+01 4.997822601965339118e+01
2.315980807847857648e+02 1.300102935634291690e+01 4.999599732254852569e+01
2.316166834476125018e+02 1.302115974147968558e+01 4.999640681512647689e+01
2.316019664643578437e+02 1.303572372750743824e+01 5.000646413283759273e+01
2.316405172656245668e+02 1.304616691322469713e+01 5.004208548720054495e+01
2.316569633425394272e+02 1.302056012734769119e+01 5.004649428229113539e+01
2.316718513226947778e+02 1.304373808224725906e+01 5.002924834487374994e+01
2.317189744685877599e+02 1.304981072218066096e+01 5.001952064618829041e+01
2.317132404475168812e+02 1.305864518705598520e+01 5.003029345093120384e+01
2.317290970351162400e+02 1.306919749579538959e+01 5.004345008746716417e+01
2.317423357951637115e+02 1.311886534556561124e+01 5.010916352141117613e+01
2.317522941146691835e+02 1.312995764451769354e+01 5.020040386767989560e+01
2.317676050871577900e+02 1.309357467895894445e+01 5.023853055163375103e+01
2.317625989278944303e+02 1.313064725701846669e+01 5.028366698353592312e+01
2.317654035020615311e+02 1.313547229456466070e+01 5.017910237876938595e+01
2.317797964911885913e+02 1.316492876066621243e+01 5.015775589067447982e+01
2.317866476170119370e+02 1.317167638836546040e+01 5.007329692149329503e+01
2.317473712038969325e+02 1.314298040848009563e+01 5.000013837249199611e+01
2.311278944319134325e+02 1.243419263025857724e+01 4.939013280384293125e+01
2.299497944099763060e+02 1.131033687514413799e+01 4.826099751941995919e+01
2.295914569048435965e+02 1.096426052277802476e+01 4.802933609328331244e+01
2.296861554384326780e+02 1.105630747942693581e+01 4.824601054105894349e+01
2.302246055540243219e+02 1.154417513682564511e+01 4.878159195864574826e+01
2.307530152265990182e+02 1.203721995038839943e+01 4.931931871234834119e+01
2.310454266766414833e+02 1.230498084722214358e+01 4.957116564762263522e+01
2.311219815390846009e+02 1.256873681664519893e+01 4.961838216682322411e+01
2.311495097901350562e+02 1.271644438944544042e+01 4.965042946096602350e+01
2.311820768248575462e+02 1.280983794668721565e+01 4.967696323004145853e+01
2.312151624751801364e+02 1.286187725347478050e+01 4.970706318447977878e+01
2.312430248451746877e+02 1.288354661071767993e+01 4.976617073815537395e+01
2.312876010372312123e+02 1.289371867634899083e+01 4.983530748505183539e+01
2.313294952778980758e+02 1.293464880949032825e+01 4.990999375636316415e+01
2.313517811239671289e+02 1.296636310966863803e+01 4.993228860226908239e+01
2.313855890111991584e+02 1.299775566567855911e+01 4.997597493545429614e+01
2.314218516039396718e+02 1.302045437926437543e+01 5.000921020806497808e+01
2.314737919125215910e+02 1.301719756329416455e+01 4.993620915620904555e+01
2.315145870481097461e+02 1.304667427902869292e+01 4.984280997406921898e+01
2.315750265776432855e+02 1.308584044414194913e+01 4.987305167593837041e+01
2.315980774098469510e+02 1.310448135627541788e+01 4.990799804253548189e+01
2.316204735039177365e+02 1.309294019045904811e+01 4.998251219196652073e+01
2.316207896231880738e+02 1.307818833283646676e+01 5.000399592757381129e+01
2.316508412035031768e+02 1.307682710750867727e+01 5.004695552393113189e+01
2.316773952222116009e+02 1.312369038311180525e+01 5.008606431508428614e+01
2.316766437358323003e+02 1.313262272121317764e+01 5.009883958353255196e+01
2.316940741699056616e+02 1.313417744303384538e+01 5.012173516855006739e+01
2.317113966059365282e+02 1.316725296853994465e+01 5.012375675690878296e+01
2.317533527204819279e+02 1.320644500818422706e+01 5.012640608388972652e+01
2.317926887575162596e+02 1.323211704287859725e+01 5.011410668181639494e+01
2.317935864912448380e+02 1.323262553366220295e+01 5.013925110107379624e+01
2.318202158835871103e+02 1.326610942676663996e+01 5.014864018089672015e+01
2.318490907352304191e+02 1.326225187168482655e+01 5.014475000140622285e+01
2.318746221474735876e+02 1.326305735708540290e+01 5.019253351033012223e+01
2.318886438933294301e+02 1.326907824795675594e+01 5.021188653455656237e+01
2.319052564672265362e+02 1.328411472542060245e+01 5.025420264257710556e+01
2.318831697425484037e+02 1.328702729763022994e+01 5.024214061120142105e+01
2.316354368577069636e+02 1.295078101709406582e+01 5.003306990060804793e+01
2.306032534410313701e+02 1.187419465522187423e+01 4.913055275873124828e+01
2.299934807431615411e+02 1.128514858168195722e+01 4.858706835938598800e+01
2.299623154330327850e+02 1.128366360859709339e+01 4.861150629144847102e+01
2.304036764333646374e+02 1.168941900428054659e+01 4.905128107053059949e+01
2.308652634421001153e+02 1.234650721955664565e+01 4.934860193158998953e+01
2.311036207468739576e+02 1.266488657393084694e+01 4.954708658405566268e+01
2.311931634989115878e+02 1.281400262120249067e+01 4.958455177999898922e+01
2.312600986607117761e+02 1.291540828322486689e+01 4.962181335463294829e+01
2.313059809540952187e+02 1.299120490941101735e+01 4.966582480692537160e+01
2.313862347494951734e+02 1.304521630545446342e+01 4.971787648848864904e+01
2.314318526726703169e+02 1.308628481108779873e+01 4.975222661589258877e+01
2.314620628751103766e+02 1.309610813304008836e+01 4.976784020789623497e+01
2.314896428752228985e+02 1.308977337285761777e+01 4.977846789026948926e+01
2.315436002722450723e+02 1.302252546672591471e+01 4.986900849922095347e+01
2.315733863573722715e+02 1.304261197765790570e+01 4.992450711830848320e+01
2.316196117695366752e+02 1.307479314437425799e+01 4.998767359841603053e+01
2.317051338444490796e+02 1.308080166046990378e+01 5.007975205449401557e+01
2.317318824846299776e+02 1.315885949567164026e+01 5.008799928001305091e+01
2.317475658253694064e+02 1.316472513935684852e+01 5.014607972730494367e+01
2.317768625443663950e+02 1.317067065659434988e+01 5.019501746530843889e+01
2.317955507056434499e+02 1.316652960665087946e+01 5.024670690343737789e+01
2.318274742520291909e+02 1.319725842469105181e+01 5.025977691654338742e+01
2.318636400965232554e+02 1.321521197428296546e+01 5.029451853685151974e+01
2.318693077437971510e+02 1.323163105168718801e+01 5.027884194598972556e+01
2.319014979103503720e+02 1.324779250876077796e+01 5.031228533982821460e+01
2.319371260145909730e+02 1.326692053706526586e+01 5.032774030970688983e+01
2.319297213987996429e+02 1.327434315253035990e+01 5.031431930296263033e+01
2.319548545682609415e+02 1.327670110979238416e+01 5.034129856396352665e+01
2.319601149729161023e+02 1.330810604057801427e+01 5.035894386914237231e+01
2.319767230468947616e+02 1.330918377104415029e+01 5.034678846445908107e+01
2.320027910744117889e+02 1.332880454041770513e+01 5.040049836596711685e+01
2.320135897536857215e+02 1.333658039948026008e+01 5.040794123106518754e+01
2.320520348068691305e+02 1.332183304177611838e+01 5.042554266203924840e+01
2.320403935178674999e+02 1.333273634415376208e+01 5.040765211130548096e+01
2.319673114674796466e+02 1.328605644022702137e+01 5.029257119714705482e+01
2.312160725836844222e+02 1.246021903353001647e+01 4.963153880335919155e+01
2.301297090240239527e+02 1.144458744185261700e+01 4.864205061283264087e+01
2.298916014647234647e+02 1.121444361320951089e+01 4.835955923298890013e+01
2.300630719818203431e+02 1.136914068432509595e+01 4.855562742925284425e+01
2.304958325130357082e+02 1.193201973214235423e+01 4.910920627063634214e+01
2.308965288754141341e+02 1.242129136409402612e+01 4.955785826381897152e+01
2.310982095949511006e+02 1.267174107469302058e+01 4.977416371828260822e+01
2.312209448703742112e+02 1.280637525944842281e+01 4.992430912189716707e+01
2.313230165203255808e+02 1.284821550109404242e+01 4.992226840888508832e+01
2.313901890528234162e+02 1.291098598837896105e+01 4.993666252299176733e+01
2.314531091623964301e+02 1.296540125210230521e+01 4.994666921662044956e+01
2.314963173792475004e+02 1.299187652223803369e+01 4.997226137776252841e+01
2.315092467699022905e+02 1.301902565516000010e+01 4.998809771572890526e+01
2.315561494197917796e+02 1.303058369567051678e+01 5.000834397376547713e+01
2.316000967482464432e+02 1.302420506128326494e+01 5.001474510774492188e+01
2.316272987552100631e+02 1.304175024327684085e+01 5.006622529966644208e+01
2.316493517304998875e+02 1.309805434776494693e+01 5.009343630646694834e+01
2.316922190785292059e+02 1.313916222768462383e+01 5.014206017515932245e+01
2.317238861295639083e+02 1.317196100820672555e+01 5.017157739015980411e+01
2.317500644050826679e+02 1.319566995348209382e+01 5.010037180576102145e+01
2.317922623902441899e+02 1.323741794679971484e+01 5.005197630792942221e+01
2.318113217947924625e+02 1.323592509885758339e+01 5.003624346808714307e+01
2.318208706217199904e+02 1.327572125255229807e+01 4.998476777608405541e+01
2.318404261422761579e+02 1.329764598016661026e+01 5.001031381306214030e+01
2.318756751283883091e+02 1.327577075165512710e+01 5.010101304413857548e+01
2.319074648022004510e+02 1.326980948470309052e+01 5.010361737193513676e+01
2.319350144278635071e+02 1.327941793554991889e+01 5.015072701807279998e+01
2.319543922016413546e+02 1.328671455329872231e+01 5.020425917280249450e+01
2.319681664519830520e+02 1.332259690293113508e+01 5.018731697987973916e+01
2.319642492729819310e+02 1.336210281188653504e+01 5.012902278646199505e+01
2.319727788683830170e+02 1.337239187539725904e+01 5.009889583251303691e+01
2.319869074873018064e+02 1.339327262193372725e+01 5.007954730820503642e+01
2.319748949550289296e+02 1.341489585501262738e+01 5.008278049960344447e+01
2.319980886596430310e+02 1.345000534365314593e+01 5.010558721123179993e+01
2.320212913640940258e+02 1.346834476125120261e+01 5.014650834453625805e+01
2.320175496819120156e+02 1.343119793453743682e+01 5.013868973624852998e+01
2.316369533302208765e+02 1.301886703303502557e+01 4.976238405678896726e+01
2.303322143536148303e+02 1.171438905169843814e+01 4.859353361720318532e+01
2.297327093446431263e+02 1.117239187539725798e+01 4.814336852644545672e+01
2.296716027022010280e+02 1.114482987495851596e+01 4.815135025677659542e+01
2.300435164612641472e+02 1.145885330828378734e+01 4.857000354368577177e+01
2.307240301269539486e+02 1.201891315719902664e+01 4.916337403884554647e+01
2.310225850906452365e+02 1.237476895731264825e+01 4.950639494659159112e+01
2.311665071070586919e+02 1.261249064860699320e+01 4.966029778210270251e+01
2.312557168651318307e+02 1.274545648860114433e+01 4.979649343855642485e+01
2.313357726641204692e+02 1.288032804405420073e+01 4.986995235711352592e+01
2.313856137607505730e+02 1.295814175868062357e+01 4.994646672029069379e+01
2.314146191100286387e+02 1.296987192107143017e+01 4.998728548045066589e+01
2.314450790579420811e+02 1.301006519256838523e+01 5.002550666269173973e+01
2.315177099915063934e+02 1.302842710975863483e+01 5.001081217902925857e+01
2.315821533234710046e+02 1.307611049549726978e+01 4.999894476912606223e+01
2.316061671382206271e+02 1.308331261495885300e+01 4.998479927551313295e+01
2.316534151568502864e+02 1.311260595901699233e+01 5.000508940775448252e+01
2.316907813545879549e+02 1.315489844246573092e+01 5.001826741890302941e+01
2.317210163065794291e+02 1.316688172526872869e+01 5.003157480270670021e+01
2.317617833176773559e+02 1.318113296696497372e+01 5.002989183321052025e+01
2.317885600823485106e+02 1.322883660233658176e+01 5.005726033715638579e+01
2.318188287837282928e+02 1.323269753235722668e+01 5.008003554935567081e+01
2.318461736631023484e+02 1.326837401072105571e+01 5.011818248294249400e+01
2.318537807752234414e+02 1.325426001653720043e+01 5.009293569054060669e+01
2.318802661701756733e+02 1.327793521242427488e+01 5.007260393405369570e+01
2.318959888852014615e+02 1.329992518885595132e+01 5.006522856773221264e+01
2.319043103593747333e+02 1.332096793245622379e+01 5.007460189784060134e+01
2.319131099498821698e+02 1.331254183517923728e+01 5.016463964090650762e+01
2.319394265978929184e+02 1.331426980385980485e+01 5.027824120687812837e+01
2.319433629015474025e+02 1.333209510577620804e+01 5.030354649821971691e+01
2.319796536187781726e+02 1.333848498995955723e+01 5.036060433904635403e+01
2.319635934098694463e+02 1.336309841884115812e+01 5.037292174079345131e+01
2.319722771274770707e+02 1.335138625612410834e+01 5.036332341476310859e+01
2.320059230176453013e+02 1.335500644050826580e+01 5.045296291504716635e+01
2.320416579949488494e+02 1.338001586221249717e+01 5.053469605863394065e+01
2.320543623896816996e+02 1.337425821656982450e+01 5.058460465404064621e+01
2.320537054015896103e+02 1.337549906907937292e+01 5.059084491593589661e+01
2.319723592509885748e+02 1.330088929638150397e+01 5.053893385682384576e+01
2.313658264943947813e+02 1.261829891833210482e+01 4.991616876944105741e+01
2.303865182443568074e+02 1.168860451904309272e+01 4.900873659164927432e+01
2.301722265033946258e+02 1.149034711245858631e+01 4.879192827130007970e+01
2.304395745327115890e+02 1.174689871246083683e+01 4.901645620173134432e+01
2.309694995528205936e+02 1.223972640495891007e+01 4.953524954860193219e+01
2.312141173691226754e+02 1.268403147692947996e+01 4.964308559407361088e+01
2.313164657640580231e+02 1.293112199841377929e+01 4.970455335497044302e+01
2.313595671078461748e+02 1.305848543995140076e+01 4.971694275541256047e+01
2.314311101861278814e+02 1.315525506100201980e+01 4.978458327942806250e+01
2.314639629656712430e+02 1.323267053284659234e+01 4.983366051490316551e+01
2.315585692509323223e+02 1.317825189418441845e+01 4.997109702386644159e+01
2.316123556510538322e+02 1.314001833716763912e+01 5.004423082331632600e+01
2.316652668170389404e+02 1.315170462535366624e+01 5.009845259054679900e+01
2.316792098143221210e+02 1.317015429095347656e+01 5.010369387054859658e+01
2.317105483713107787e+02 1.319408710717118183e+01 5.014019045904792904e+01
2.317574667709147889e+02 1.319343461899753045e+01 5.017075503006508086e+01
2.318144233635765374e+02 1.318958606375259457e+01 5.016497150989138021e+01
2.318323724132499990e+02 1.321116654760632514e+01 5.019604457169214129e+01
2.318645434551498852e+02 1.324627603624684369e+01 5.021122729650524974e+01
2.318789600688487553e+02 1.325236667585400063e+01 5.023646508907025776e+01
2.319130492009832381e+02 1.329972494248541715e+01 5.021695006778001868e+01
2.319411421917977805e+02 1.334892592571759629e+01 5.020004274922516885e+01
2.319917448996236828e+02 1.336640585889380795e+01 5.019754866943036831e+01
2.320018854658259215e+02 1.338196995179462334e+01 5.019188552207491227e+01
2.320122431530928395e+02 1.340437842064112672e+01 5.018444940685449751e+01
2.320152479736304656e+02 1.339240076273617497e+01 5.029066323172892794e+01
2.320612123905254123e+02 1.339649118859720645e+01 5.036687610037068197e+01
2.320879835302985157e+02 1.337524032376913219e+01 5.040964670015355864e+01
2.321050595957948133e+02 1.340866796789308246e+01 5.047170282538628783e+01
2.321141426811639121e+02 1.340462929109409806e+01 5.048603844055326562e+01
2.321124574617085159e+02 1.340564289772247797e+01 5.046343647521388931e+01
2.321338253244159944e+02 1.340857459458547396e+01 5.047502039025542331e+01
2.321330569633425398e+02 1.341639882777124626e+01 5.047721860041286845e+01
2.321214786731990500e+02 1.343367063971965436e+01 5.046136763771156808e+01
2.321481328150927368e+02 1.343803218566663560e+01 5.049456241105630028e+01
2.321634516624386322e+02 1.345699821690731923e+01 5.052898453715526728e+01
2.321564025402039704e+02 1.344951935246173669e+01 5.052988002092462239e+01
2.319930026268273764e+02 1.326285373577603899e+01 5.039322649776972440e+01
2.311849590226177042e+02 1.235543280778035857e+01 4.964795563080419072e+01
2.305230288951012767e+02 1.177553281846766531e+01 4.905544012014782140e+01
2.305328792165641971e+02 1.178217919800203539e+01 4.902626152400987536e+01
2.309799494884155138e+02 1.219775791563777823e+01 4.937577918900220197e+01
2.314137776252805452e+02 1.263462012251027922e+01 4.975190599670381175e+01
2.315771010400436580e+02 1.279497696604249057e+01 4.989891720712562062e+01
2.316686822551341152e+02 1.287642098986955830e+01 4.998507152057869263e+01
2.317083276615611283e+02 1.299604007177369880e+01 5.002391144160512226e+01
2.317421332988339486e+02 1.306427795996197538e+01 5.004830212452399252e+01
2.317493410431935956e+02 1.311045724796238154e+01 5.004774750957638929e+01
2.317825301916402907e+02 1.313541267064534424e+01 5.008532407850107404e+01
2.318120069073748084e+02 1.319547420702999752e+01 5.009775847812758087e+01
2.318224343433775232e+02 1.324215748589556796e+01 5.009395042214860183e+01
2.318551768749191524e+02 1.328941675432132818e+01 5.005138456865469010e+01
2.318655615616966941e+02 1.331868084890961335e+01 5.006941349188046075e+01
2.318947469077122889e+02 1.334477362597802852e+01 5.007709035273735765e+01
2.319242494979778542e+02 1.335783801418599204e+01 5.011787761346825931e+01
2.319577525157356490e+02 1.337794702471017771e+01 5.016631923546385963e+01
2.319701430411573710e+02 1.337393422244221775e+01 5.016512450711830695e+01
2.319982810311563242e+02 1.341405324528492926e+01 5.017675904624228878e+01
2.320185689134384575e+02 1.341358300380805524e+01 5.020781410836928416e+01
2.320411877534719736e+02 1.346076014872230431e+01 5.018943869142371739e+01
2.320379961863191340e+02 1.350570533409081975e+01 5.017862763737407050e+01
2.320510391999144986e+02 1.352607758984368402e+01 5.020355043564835285e+01
2.320556583661921195e+02 1.354011846035290567e+01 5.020353918585225728e+01
2.320600435367109071e+02 1.356102845635922804e+01 5.021197765790495282e+01
2.320790838166058165e+02 1.356730584258160377e+01 5.021110129878896089e+01
2.320905991078911654e+02 1.351836922955771492e+01 5.030079479809428733e+01
2.321141865553686898e+02 1.345743808393472918e+01 5.041522097411984760e+01
2.321160720211946114e+02 1.340811672788430720e+01 5.046185137894375572e+01
2.321249784847649664e+02 1.342044875436632623e+01 5.049585726258711560e+01
2.321591778649012099e+02 1.345731883609609625e+01 5.052616871319207092e+01
2.321732592346763795e+02 1.350121216552950010e+01 5.054901592408637612e+01
2.321638634049757854e+02 1.349052710919614562e+01 5.058941394187230145e+01
2.321655654991253357e+02 1.349105134969428654e+01 5.057548444434444690e+01
2.321153025351415522e+02 1.343742582165698174e+01 5.053502567765958986e+01
2.316076689859996236e+02 1.285568649068235558e+01 5.007796108695529824e+01
2.308012059781416383e+02 1.201525359852852581e+01 4.927140583076931790e+01
2.306321417924300192e+02 1.184875999122515822e+01 4.906054415263723456e+01
2.308942226672141658e+02 1.212354301078292984e+01 4.929030548821302915e+01
2.313068618131296432e+02 1.258338742610290240e+01 4.962485754945691951e+01
2.315725887468289557e+02 1.286087827158132768e+01 4.983398000911233794e+01
2.316380445604423528e+02 1.302314870542971370e+01 4.999152215366096641e+01
2.316652724419369918e+02 1.315495919136465730e+01 5.009811622164347966e+01
2.317010344187511635e+02 1.323715132663220473e+01 5.016363390913539888e+01
2.317349638037810564e+02 1.330432610908927238e+01 5.019542808286599467e+01
2.317496166631979690e+02 1.335502781512085058e+01 5.021208003104943884e+01
2.318216716072021200e+02 1.334309515640028998e+01 5.020869384242410405e+01
2.318469600238495616e+02 1.332540710199627654e+01 5.020163234541374209e+01
2.318988429584713913e+02 1.329663799843627814e+01 5.020418042422981131e+01
2.319124462119123962e+02 1.333923422637964684e+01 5.019292725319353821e+01
2.319472249565476716e+02 1.337906637942187338e+01 5.031326294710908087e+01
2.319839949150921541e+02 1.341199678255831529e+01 5.043086494057295255e+01
2.320301787030110177e+02 1.343497674104656880e+01 5.051203446937524433e+01
2.320642880847784681e+02 1.345074445525674811e+01 5.055327397190925609e+01
2.320876797858038856e+02 1.347452989914557797e+01 5.056696947367829154e+01
2.320870227977117963e+02 1.349214707983417760e+01 5.055275198137033499e+01
2.320932079356061593e+02 1.350333275209386841e+01 5.046648179501746512e+01
2.320899409948194716e+02 1.351833885510825084e+01 5.039841040381143245e+01
2.320938660486778815e+02 1.352148429809709640e+01 5.037168651318194890e+01
2.321228230238326944e+02 1.353879660931145601e+01 5.038208357473520493e+01
2.321371890134491309e+02 1.355278010586058102e+01 5.039041854866380277e+01
2.321516101270664478e+02 1.353704389107947392e+01 5.039993812612146229e+01
2.321855350121778940e+02 1.351988457709204106e+01 5.047380541227690287e+01
2.322234783244553569e+02 1.352727681810767102e+01 5.050542746412721584e+01
2.322332003982427864e+02 1.354312553084975335e+01 5.054753770087916820e+01
2.322352051119073337e+02 1.353552966852475770e+01 5.054324702864760610e+01
2.322606476507613422e+02 1.352373875723502472e+01 5.054149093547679428e+01
2.322872185441638919e+02 1.356460139159977807e+01 5.054012858516939133e+01
2.323250583583172499e+02 1.356194081482273184e+01 5.058639899651819150e+01
2.322984975897311983e+02 1.353616078208582429e+01 5.056355741052193764e+01
2.319557894263166418e+02 1.316535287797908715e+01 5.024562242309357885e+01
2.308241060630776076e+02 1.195812713394569649e+01 4.921310938739235041e+01
2.303130075767376752e+02 1.149687424415432524e+01 4.876357878513451993e+01
2.303819497021616485e+02 1.156107908044166699e+01 4.881332200853859860e+01
2.308865829306843693e+02 1.201763743032157628e+01 4.930153503467749943e+01
2.313523278640574574e+02 1.248801390474797657e+01 4.974292078456078059e+01
2.315363261540884707e+02 1.281798392404137665e+01 4.997681529522277089e+01
2.316108718029485658e+02 1.299820790748167632e+01 5.006836276092495552e+01
2.316739572845242208e+02 1.311300645175806245e+01 5.017163026420146110e+01
2.317497977849151596e+02 1.319539095853887645e+01 5.026969136184406750e+01
2.317670189727811305e+02 1.325963854405138953e+01 5.030158003386188881e+01
2.318267160157722060e+02 1.327227094008921071e+01 5.030694393664114727e+01
2.318977438533926545e+02 1.330724430619694942e+01 5.035273285671696897e+01
2.319284130475135157e+02 1.330081954764569829e+01 5.038752847604636997e+01
2.319589303693870477e+02 1.334780319606707089e+01 5.039076391740399430e+01
2.319995781326463486e+02 1.338467215281723099e+01 5.036478363829655791e+01
2.320473987658973556e+02 1.342833148649180686e+01 5.035298372716994209e+01
2.321102086274686371e+02 1.345567186594742992e+01 5.040840247270518404e+01
2.321305313841186546e+02 1.350128528920413373e+01 5.041713456443601871e+01
2.321430299075829282e+02 1.352307276930605617e+01 5.042826286273561465e+01
2.321620611876409725e+02 1.353801587346229418e+01 5.045380102485642482e+01
2.321847576512675744e+02 1.352735556668035422e+01 5.044711077111727349e+01
2.322042287983530287e+02 1.348364335896411959e+01 5.042872635433482742e+01
2.322159128365798324e+02 1.351721612545772544e+01 5.039805378527514534e+01
2.322287207294367875e+02 1.354072144942372979e+01 5.043509036398715040e+01
2.322497589731186167e+02 1.353662989858308840e+01 5.044468869001749312e+01
2.322599096641373251e+02 1.352539810215939831e+01 5.048512945702859156e+01
2.322753972584247038e+02 1.354825318791096933e+01 5.054834993615740757e+01
2.322973107362429062e+02 1.356578149521040011e+01 5.055195774576586132e+01
2.322946861588133629e+02 1.355729914895292509e+01 5.055774351589877114e+01
2.323048492246078069e+02 1.354995190712168274e+01 5.058558563626034044e+01
2.323208351848622613e+02 1.356373965721871322e+01 5.058324230373324326e+01
2.323152339113853486e+02 1.356980667225406556e+01 5.062919659581169896e+01
2.323237646317660392e+02 1.359115316034896814e+01 5.064289659749916694e+01
2.323413199385761061e+02 1.360773198485777513e+01 5.062764974884829883e+01
2.323643628959225111e+02 1.360975244823687547e+01 5.065306528819164811e+01
2.323099217576681497e+02 1.353045263554598066e+01 5.055244148699804896e+01
2.317163093918922812e+02 1.283501161541447111e+01 4.994873580416354741e+01
2.307834133006339243e+02 1.185917505245217463e+01 4.905646610155191212e+01
2.305600452241802998e+02 1.171148322936646835e+01 4.888123702757887656e+01
2.307352405487650628e+02 1.198198120159072033e+01 4.914197805164781130e+01
2.312146393596616178e+02 1.249552539360224124e+01 4.962808399097766454e+01
2.314965581248839896e+02 1.286729853021413916e+01 4.992627558625500228e+01
2.316484236223218431e+02 1.305287741659682332e+01 5.007901856778845939e+01
2.317187314729920615e+02 1.312534522811774096e+01 5.016162469555239056e+01
2.317852987664598459e+02 1.320405667647273873e+01 5.021501172791243306e+01
2.318620156259667908e+02 1.327235643853955160e+01 5.025383927416315544e+01
2.319075109263644663e+02 1.333268122015288526e+01 5.032934453063037950e+01
2.319527249818597170e+02 1.337273161923940101e+01 5.034896754996315593e+01
2.319541154566573482e+02 1.342580815722715037e+01 5.035268673255297500e+01
2.319978895382521102e+02 1.341261327138445658e+01 5.040074473650165032e+01
2.320404745163993994e+02 1.344478993818237100e+01 5.046591930521259428e+01
2.320663220479128768e+02 1.348329461528509832e+01 5.042552691232471318e+01
2.320997496920368235e+02 1.349197383297427777e+01 5.050036843082219207e+01
2.321389147321704911e+02 1.353990471422705433e+01 5.054492437324573473e+01
2.321652133805074811e+02 1.358305555711802803e+01 5.055936236155719854e+01
2.321900135560042884e+02 1.355908786653241904e+01 5.060978844758438555e+01
2.322187410353187431e+02 1.357308036291842157e+01 5.065889380754973814e+01
2.322319820453254238e+02 1.360722911897221898e+01 5.071141798054910055e+01
2.322531957858263922e+02 1.362892772568497257e+01 5.072601796592437040e+01
2.322719413210635651e+02 1.364576079558558064e+01 5.078360454716758454e+01
2.323024665177943575e+02 1.364449856846344744e+01 5.088678542701413221e+01
2.323327419690518241e+02 1.366178275518756280e+01 5.096999454384889106e+01
2.323385592386138114e+02 1.368651993182623627e+01 5.101116879756554567e+01
2.323503973990471536e+02 1.369280744286509766e+01 5.100439304537605523e+01
2.323582272571309773e+02 1.372736456651723103e+01 5.103767894206917788e+01
2.324031881922140030e+02 1.370916802132961365e+01 5.096836219843515181e+01
2.324509379517496370e+02 1.366780139609969602e+01 5.092595384208661358e+01
2.324726286836051088e+02 1.368083428487858733e+01 5.088860564402270370e+01
2.324776325929092593e+02 1.369050460960395021e+01 5.090402123961503378e+01
2.325035217486683052e+02 1.365327565937867327e+01 5.096956480163797210e+01
2.325196269567614138e+02 1.364387870469847819e+01 5.099948025942029517e+01
2.325184142287421025e+02 1.365121019681518355e+01 5.100092248327999300e+01
2.324617760053099005e+02 1.359683430737817922e+01 5.095521568671567536e+01
2.319079575432695322e+02 1.298253019164027577e+01 5.045493162936421783e+01
2.310369938294868462e+02 1.210071717450121298e+01 4.960088198401403758e+01
2.308435187112233677e+02 1.194038508052041614e+01 4.936975154825319123e+01
2.311064500705924729e+02 1.223053194660846721e+01 4.960874559148615504e+01
2.316003307440052765e+02 1.274631822298220918e+01 5.003121143429275008e+01
2.318630101079417898e+02 1.302724700614801279e+01 5.025356365415876780e+01
2.319747262080874748e+02 1.314168443196967040e+01 5.035217711678976116e+01
2.320015277223100441e+02 1.330491784836399916e+01 5.040521315551155368e+01
2.320260466529044265e+02 1.339150865390564782e+01 5.041652932540597476e+01
2.320275215011727994e+02 1.348184451656813643e+01 5.045139694343040304e+01
2.320541835179237466e+02 1.352080368543320077e+01 5.046114039183039779e+01
2.320537155264060800e+02 1.353971459267300759e+01 5.046699028580106727e+01
2.321022628964850014e+02 1.345784757651267505e+01 5.049994881342775699e+01
2.321520488691142532e+02 1.342728413047513492e+01 5.055182274821268607e+01
2.321894420663625453e+02 1.341541222065350070e+01 5.062179535495918969e+01
2.322047226644017144e+02 1.342930234389501720e+01 5.062529066660666643e+01
2.322296612123905390e+02 1.349979694118044193e+01 5.058662511741975010e+01
2.322729571776511648e+02 1.356407602612202723e+01 5.057485108082416048e+01
2.322775335947035842e+02 1.357760165596998547e+01 5.056946917837114341e+01
2.322825487538038374e+02 1.359446960023849549e+01 5.054339102603765355e+01
2.322758809996568914e+02 1.358842058487689997e+01 5.055208711842097813e+01
2.322833801137354328e+02 1.361366962723800711e+01 5.056813720251320632e+01
2.323082444130700139e+02 1.366798926769452294e+01 5.061762055562743257e+01
2.323503962740675206e+02 1.372533285334203335e+01 5.067545913230322441e+01
2.324113116699759871e+02 1.371832760531215456e+01 5.078418278668699060e+01
2.323971594264853877e+02 1.376883018995280672e+01 5.079096753871336034e+01
2.324351702375394382e+02 1.378115321659795001e+01 5.074452050556583771e+01
2.324404542667664089e+02 1.379497359110366084e+01 5.066375821938227375e+01
2.324498804709164688e+02 1.382828086240936827e+01 5.063944178511764704e+01
2.324705958454503048e+02 1.385525112357338529e+01 5.062607927731309587e+01
2.324775088451521867e+02 1.385333753325720885e+01 5.059710880240295694e+01
2.324948121565296617e+02 1.386672029069473133e+01 5.061711093986421162e+01
2.325173724976234837e+02 1.382903684870711736e+01 5.078843633459143803e+01
2.325346600592864377e+02 1.378241544372008320e+01 5.091576152682232959e+01
2.325516112520460581e+02 1.376631811048424758e+01 5.097894713158324009e+01
2.325072488061153990e+02 1.374449013111637363e+01 5.098289018511539439e+01
2.323517462495992163e+02 1.355253036038721781e+01 5.081138479365061755e+01
2.317321378550013833e+02 1.293391982270321350e+01 5.026907824795675594e+01
2.315182736062908759e+02 1.268495283522986128e+01 5.007070721843166439e+01
2.317312187466602040e+02 1.292084193473993281e+01 5.031008937962999283e+01
2.320597982911559711e+02 1.328090178365517104e+01 5.061554046832900866e+01
2.322041477998211292e+02 1.343648646368284538e+01 5.073324933485580601e+01
2.322294857155713999e+02 1.356179344249385466e+01 5.072449249357355683e+01
2.322490738605362708e+02 1.364722214409863810e+01 5.075668153514717318e+01
2.322560487341166890e+02 1.371991720150072247e+01 5.071973157986511183e+01
2.322734645434551624e+02 1.374559036117470434e+01 5.072462299120828533e+01
2.323104099988187841e+02 1.369410904427357245e+01 5.078983468424635106e+01
2.323557601768467862e+02 1.368876989104572495e+01 5.085612298277093402e+01
2.323849567726584837e+02 1.368886888925138301e+01 5.084205398777147167e+01
2.324112160467091428e+02 1.370584595654203852e+01 5.087485726821201126e+01
2.324566607230243847e+02 1.372640608388972971e+01 5.090931089374004870e+01
2.324732159229614012e+02 1.376146044852936967e+01 5.094016120957807914e+01
2.325107553675589713e+02 1.378479477559469224e+01 5.087574037720566622e+01
2.325241921240177589e+02 1.379545733233585203e+01 5.084022477092602799e+01
2.325621241864991191e+02 1.380989869558614203e+01 5.084727164320146642e+01
2.325974890455110540e+02 1.383887592037394398e+01 5.089619700642926148e+01
2.325822286971048527e+02 1.383566522856773240e+01 5.085310466247799610e+01
2.325940218583538126e+02 1.384361995938823675e+01 5.078714710795866694e+01
2.325995848825239989e+02 1.387118758472502655e+01 5.080048599119140817e+01
2.326161209578076523e+02 1.387535338421991149e+01 5.078018235919473966e+01
2.326111789223820381e+02 1.387198182032950733e+01 5.076368678317705729e+01
2.326284631091061499e+02 1.388771916009022256e+01 5.074378476890106526e+01
2.326206636254717921e+02 1.392257102840011029e+01 5.079252113555441639e+01
2.326276632486036249e+02 1.393171148772928447e+01 5.080518503102130978e+01
2.326303913241572445e+02 1.392411675038389873e+01 5.083625246792401953e+01
2.326570285913567773e+02 1.396782220822247567e+01 5.083656858719435689e+01
2.326920514565673557e+02 1.399002030588195566e+01 5.095209274331902805e+01
2.327064241960614481e+02 1.397522007413615697e+01 5.095707302805136862e+01
2.327081319151090497e+02 1.396432239665656105e+01 5.098313318071109990e+01
2.326650024468306412e+02 1.390435873349795592e+01 5.094825431289057605e+01
2.323682350757392499e+02 1.355836337966374394e+01 5.061220827872494965e+01
2.317579898864333074e+02 1.288555132438224504e+01 5.010556583661921337e+01
2.316299818315793004e+02 1.272465111569852780e+01 5.000730111766723951e+01
2.318735691665588661e+02 1.301777355285435434e+01 5.022987833345520414e+01
2.321631681675769698e+02 1.333279709305268845e+01 5.050351274883142594e+01
2.323018331542740782e+02 1.349761335575792742e+01 5.061593083625358958e+01
2.323555768051704149e+02 1.355035577480158260e+01 5.068496745996478836e+01
2.323738284743589020e+02 1.362707600924733242e+01 5.062093812049656805e+01
2.323947047209769323e+02 1.368620493753550704e+01 5.064002227459627647e+01
2.324170085667197156e+02 1.371251146072977356e+01 5.067796783683295558e+01
2.324172223128455812e+02 1.373651627564250433e+01 5.064547167582587406e+01
2.324479860052536537e+02 1.373937147389203517e+01 5.070257901575534021e+01
