2.287852098930706859e+02 1.275242798724273108e+01 4.811765486750552867e+01
2.288638133433831570e+02 1.279206889375130096e+01 4.817738565988491217e+01
2.288827838745422696e+02 1.280946782839560960e+01 4.819822140723699277e+01
2.291052620921245762e+02 1.302711875847250234e+01 4.845386064877573773e+01
2.293370821403862010e+02 1.323935628666730402e+01 4.855925436351466118e+01
2.294833654890005050e+02 1.335541818304543149e+01 4.849914332802718064e+01
2.296538516489388542e+02 1.347239018792784293e+01 4.839589157446521028e+01
2.297541098317593082e+02 1.353830611820160712e+01 4.842105286841675849e+01
2.298226503394625979e+02 1.353772000382492990e+01 4.844779588369960521e+01
2.297843301590158660e+02 1.346767314842418450e+01 4.842155798426153268e+01
2.292317491745462235e+02 1.290983625921780131e+01 4.797222762837423460e+01
2.282864580579476979e+02 1.202625364915260953e+01 4.721361000331869207e+01
2.280699366073990006e+02 1.179546520719311964e+01 4.699769154184080122e+01
2.283546340722574541e+02 1.205230817691429301e+01 4.724018089672124887e+01
2.288852228303362040e+02 1.254419651143822989e+01 4.773596053571529296e+01
2.291666466045302855e+02 1.283359076616736338e+01 4.799840702887259880e+01
2.292916228393360427e+02 1.295047277268099428e+01 4.803030357574768772e+01
2.293557905512962520e+02 1.302286183562922872e+01 4.810726230587070518e+01
2.293844336571399651e+02 1.306590468047766684e+01 4.817848701492285102e+01
2.294164415769964194e+02 1.313981696581749503e+01 4.823838767922331527e+01
2.294270861340638135e+02 1.318155820925745658e+01 4.828173876848482138e+01
2.294343456274854987e+02 1.323694208042479303e+01 4.829009511702600577e+01
2.294736332903966058e+02 1.322373369482678207e+01 4.835715627654249005e+01
2.295112503585872616e+02 1.323087506538944069e+01 4.839599507258930799e+01
2.295290812854017020e+02 1.325695884262097834e+01 4.843762044312946813e+01
2.295404627041134802e+02 1.327227319004843054e+01 4.845722996270692562e+01
2.295541784555154834e+02 1.328962037563069210e+01 4.846475832625533542e+01
2.296065653810024685e+02 1.333158211507416446e+01 4.849625100545052447e+01
2.296139834965491389e+02 1.342842035988097749e+01 4.833241122504654896e+01
2.295974417963674341e+02 1.354210742430293379e+01 4.820966919974575404e+01
2.296077252349801086e+02 1.360985144644253353e+01 4.811428330361512451e+01
2.296329574026470652e+02 1.364487881157154092e+01 4.809396617186313705e+01
2.296445604423419695e+02 1.365871831073061848e+01 4.802160748336436313e+01
2.296527469189620945e+02 1.363166592605509031e+01 4.808067903769244111e+01
2.296949235295110157e+02 1.363168842564728500e+01 4.814050882827748978e+01
2.297123472137067495e+02 1.362127786433870824e+01 4.816049071610576959e+01
2.297250572333376510e+02 1.363293152811605324e+01 4.820541790180052999e+01
2.297351831748049449e+02 1.363388438584550677e+01 4.819221514110056859e+01
2.297397044678565123e+02 1.360201033856261432e+01 4.827060934520562085e+01
2.297580472603933970e+02 1.358070097479483174e+01 4.834859743167154988e+01
2.297750119529083577e+02 1.356758483752481936e+01 4.841203278190582893e+01
2.297830173078112921e+02 1.360084485968691759e+01 4.840640450891827840e+01
2.298083878479702662e+02 1.359891664463581584e+01 4.844739539095854042e+01
2.298180041736743533e+02 1.360583864417457356e+01 4.850917814614609824e+01
2.298389681687019390e+02 1.362464830324950427e+01 4.852687857532582427e+01
2.298236324466619180e+02 1.358552151242258788e+01 4.854737007891731793e+01
2.297120097198238398e+02 1.348638943419150493e+01 4.844292922190785333e+01
2.290252074181155422e+02 1.270254189142821843e+01 4.780618963781281394e+01
2.282246336785145786e+02 1.195910361624695639e+01 4.707936618648786720e+01
2.281274759394985949e+02 1.185718383854292668e+01 4.695867049909720237e+01
2.285061463260978485e+02 1.222556628661105549e+01 4.727090858978181132e+01
2.290127595187337306e+02 1.272863466849663361e+01 4.771650288838515053e+01
2.292394732845467047e+02 1.297099577570156548e+01 4.791502466517794545e+01
2.292984942147923562e+02 1.313300296432127112e+01 4.801544484506218424e+01
2.293250729830521948e+02 1.323169855046377208e+01 4.811388618581288057e+01
2.293537487133045829e+02 1.329112222340970106e+01 4.819290475360133996e+01
2.293468267137658074e+02 1.333766600480366371e+01 4.823042282358632349e+01
2.293811813410881939e+02 1.339748679555183131e+01 4.823223179079879230e+01
2.294289626000528699e+02 1.335098576338303822e+01 4.821043193592116438e+01
2.294916622136223907e+02 1.332013882248384284e+01 4.823910879115315709e+01
2.295436317716741428e+02 1.330746480220046024e+01 4.822101911902846894e+01
2.295637981561584127e+02 1.335232673907785461e+01 4.827352866729290781e+01
2.295940972319876607e+02 1.342292933440581315e+01 4.826711178359892074e+01
2.296163234541373868e+02 1.349393017251562377e+01 4.826835488606769076e+01
2.296387217981674098e+02 1.353036713709563976e+01 4.824933935572417454e+01
2.296621697481733122e+02 1.354984390907914715e+01 4.825049695974260544e+01
2.296855659491171764e+02 1.358077859838790502e+01 4.824283359864102749e+01
2.297081870391099301e+02 1.359445610048317832e+01 4.826546368847064628e+01
2.297084637840939081e+02 1.361100230058330141e+01 4.823447950005905938e+01
2.296993087000298033e+02 1.365967791833772971e+01 4.816112745456488398e+01
2.297037962436930911e+02 1.364602516579386915e+01 4.819585782507692073e+01
2.297122763399913481e+02 1.366285598573525917e+01 4.818360342218797143e+01
2.297446723778131457e+02 1.371440930133141300e+01 4.819425247917381228e+01
2.297689370630157271e+02 1.366965086257811635e+01 4.831529466028428033e+01
2.297991517653742619e+02 1.366450858078197328e+01 4.838626624892423678e+01
2.298237483195617017e+02 1.366694753657589878e+01 4.840549890033243230e+01
2.298408176351803718e+02 1.366373796974929888e+01 4.843092231453304919e+01
2.298438798296780874e+02 1.368622181222965395e+01 4.846513631940420908e+01
2.298757336273280032e+02 1.367654473762662981e+01 4.844238023185829434e+01
2.298839999775003946e+02 1.368504958347629952e+01 4.844974659834290520e+01
2.298745298991455854e+02 1.367463114731045515e+01 4.842284496093508039e+01
2.296522643027095114e+02 1.338383179304875092e+01 4.824226323397888194e+01
2.286946287848532791e+02 1.235729239907526633e+01 4.738450565583498530e+01
2.281664936073033800e+02 1.187740534702808581e+01 4.690147878569700879e+01
2.282536142782412014e+02 1.198915069664362321e+01 4.699774666584168159e+01
2.287510892615071327e+02 1.248737491632964236e+01 4.743160742711538091e+01
2.291347140583076794e+02 1.289326305960704389e+01 4.775125575848937842e+01
2.292580905721083866e+02 1.311626889262632112e+01 4.793575353946710038e+01
2.293415775589067493e+02 1.329143721770042852e+01 4.804194598972893715e+01
2.293645518924969622e+02 1.337193400869609228e+01 4.807804546042603278e+01
2.294001822466967724e+02 1.340641463373476405e+01 4.812870216727321804e+01
2.294235109488640489e+02 1.347821533234710145e+01 4.817407596987304430e+01
2.294768676067746185e+02 1.345521399924626316e+01 4.814990690793729300e+01
2.295442977596030971e+02 1.344318346729965441e+01 4.816341678807071958e+01
2.295819339524471161e+02 1.344008864839324779e+01 4.814368014579735444e+01
2.296070119979075344e+02 1.344701739780966498e+01 4.815427857870076167e+01
2.296408333848949042e+02 1.349345205618148213e+01 4.821241190003431143e+01
2.296988474583898210e+02 1.345821319488584322e+01 4.824766651104448556e+01
2.297404525792969991e+02 1.342765424876674096e+01 4.827244081201028081e+01
2.298026797014304066e+02 1.344206861250639840e+01 4.831516978754760316e+01
2.298167250718580590e+02 1.347320242320607875e+01 4.831646351409880680e+01
2.298484022477092594e+02 1.348861126892075113e+01 4.832722169410679669e+01
2.298506342072549842e+02 1.350358474752645144e+01 4.836493101062543332e+01
2.298532689095010255e+02 1.352911053487155613e+01 4.842013151011637717e+01
2.298630303575747575e+02 1.353650390086679600e+01 4.846187387853595396e+01
2.298862555616179577e+02 1.358977281036781193e+01 4.849590901164916090e+01
2.298828952475236349e+02 1.361850366462107864e+01 4.854466787789471027e+01
2.299207789358817990e+02 1.363338939481721823e+01 4.855626191775274236e+01
2.299338759484984394e+02 1.363442662601740274e+01 4.856101720656312892e+01
2.299430310325625442e+02 1.362118899094953939e+01 4.856665560436717044e+01
2.299538578363267050e+02 1.365535349671787202e+01 4.858232094543286195e+01
2.299811869659862396e+02 1.366668654130643823e+01 4.859786028878226460e+01
2.300033501892778247e+02 1.367533763450537521e+01 4.861739443472587396e+01
2.300221587233731384e+02 1.373535979660368689e+01 4.859924626366147038e+01
2.300403856430102110e+02 1.376825195043339889e+01 4.862379219376649075e+01
2.300152333488955492e+02 1.376085970941776715e+01 4.862282358632249668e+01
2.298961520072448650e+02 1.361586446245661719e+01 4.850621832479286155e+01
2.289836990454548129e+02 1.259449322481030009e+01 4.779801103604997081e+01
2.280903864867449329e+02 1.177423459199802025e+01 4.711533628452984601e+01
2.279612287027297555e+02 1.167794983715920232e+01 4.700378330642757163e+01
2.283647116396015235e+02 1.194839156040296757e+01 4.735626079277312783e+01
2.288464627828620621e+02 1.248217526057340265e+01 4.779626619267525456e+01
2.291331008375473175e+02 1.292875729127409556e+01 4.797570944026639239e+01
2.292324781613333187e+02 1.316451814310865664e+01 4.806033040651138322e+01
2.292928299424573026e+02 1.330468272762556126e+01 4.809774160343344107e+01
2.293315652403800300e+02 1.341482273133799374e+01 4.813970446785651802e+01
2.293770065417564297e+02 1.348601481598146101e+01 4.818065710059005369e+01
2.294518356854781871e+02 1.342640777135914476e+01 4.818432453411782035e+01
2.295357715391408533e+02 1.338223769694174337e+01 4.819543370776404601e+01
2.295925560099223333e+02 1.338133996321316666e+01 4.817479033192523730e+01
2.296419111153610402e+02 1.342684201348850515e+01 4.820547077584218698e+01
2.296824587554350501e+02 1.346314960541340255e+01 4.822423543573273008e+01
2.297049020986494554e+02 1.347633774137843687e+01 4.824751913871561015e+01
2.297083715357659059e+02 1.346490794854343243e+01 4.832693819924514145e+01
2.297599698505464687e+02 1.347576175181824887e+01 4.838040173021863666e+01
2.297841535372171506e+02 1.347107058684561309e+01 4.842099999437510149e+01
2.298179209251832447e+02 1.348788790703168416e+01 4.848684392595384196e+01
2.298312440587014294e+02 1.351555565555374372e+01 4.851377706279073720e+01
2.298665031696300503e+02 1.346577980774098471e+01 4.853339108228663434e+01
2.298975739814715951e+02 1.345420601751593281e+01 4.851584927523188639e+01
2.299250324837862252e+02 1.344687452539922745e+01 4.852824880049048772e+01
2.299399182139823665e+02 1.348539382723688185e+01 4.854625409914445555e+01
2.299701520409942646e+02 1.350355662303620718e+01 4.856186656616849007e+01
2.299844887811408398e+02 1.355595592329889065e+01 4.854099819440772734e+01
2.299818034548123933e+02 1.356983367176469990e+01 4.853049650975076190e+01
2.299853145161743839e+02 1.360477103852492675e+01 4.854835893599428687e+01
2.300048149127296995e+02 1.361327700935420459e+01 4.854314353052350839e+01
2.300110304250735567e+02 1.363801531097248798e+01 4.854515049414729333e+01
2.300260455279247935e+02 1.363076144244885590e+01 4.857666342297545725e+01
2.300177308036291777e+02 1.364759788728829371e+01 4.861670369724549090e+01
2.300266518919344492e+02 1.368528245425551582e+01 4.863073781787704775e+01
2.300509998256281676e+02 1.368825802532329128e+01 4.863677333348333320e+01
2.300669576613923937e+02 1.370224827175007398e+01 4.867518576225806015e+01
2.300204847537138448e+02 1.368298862083124767e+01 4.861713231447679817e+01
2.296911717225125358e+02 1.332745343990640130e+01 4.825346015603467009e+01
2.285476456989217127e+02 1.215020727749309515e+01 4.731758286881050424e+01
2.280194868968000037e+02 1.169870346099976999e+01 4.686219224776550618e+01
2.280708624656178074e+02 1.182366057115214808e+01 4.692910490997350337e+01
2.285122133411331902e+02 1.238709873383544924e+01 4.733859861290014237e+01
2.290066126301460656e+02 1.290352512360713533e+01 4.780560914833418451e+01
2.292378555638678961e+02 1.314924654490637401e+01 4.798967718710098040e+01
2.293453968646818169e+02 1.327435777726528698e+01 4.805802869822984746e+01
2.294087534663434269e+02 1.334403113943559838e+01 4.811401893340683245e+01
2.294792750631394824e+02 1.338262918984593419e+01 4.815831950545896234e+01
2.295263869592363619e+02 1.342044875436632623e+01 4.823553810587183222e+01
2.295758433128399645e+02 1.344763276165619459e+01 4.821185053520905228e+01
2.296026617017566593e+02 1.346697678604575366e+01 4.824473706414071472e+01
2.296187567850332698e+02 1.349206045640422680e+01 4.826142388669205019e+01
2.296673367795208662e+02 1.349824446931899402e+01 4.829581901328038640e+01
2.297042507354554175e+02 1.351267008285474880e+01 4.830166553231222792e+01
2.297373847599012322e+02 1.356110495497269142e+01 4.832881241527497451e+01
2.297532942215422338e+02 1.357245487425540453e+01 4.834651284445469344e+01
2.297943188529708038e+02 1.358370017043441003e+01 4.841733481080655110e+01
2.298154482200010023e+02 1.357237050078467355e+01 4.845083107868669714e+01
2.298601110354874777e+02 1.358951743999640094e+01 4.848517895613142059e+01
2.298644489568626454e+02 1.362352219866014913e+01 4.850258689061260498e+01
2.298739314099931903e+02 1.364447381891203293e+01 4.851908021667107107e+01
2.298744804000427564e+02 1.364472243940578622e+01 4.854582210697431321e+01
2.299489090510234632e+02 1.366154425951029694e+01 4.855533605953392140e+01
2.300003824930673204e+02 1.369587976217931136e+01 4.858561488573019460e+01
2.300180379230626500e+02 1.368000179996737486e+01 4.854697521107429736e+01
2.300215546093226919e+02 1.371342944409132514e+01 4.863532435974597945e+01
2.300554682446380639e+02 1.373562866673041505e+01 4.861866566168487935e+01
2.300671399080891604e+02 1.373824874424150977e+01 4.861391937271137209e+01
2.300865300566427152e+02 1.373041101130042030e+01 4.864820087635911250e+01
2.301080891658838823e+02 1.376330204015052239e+01 4.863949128422047608e+01
2.301051878434703326e+02 1.377872438562051016e+01 4.865882293383432255e+01
2.301326969698674247e+02 1.377748690804979148e+01 4.865609935819913545e+01
2.301328263425225487e+02 1.381950939639219023e+01 4.868712629583588836e+01
2.301517574993953303e+02 1.384753938834858644e+01 4.869167796333691456e+01
2.301364229023348855e+02 1.385207080621663778e+01 4.871961795692453023e+01
2.300481041281126693e+02 1.375244823687570594e+01 4.863031257558456844e+01
2.293126903324877333e+02 1.294983153430344025e+01 4.796591424280435234e+01
2.284469262744612763e+02 1.206179850490209837e+01 4.725422401718968501e+01
2.283343653146286840e+02 1.194595822950708985e+01 4.716243918078984620e+01
2.287181386087377177e+02 1.232275889999493756e+01 4.752296252130430076e+01
2.292503833368020310e+02 1.283104268735129239e+01 4.802517591868647173e+01
2.295001411849410147e+02 1.309763360539090193e+01 4.825138231869547667e+01
2.295748488308649371e+02 1.325249267357029126e+01 4.832784718276981550e+01
2.296124996484438725e+02 1.337116902256146567e+01 4.835657241212503266e+01
2.296543207654361254e+02 1.346891512591334283e+01 4.837863101231290130e+01
2.296778350892390108e+02 1.350443635709102708e+01 4.841681394524724169e+01
2.296819446397533966e+02 1.356523925503850236e+01 4.839636969079935369e+01
2.297568469071498214e+02 1.356808882838998542e+01 4.839421760480590962e+01
2.297873552291864598e+02 1.361745293366557696e+01 4.839328162177060477e+01
2.298159645856418933e+02 1.363358289131009471e+01 4.840397680292044669e+01
2.298524566742227933e+02 1.366050252839167278e+01 4.842603540310831534e+01
2.298703168505070948e+02 1.367747172082506069e+01 4.843990077679841733e+01
2.299044633566016671e+02 1.372903178629887400e+01 4.844111800473616114e+01
2.299358480377543117e+02 1.377610993300746500e+01 4.844601054105894633e+01
2.299771100398805288e+02 1.380134435063364506e+01 4.844383370551408774e+01
2.299902801761718081e+02 1.383185379764991829e+01 4.843373363857779879e+01
2.299915019040279844e+02 1.383101906277948778e+01 4.844244660565527028e+01
2.300022533341583255e+02 1.384214061120142247e+01 4.848818940156709800e+01
2.300296904618603833e+02 1.383664508580782027e+01 4.852728131802611244e+01
2.300431002188085472e+02 1.385635922848898360e+01 4.856116682885122771e+01
2.300440935758039416e+02 1.388661555509306389e+01 4.855169787547600890e+01
2.300701998526276668e+02 1.387828958100134358e+01 4.859529646025166016e+01
2.301113403569560205e+02 1.387525438601425343e+01 4.864207311242483911e+01
2.301404503293377672e+02 1.387155207811858482e+01 4.867977905400464778e+01
2.301543820768248452e+02 1.387213481755643230e+01 4.869426879137815689e+01
2.301688043154217951e+02 1.390413486255561537e+01 4.867597212300527332e+01
2.301848926488207496e+02 1.389920182696688578e+01 4.868045404177049562e+01
2.302089818372041918e+02 1.389082185385389856e+01 4.872460499153452673e+01
2.302439214539236616e+02 1.388807577862651321e+01 4.875089014011621202e+01
2.302696587374353783e+02 1.387715335159550278e+01 4.874322452905541070e+01
2.302841046006041097e+02 1.386193575241448706e+01 4.877755778176520352e+01
2.302788284462343995e+02 1.393053363407788225e+01 4.873301758905619607e+01
2.302686935049302122e+02 1.395408283224866608e+01 4.869174546211350219e+01
2.301504277734966024e+02 1.385370652656920676e+01 4.855755226936511804e+01
2.293916492763568726e+02 1.304439619531896000e+01 4.789574701458536055e+01
2.286036539337724491e+02 1.225401814592110483e+01 4.717563406663254000e+01
2.284978833508642708e+02 1.213735551043137306e+01 4.706377621905603093e+01
2.288348046191662775e+02 1.250455335497044196e+01 4.750665031696300389e+01
2.293204301922027639e+02 1.301017206563131090e+01 4.798919457084840445e+01
2.295633796637436035e+02 1.325892868191763974e+01 4.820460454154268604e+01
2.296563614784481899e+02 1.332854354514824458e+01 4.832060793898110518e+01
2.297258975931061116e+02 1.342172448124377659e+01 4.828464121587796143e+01
2.297886703303502713e+02 1.348143389901058065e+01 4.830082404756413439e+01
2.298370872027944358e+02 1.355787738847233470e+01 4.824396420314882050e+01
2.298761521197428408e+02 1.357257074715520773e+01 4.823650671331581918e+01
2.298761138704360860e+02 1.362797711791473709e+01 4.826223949690911752e+01
2.298955928923788292e+02 1.366137326260961515e+01 4.826289423504199050e+01
2.299153520342443926e+02 1.369199970750530149e+01 4.825349615538218018e+01
2.299146410471310276e+02 1.371947058459565483e+01 4.826473245172431348e+01
2.299255837237950004e+02 1.373747363329039572e+01 4.828592706757189745e+01
2.299616303204504391e+02 1.375081251652313874e+01 4.830500222183472658e+01
2.299821949477165788e+02 1.380212283652358884e+01 4.831284782963308544e+01
2.300071919946450976e+02 1.382390019180902385e+01 4.827375028827602677e+01
2.300383561797942491e+02 1.383467524651115710e+01 4.829204808162852203e+01
2.300368520820560150e+02 1.381962639427160333e+01 4.827299092703944439e+01
2.300550340025087053e+02 1.385510150128529006e+01 4.825286166688228917e+01
2.300503619621894416e+02 1.387716235143238031e+01 4.824825037546194295e+01
2.300585563136668270e+02 1.384292809692824378e+01 4.845506775189699766e+01
2.300910592245515431e+02 1.385108869901733009e+01 4.857914737795377391e+01
2.300996281942389885e+02 1.382739325349728077e+01 4.867054184642903181e+01
2.300814935229298897e+02 1.383018320292944736e+01 4.870021655857487275e+01
2.300804585416889267e+02 1.383579797616168250e+01 4.871709125272104757e+01
2.301119714705170907e+02 1.383339726967448691e+01 4.875316709884633326e+01
2.301409070710593312e+02 1.385839206664379120e+01 4.875304785100770033e+01
2.301469819609519618e+02 1.385211693038063707e+01 4.873720476316366756e+01
2.301684330721505773e+02 1.385943379776241535e+01 4.876912043469211966e+01
2.301856868844252233e+02 1.389068798128033855e+01 4.877283961728193873e+01
2.302190110304250652e+02 1.389389079822928252e+01 4.872321789167571637e+01
2.302362547178832415e+02 1.386857313211197962e+01 4.870937051765936587e+01
2.302640788385710380e+02 1.387677985836506700e+01 4.871616764446144288e+01
2.302520955557680509e+02 1.386796676810232753e+01 4.868898701211040247e+01
2.300697566106614431e+02 1.368288624768675987e+01 4.849421929227532502e+01
2.292155685928192668e+02 1.280393067875644775e+01 4.776986179625494344e+01
2.286525387977342803e+02 1.231426192900253724e+01 4.728173426856638173e+01
2.286863624346808592e+02 1.239704017864676189e+01 4.734370264538955553e+01
2.291480641913365446e+02 1.288200651363194105e+01 4.781127342066925223e+01
2.294924170749405050e+02 1.335597842289108428e+01 4.812445874418526159e+01
2.296154538448990650e+02 1.355935561167953907e+01 4.827336892018831804e+01
2.296884436469588877e+02 1.367296280254920404e+01 4.834219854765132141e+01
2.297318554851193255e+02 1.376459689168133771e+01 4.841313188698455150e+01
2.297571956508288338e+02 1.382041050505959667e+01 4.840421867353654051e+01
2.297852087680910813e+02 1.383511961345700669e+01 4.847077809214707855e+01
2.298729335530793492e+02 1.382486767427340446e+01 4.839205989391442131e+01
2.299269066998160724e+02 1.382176048059128881e+01 4.832228078366079416e+01
2.299604164674515232e+02 1.387576175181824745e+01 4.831799123640883664e+01
2.299645642672726638e+02 1.384496768496071084e+01 4.831405830769317333e+01
2.299747138333117675e+02 1.384962285058583298e+01 4.829245532424724985e+01
2.300184845399677158e+02 1.382887822658214283e+01 4.839380473728913756e+01
2.300683503861492625e+02 1.382501729656149969e+01 4.846177488033029590e+01
2.301109567389090955e+02 1.384141837429196542e+01 4.850851440817635307e+01
2.301315494906654919e+02 1.386530956626411104e+01 4.856238743172779948e+01
2.301497572856492013e+02 1.386468857751953188e+01 4.860367418340542400e+01
2.301444372570747134e+02 1.387958668249138050e+01 4.863236453839274276e+01
2.301468098390716648e+02 1.389316518638099751e+01 4.866756627536125990e+01
2.301667208531845290e+02 1.390160703337251924e+01 4.873403119568457953e+01
2.301724863736844782e+02 1.389692486823676276e+01 4.877374297590856145e+01
2.301658692436199658e+02 1.391692138079997321e+01 4.875751289507877573e+01
2.302054651509441499e+02 1.394176655548118227e+01 4.871634201630095617e+01
2.302395374083844786e+02 1.394007796108695452e+01 4.868278274956266216e+01
2.302502820886371353e+02 1.396075508631406059e+01 4.870777192163392044e+01
2.302481963764406885e+02 1.395054364639640987e+01 4.867344316884256727e+01
2.302755896299379685e+02 1.398162345807482154e+01 4.866678778947131434e+01
2.302803044194824054e+02 1.397788627581125098e+01 4.866990510796991742e+01
2.303003920553939849e+02 1.403159842727850481e+01 4.868041466748415047e+01
2.303553079350436690e+02 1.397633042901097333e+01 4.866999848127752415e+01
2.303275906874187910e+02 1.400985819632019158e+01 4.867322154785944832e+01
2.303072780555852432e+02 1.400929120659688110e+01 4.877276874356652314e+01
2.302460757898763006e+02 1.394928254425388481e+01 4.880514340677575547e+01
2.298738920357068594e+02 1.352372075756126968e+01 4.847787333854574143e+01
2.292146607342741902e+02 1.276662410493809752e+01 4.795153250347337348e+01
2.291024192686507490e+02 1.263623109331143368e+01 4.788713079575432374e+01
2.293853358907869904e+02 1.292631046062290068e+01 4.814003633684139771e+01
2.297294626534894064e+02 1.338265956429539649e+01 4.838105646835150964e+01
2.298744106513069312e+02 1.358136358778497055e+01 4.847610599557882693e+01
2.299603399688380705e+02 1.368751553878085936e+01 4.851599552258115011e+01
2.299771190397173939e+02 1.376231993295121470e+01 4.854609435203986578e+01
2.300100325681597155e+02 1.382334332690219902e+01 4.855463294727783108e+01
2.300460307906919297e+02 1.385382239946900995e+01 4.855369808922213082e+01
2.300736771646013779e+02 1.386581580708849692e+01 4.855489281756768349e+01
2.300777833401769499e+02 1.389893858173820540e+01 4.853162711425855491e+01
2.300884593966734428e+02 1.387556938030498266e+01 4.853289721623795572e+01
2.300923012020407157e+02 1.390919164590141754e+01 4.852151917246499835e+01
2.301245836169219388e+02 1.391881584646278291e+01 4.852001507472677133e+01
2.301737261012144131e+02 1.394953566466607775e+01 4.851046737277886933e+01
2.301994915092163865e+02 1.398847908381660510e+01 4.851289507877669394e+01
2.302337471383331149e+02 1.401104729976769114e+01 4.854295340896945987e+01
2.302433983384051146e+02 1.403059157052778438e+01 4.853641840241645866e+01
2.302521326800951726e+02 1.407361191578402604e+01 4.848104803100444116e+01
2.302590434298378455e+02 1.409055523368638951e+01 4.849209420579251884e+01
2.302714935791788662e+02 1.407477064478206330e+01 4.854662984233410583e+01
2.302938637987186610e+02 1.409622400593989155e+01 4.851757161901440440e+01
2.302980487228668949e+02 1.410773254734757920e+01 4.853690439360786257e+01
2.303151045387302247e+02 1.411600227245881101e+01 4.857176863669346289e+01
2.303032292539697607e+02 1.415095763889279468e+01 4.856457214212992568e+01
2.303392781005844370e+02 1.414333027713872681e+01 4.860599276638110666e+01
2.303526901074918101e+02 1.414530911627226750e+01 4.862458417941174815e+01
2.303760390592920544e+02 1.410720380693099862e+01 4.870432835904848901e+01
2.303724211248671168e+02 1.407241718743847692e+01 4.875956373290733836e+01
2.303858151321007313e+02 1.406115164162649478e+01 4.882402168960687305e+01
2.303855890111991584e+02 1.404553354970441248e+01 4.882920559564858110e+01
2.304087905906705487e+02 1.408110090504609602e+01 4.884026752015119399e+01
2.304192742756537484e+02 1.407317654867505574e+01 4.887950568395947926e+01
2.303349885533324652e+02 1.400876134120069061e+01 4.876694359914726817e+01
2.297671112211091042e+02 1.335263273353170455e+01 4.816796058071447106e+01
2.288389164196399008e+02 1.241324101000669344e+01 4.734986640867134611e+01
2.286126987698347932e+02 1.217841051630939120e+01 4.712053481530647048e+01
2.288476248867989398e+02 1.247125620848122196e+01 4.743380676225243064e+01
2.293371732637345985e+02 1.310414948729054352e+01 4.796441464498455787e+01
2.296246944274135160e+02 1.343363464037214250e+01 4.827356579162002959e+01
2.297538623362451631e+02 1.359934638684673835e+01 4.838655424370433167e+01
2.298037979311625065e+02 1.368298187095358820e+01 4.846739302850135545e+01
2.298450036843082103e+02 1.374530574133343919e+01 4.848342736287904842e+01
2.299036319966700717e+02 1.376858944431632104e+01 4.854229867083659400e+01
2.299123989627688047e+02 1.379189114697296148e+01 4.857644067701272661e+01
2.299366670229101999e+02 1.381777130289513522e+01 4.859093153936584741e+01
2.299819474522024336e+02 1.385314853668277202e+01 4.864809850321462648e+01
2.300256641598371061e+02 1.387543100781298300e+01 4.861147366703978179e+01
2.300720605689022022e+02 1.386697791102536215e+01 4.858806171638138949e+01
2.300905282341757641e+02 1.390696756121295330e+01 4.856316704259734962e+01
2.301115473532042301e+02 1.392211541165816335e+01 4.856472963927528497e+01
2.301275198137033726e+02 1.393679077066728134e+01 4.858466652791918250e+01
2.301596897306236258e+02 1.398071559952975917e+01 4.862503529623525367e+01
2.301846710278376236e+02 1.400661600508490778e+01 4.861937439883902101e+01
2.302033760638088324e+02 1.398297793352495511e+01 4.864467519026217701e+01
2.302268937625505600e+02 1.400675100263807771e+01 4.861584308784403419e+01
2.302220046011666170e+02 1.400256495351021790e+01 4.863774869080497609e+01
2.302415567467839708e+02 1.401616370703280978e+01 4.866971948633430856e+01
2.302694854905754767e+02 1.404276272492561084e+01 4.868181414211867519e+01
2.302898239969400436e+02 1.404885786445120743e+01 4.873434394001608894e+01
2.302856829469965874e+02 1.404213948622181185e+01 4.875808100978169790e+01
2.303087079046692338e+02 1.404363233416394330e+01 4.872833654890005306e+01
2.303325428476608749e+02 1.408500345931230058e+01 4.877735078551701520e+01
2.303434866493044808e+02 1.404293484680590076e+01 4.884690489984868833e+01
2.303617990673918996e+02 1.402916509638262887e+01 4.892710132128855349e+01
2.303879897176863665e+02 1.401727293692801801e+01 4.894767719835078168e+01
2.304044470443973296e+02 1.403555610554558619e+01 4.898012723519386213e+01
2.304253356657910672e+02 1.402803111693600613e+01 4.899390373549479705e+01
2.303805884768338501e+02 1.409311343731894794e+01 4.885516225018421466e+01
2.302048002879947717e+02 1.393458693561179196e+01 4.860576102058150383e+01
2.293360527840432894e+02 1.300924508243288003e+01 4.770897902475517327e+01
2.286918579600744863e+02 1.237667354779194540e+01 4.713527429815334813e+01
2.286812629021098928e+02 1.238105871831073124e+01 4.716309054398389122e+01
2.290905822331970114e+02 1.286434995865699982e+01 4.758266293923422552e+01
2.295305043846080366e+02 1.337034216254830454e+01 4.802729538027123368e+01
2.297251854810131704e+02 1.361318026110776813e+01 4.818942069174995879e+01
2.298100651925683735e+02 1.372422024850799538e+01 4.825065108194913677e+01
2.298740855321997287e+02 1.369508552657483058e+01 4.845547724447494176e+01
2.299457613580753730e+02 1.366843813455881040e+01 4.856913955934548710e+01
2.299783047682260815e+02 1.365156569037186252e+01 4.862171548140690192e+01
2.300083237241325094e+02 1.368140127460189781e+01 4.867614424488556324e+01
2.300390727918056371e+02 1.369442066362547195e+01 4.871438455178000027e+01
2.300517423121706031e+02 1.370539483971852945e+01 4.870256551600002126e+01
2.300676495238523671e+02 1.374655559367986513e+01 4.864415769964169556e+01
2.300671702825386262e+02 1.378565201005731744e+01 4.860056023984565599e+01
2.301053442156360802e+02 1.382410043817955803e+01 4.861839116666010341e+01
2.301367401465848559e+02 1.387322379781866388e+01 4.860253007914231205e+01
2.301643370213914750e+02 1.388967999955000820e+01 4.861583071306832693e+01
2.301901294289041005e+02 1.391825560661713013e+01 4.862699951063387260e+01
2.301945607235868749e+02 1.390863140605576476e+01 4.862687351291757665e+01
2.301902475517631217e+02 1.390757730016143512e+01 4.860945770357912465e+01
2.302118921594546066e+02 1.393387932343726199e+01 4.865105832456787027e+01
2.302332150229777028e+02 1.394922854523261790e+01 4.864960597589168856e+01
2.302542060175159406e+02 1.397120502190897717e+01 4.864487543663270941e+01
2.302372615746339477e+02 1.398027348254312940e+01 4.865597111052362322e+01
2.302679048942237898e+02 1.399142765537374622e+01 4.868654580635725893e+01
2.302627243631209240e+02 1.400628751103886316e+01 4.869439028917600609e+01
2.302854129518902369e+02 1.399770616657573008e+01 4.871012312901828523e+01
2.302843329714648917e+02 1.402052300302056942e+01 4.872617546306972969e+01
2.302801964214398538e+02 1.403335902036775629e+01 4.872749393917235494e+01
2.302564638515926845e+02 1.404592841754743127e+01 4.873408856964467617e+01
2.302483583735044874e+02 1.409947744697127447e+01 4.872578847008397673e+01
2.302695991135160796e+02 1.410290525984216536e+01 4.873496155382184014e+01
2.302868540507703301e+02 1.409887895781889000e+01 4.873311996220068210e+01
2.302934959303862570e+02 1.409555914299053292e+01 4.873588066216299808e+01
2.302132792593134241e+02 1.398108121790292557e+01 4.867409003211816554e+01
2.295478954443950670e+02 1.326192337763878015e+01 4.805979266625792690e+01
2.287197630792941823e+02 1.239427947868444946e+01 4.734558248631743282e+01
2.286309538139621225e+02 1.229802734825431365e+01 4.723990190177803328e+01
2.289673553416844243e+02 1.262463030357574745e+01 4.751927033822511959e+01
2.294807161620195757e+02 1.318697836101720711e+01 4.801765318003611327e+01
2.297474308278162596e+02 1.347631749174546201e+01 4.821210815553968132e+01
2.298696373628228002e+02 1.357155376558799809e+01 4.829346218099797028e+01
2.298975469819609430e+02 1.364301809529702325e+01 4.839134778182145169e+01
2.299308418784909520e+02 1.367732097355735377e+01 4.849850883952728253e+01
2.299649962594427848e+02 1.369240582514441940e+01 4.850250701706031720e+01
2.299768884188974027e+02 1.372079018567788466e+01 4.855691328094678028e+01
2.299844696564874766e+02 1.376408390097929413e+01 4.856343028782603000e+01
2.300117515370033914e+02 1.378108121790292628e+01 4.857482070637469462e+01
2.300139294975278688e+02 1.378496914743420199e+01 4.858863883092119096e+01
2.300443793206248131e+02 1.381574183967915559e+01 4.861463260978394629e+01
2.300563648533870378e+02 1.383009207958105691e+01 4.860691749962031594e+01
2.300962375056951998e+02 1.389690011868534825e+01 4.866084677215225440e+01
2.301424775425945484e+02 1.391357906637942143e+01 4.862808624093688081e+01
2.301540862071875040e+02 1.397289924120125271e+01 4.858256956592661879e+01
2.301859805041033553e+02 1.397622805586648731e+01 4.857918900219933533e+01
2.301915930273763706e+02 1.401750805766645414e+01 4.854768619818765529e+01
2.302132612596396655e+02 1.402119236588836770e+01 4.853439681405774309e+01
2.302352613608878471e+02 1.403756306916937113e+01 4.856510200752611439e+01
2.302453546779464659e+02 1.404614328865289252e+01 4.860038811796535896e+01
2.302419909889133294e+02 1.405862493742300856e+01 4.860660588026841822e+01
2.302584820650125721e+02 1.406339372598871584e+01 4.864730201765092943e+01
2.302914777169663694e+02 1.406349834909242347e+01 4.868257012841642251e+01
2.302801075480506938e+02 1.405885893318183655e+01 4.867868894876280450e+01
2.303134620685000016e+02 1.405074558023635767e+01 4.871389406067014960e+01
2.303309577513907698e+02 1.406601605345903039e+01 4.874575460819772843e+01
2.303550401898965561e+02 1.408382223072206862e+01 4.876141657432459198e+01
2.303906390446673242e+02 1.408549732536097743e+01 4.879773654102519487e+01
2.303968961812567215e+02 1.410628132365100917e+01 4.875076639235913945e+01
2.303385266142051080e+02 1.404540080211046238e+01 4.867009072960552629e+01
2.298013094762657431e+02 1.344693302433893400e+01 4.820184496655998174e+01
2.288528256675347734e+02 1.247312704957222707e+01 4.735748927050697432e+01
2.285662562366057102e+02 1.217422446718153317e+01 4.718558338630112559e+01
2.287539343349401690e+02 1.236301404537042714e+01 4.742647077021729274e+01
2.292654738132871444e+02 1.288751216384203069e+01 4.797365185256017384e+01
2.296623463699720560e+02 1.326514756920030891e+01 4.834753432594034450e+01
2.298376631923546256e+02 1.346214837356072991e+01 4.849055185874755836e+01
2.298858483189992228e+02 1.359656768721066911e+01 4.847935606167138189e+01
2.299348209313706093e+02 1.371787311354981753e+01 4.848090740855322167e+01
2.299599844752813738e+02 1.377330535884037133e+01 4.847635124113375582e+01
2.299657083715357544e+02 1.381577333910822780e+01 4.848427672248440246e+01
2.299727822433218307e+02 1.386465932804967949e+01 4.846715228286487331e+01
2.300097918225232263e+02 1.390819491396718455e+01 4.847847407765734573e+01
2.300286318560476104e+02 1.387435102738762893e+01 4.848488646143288605e+01
2.300557539894589354e+02 1.387338466990285823e+01 4.849512715082039449e+01
2.300767629836709318e+02 1.388261400262120304e+01 4.851981820329506689e+01
2.301224934048070452e+02 1.389614750732642889e+01 4.859170102541891367e+01
2.301456477351347871e+02 1.392944915373408854e+01 4.861216552949977654e+01
2.301670673469043322e+02 1.396754996315691777e+01 4.866135751289507994e+01
2.302046371659513682e+02 1.396801345475613232e+01 4.869947857195088403e+01
2.302167689460628424e+02 1.398652386925486901e+01 4.874626759889977023e+01
2.302250802954196445e+02 1.397838914169680713e+01 4.874809794072482561e+01
2.302479983800293724e+02 1.400527840432892113e+01 4.875671190959663903e+01
2.302965581248839726e+02 1.397439546408221389e+01 4.880531440367643370e+01
2.303201151979120311e+02 1.396422114849168317e+01 4.879532008482346583e+01
2.303401015856587719e+02 1.397905062970733603e+01 4.879281475523256262e+01
2.303525393602240854e+02 1.399567332842092249e+01 4.882696351128635825e+01
2.303524043626709386e+02 1.401056693347433146e+01 4.886429258469690495e+01
2.303454598635399861e+02 1.405363227791496250e+01 4.887512501335913129e+01
2.303433291521591286e+02 1.404571579640118983e+01 4.891311669975981857e+01
2.303511376356303515e+02 1.407586187500351471e+01 4.891883159617731991e+01
2.303465229692711773e+02 1.406825363790281358e+01 4.892397275299385484e+01
2.303694118044110439e+02 1.410949989031448837e+01 4.891291082849123484e+01
2.303801103604997138e+02 1.412218628537357823e+01 4.885916155269685390e+01
2.303885848318999194e+02 1.416471501454036108e+01 4.880660925520724902e+01
2.303390182302945846e+02 1.411151247883632109e+01 4.869870008606093847e+01
2.298168836939830442e+02 1.351466354672321479e+01 4.820606251511691198e+01
2.286769126059590178e+02 1.229159696480501296e+01 4.727595524831112783e+01
2.282776652173179457e+02 1.192762331182747282e+01 4.696787283230491283e+01
2.284392854129519037e+02 1.206910074754895135e+01 4.714604260297782190e+01
2.289892418199920030e+02 1.261330513384444885e+01 4.764943947890944287e+01
2.295356477913837807e+02 1.310545446363784627e+01 4.813290734105444102e+01
2.297756970654906752e+02 1.335449569976544204e+01 4.833331908359161133e+01
2.298175733064838084e+02 1.365249267357029161e+01 4.824039126790827225e+01
2.298386171750636890e+02 1.386109876758483672e+01 4.813530017268436723e+01
2.298390255426620286e+02 1.398082359757229476e+01 4.814323690383111654e+01
2.298484247473014648e+02 1.403966003116193484e+01 4.812348113690439533e+01
2.298644590816791435e+02 1.407733897323111094e+01 4.816533150336650237e+01
2.299173331233371300e+02 1.395950973388607252e+01 4.822915497156613895e+01
2.299875701002919186e+02 1.389518677473970776e+01 4.831292320326694067e+01
2.300516770633532246e+02 1.387759546858213255e+01 4.839589719936326162e+01
2.300962881297776619e+02 1.388774728458046681e+01 4.846948436559587492e+01
2.301564880386542882e+02 1.390308075666128573e+01 4.848712742081549720e+01
2.301883170867527895e+02 1.395826663141730606e+01 4.852168229450840897e+01
2.302166035740602297e+02 1.401249627350504312e+01 4.859649681349525707e+01
2.302535400295869579e+02 1.401899865564936576e+01 4.865509925132607094e+01
2.302799140515578245e+02 1.408413047513513838e+01 4.866777552156867159e+01
2.302800737986623858e+02 1.409483578110146773e+01 4.867792283764856620e+01
2.303027781371462765e+02 1.411992845129682017e+01 4.869563339164477611e+01
2.303369100185059040e+02 1.413486143063656897e+01 4.873467018410291018e+01
2.303601239727530015e+02 1.417205213155511601e+01 4.872762781174591140e+01
2.303619025655160044e+02 1.419222076599861637e+01 4.872829379967487995e+01
2.303914062807611742e+02 1.422432768406072690e+01 4.875343709395266956e+01
2.304202237584443651e+02 1.423873979784116450e+01 4.877408834464875298e+01
2.304333792700007280e+02 1.421896265630185496e+01 4.874553523717382575e+01
2.304739404098300781e+02 1.422887372666370354e+01 4.879989537689629486e+01
2.304739404098300781e+02 1.424595654203767481e+01 4.883999640006524601e+01
2.304864321834166674e+02 1.428166564481018774e+01 4.882814473987659198e+01
2.305022448968112485e+02 1.430510909489765581e+01 4.887254431013437994e+01
2.305024957672642074e+02 1.431950545896355642e+01 4.893070013106012794e+01
2.305282870497972283e+02 1.434839718530101571e+01 4.895217036691209955e+01
2.305450593707988958e+02 1.436045696671747862e+01 4.897529094785156900e+01
2.305532030981938476e+02 1.437751503254003538e+01 4.898004961160079063e+01
2.305019636519087953e+02 1.423048694742407783e+01 4.894584573154611462e+01
2.298945286616680050e+02 1.345304841349750546e+01 4.837973124237123557e+01
2.291126284586091799e+02 1.263176379928113846e+01 4.768202226334647520e+01
2.290075587379978685e+02 1.249702949134047003e+01 4.760076723609384430e+01
2.293722355032315079e+02 1.289950107154307801e+01 4.791679763304290418e+01
2.297714862668114222e+02 1.346305173218735440e+01 4.828884301472035645e+01
2.299632941652932629e+02 1.373920947682823268e+01 4.847309555014315663e+01
2.300422272346313832e+02 1.386846963398788368e+01 4.855714502674639022e+01
2.300952981477210812e+02 1.393586941236690002e+01 4.862021138366866779e+01
2.301460617276311780e+02 1.397783902666764178e+01 4.862722675651503579e+01
2.301886219562270526e+02 1.401199453259909689e+01 4.865140931820610604e+01
2.302504170861903106e+02 1.403367738959731348e+01 4.870131228871476736e+01
2.302704754726320573e+02 1.407004123050269762e+01 4.874868068016267131e+01
2.302744151512253836e+02 1.406811864034964366e+01 4.873513480068173465e+01
2.302938581738206096e+02 1.411484241848116561e+01 4.871598089784622942e+01
2.302878755322559812e+02 1.412985302141398769e+01 4.866111901721781408e+01
2.303328758416253663e+02 1.416903831118061063e+01 4.869417991798898981e+01
2.303608113352945566e+02 1.421011919158965320e+01 4.866679903926740991e+01
2.303990167678210810e+02 1.423201579471372114e+01 4.868806452883041658e+01
2.304168544445132056e+02 1.425790945039121205e+01 4.871371293895298038e+01
2.304503428375360556e+02 1.420919445835044215e+01 4.876729009286706429e+01
2.304552252490423712e+02 1.418062447618136979e+01 4.880774098469465372e+01
2.305240357518520113e+02 1.413264634578498224e+01 4.886223499699067929e+01
2.305317497370360229e+02 1.419034430000956171e+01 4.888102103149380184e+01
2.305428285362327756e+02 1.424747976442927033e+01 4.889533189710936512e+01
2.305677828339361213e+02 1.427595299835190445e+01 4.892986314623047406e+01
2.305673474668271581e+02 1.427636474088907192e+01 4.895258660936770667e+01
2.305732907341054556e+02 1.429939869839859234e+01 4.897569031561302921e+01
2.305714558923619393e+02 1.430376474426400968e+01 4.898398029035723766e+01
2.305835651728812365e+02 1.431080261670257237e+01 4.899625494287916183e+01
2.305876117245374815e+02 1.428670555346184301e+01 4.900819547645699004e+01
2.306194295228399085e+02 1.431358806621629931e+01 4.905079732929840475e+01
2.306334377689404391e+02 1.432719244463694075e+01 4.907674610897677780e+01
2.306358418503664609e+02 1.431802048587869258e+01 4.907292680320168898e+01
2.306372941990426284e+02 1.433017364060276400e+01 4.905267154532823781e+01
2.306522384281784923e+02 1.433884610841428575e+01 4.906765177381159759e+01
2.306961520072448764e+02 1.436322891647588840e+01 4.905246792401887745e+01
2.307047963505661414e+02 1.436936118032860676e+01 4.902097636980330009e+01
2.307035172487498755e+02 1.438512664457956625e+01 4.901212390525422080e+01
2.306629257344710595e+02 1.438265281441773880e+01 4.890524746738965689e+01
2.303733143586772485e+02 1.409645575173949972e+01 4.859827878119708799e+01
2.295681124529617989e+02 1.319999100016312177e+01 4.790632857279462087e+01
2.292831764924260654e+02 1.291581215090476498e+01 4.765676647110770858e+01
2.295259639669031060e+02 1.322195060214533591e+01 4.784981634707870768e+01
2.298830201202603121e+02 1.380548877551594344e+01 4.824899961188203434e+01
2.300609907695423146e+02 1.409973506730190529e+01 4.843839555408058573e+01
2.301358705373465057e+02 1.421522434905867271e+01 4.856436289592251399e+01
2.301857307586300010e+02 1.429517664992322068e+01 4.861193378370017371e+01
2.302185801632345488e+02 1.434958291380968731e+01 4.860461691631839187e+01
2.302709817134564503e+02 1.430744567754709529e+01 4.865090420236133184e+01
2.303073264297084677e+02 1.425785432639033345e+01 4.865728058678936208e+01
2.303327655936236056e+02 1.428119990325175337e+01 4.866744027764497105e+01
2.303436700209808805e+02 1.428235525731096089e+01 4.868670892840066955e+01
2.303410971926133755e+02 1.428793515617529408e+01 4.868080053549029174e+01
2.303668761003706891e+02 1.426285148581681916e+01 4.869347230581445984e+01
2.303847497764103025e+02 1.426847188394710386e+01 4.876403777681529306e+01
2.304243963078169202e+02 1.425031021312738666e+01 4.885338140746198832e+01
2.304445503175254828e+02 1.426380659350549251e+01 4.893995083839105575e+01
2.304635557230525080e+02 1.428009067335654514e+01 4.892596059196426950e+01
2.304815396470939106e+02 1.428454334265191505e+01 4.895664103588122629e+01
2.305040932383100483e+02 1.433653427531625901e+01 4.889505402714576121e+01
2.305188934700558434e+02 1.434965378752510112e+01 4.885254442263234154e+01
2.305134699433572791e+02 1.437004516793133213e+01 4.883885117082252947e+01
2.305318419853640250e+02 1.438498714710795845e+01 4.880705474713271030e+01
2.305605064658203105e+02 1.439249638600300329e+01 4.879888627018635106e+01
2.305526777327160914e+02 1.437877275974372893e+01 4.880183821668232014e+01
2.305750592020519605e+02 1.434514374426963457e+01 4.880984807150370131e+01
2.305992383888041957e+02 1.433078337955124582e+01 4.882153548466934012e+01
2.306070007481114317e+02 1.435398833396144624e+01 4.882078962318807669e+01
2.306170321912915426e+02 1.437438758922494486e+01 4.886396184069163695e+01
2.306230980813472797e+02 1.440056023984565314e+01 4.889266907037310261e+01
2.305926988823327690e+02 1.438281481148154128e+01 4.890443523211141752e+01
2.305998166283236230e+02 1.439778154020958389e+01 4.889215832963027708e+01
2.305851693938047333e+02 1.440239958150758603e+01 4.891504153987209236e+01
2.305951243383713631e+02 1.443031820048261693e+01 4.891729712398962704e+01
2.306304858224444558e+02 1.438641587121233378e+01 4.897609755823175703e+01
2.306367002098087085e+02 1.434944791625651739e+01 4.898973793599991211e+01
2.306374370714530926e+02 1.436307479426935352e+01 4.900323431637801264e+01
2.305693656802470457e+02 1.430050792829379880e+01 4.894438325805344903e+01
2.303059280800535475e+02 1.396058183945416076e+01 4.863696233005777003e+01
2.296763478661949307e+02 1.326478645074558038e+01 4.806006491132347946e+01
2.295628047991630183e+02 1.313766600480366264e+01 4.794108819277650468e+01
2.299345723108768595e+02 1.346520831809923457e+01 4.818979980987844414e+01
2.302116322891647542e+02 1.382446155663428655e+01 4.845423751694500680e+01
2.303038311180609981e+02 1.404088063403850839e+01 4.856932405600148428e+01
2.303543562022938431e+02 1.415711240233770774e+01 4.862988733329208202e+01
2.303888323274140646e+02 1.424319696705497229e+01 4.869286481682519252e+01
2.304082089762123076e+02 1.430888227650873823e+01 4.871819598269781437e+01
2.304353761088080148e+02 1.433896535625291868e+01 4.876560262345245178e+01
2.304912988452084335e+02 1.429967094346415024e+01 4.880599501634032578e+01
2.305135138175620568e+02 1.426223837192950938e+01 4.883611747037085138e+01
2.305231616426952144e+02 1.425862043750456998e+01 4.885073770537908899e+01
2.305391476029496971e+02 1.424303721995038785e+01 4.886206850000844071e+01
2.305395672203441393e+02 1.424473368920188321e+01 4.886180637975936492e+01
2.305496414127493949e+02 1.425409914445300608e+01 4.887320129822646919e+01
2.305751334507062040e+02 1.430517884363345971e+01 4.890672681557646939e+01
2.305882810874052780e+02 1.432264752701357224e+01 4.894759732479848680e+01
2.306097164488893725e+02 1.432199391386031095e+01 4.897116114770420126e+01
2.306147799821128217e+02 1.432773918472727637e+01 4.900089885870818307e+01
2.306460386655491845e+02 1.430964388770453510e+01 4.904478093834548957e+01
2.306697071115586084e+02 1.425683734482312559e+01 4.903680033299396257e+01
2.306697734853555914e+02 1.425005371777636576e+01 4.905192455886736980e+01
2.306778789634437885e+02 1.429349030548821275e+01 4.904347821195740664e+01
2.306992558259881605e+02 1.429428116615386379e+01 4.904483381238715367e+01
2.307234181380462417e+02 1.429584826275023701e+01 4.907060822022600632e+01
2.307142653039413744e+02 1.437328173426856637e+01 4.894397826539393748e+01
2.307189047198519631e+02 1.445510150128528970e+01 4.886389996681310066e+01
2.307342078174833091e+02 1.450366012116030312e+01 4.878943981640333050e+01
2.307408384473031333e+02 1.457224337808877301e+01 4.873561179203626637e+01
2.307235598854770728e+02 1.453321333550829308e+01 4.882619402523329200e+01
2.307071869322368514e+02 1.451773586603742849e+01 4.888848752116368246e+01
2.307151225384039890e+02 1.454366102114399162e+01 4.895141550559396393e+01
2.307243946203475105e+02 1.452564447269393177e+01 4.901811104673727471e+01
2.307242033738138502e+02 1.450984188411585052e+01 4.901980864096838530e+01
2.306437650817578913e+02 1.443059719542583252e+01 4.894456775470944621e+01
2.301327869682361893e+02 1.381700069186246083e+01 4.846856750721393325e+01
2.292697948599681581e+02 1.288085115957273352e+01 4.771669975981685496e+01
2.290231205809394623e+02 1.260930020643375826e+01 4.751814873355420588e+01
2.292938041747993339e+02 1.287577300161434657e+01 4.776641823366951201e+01
2.297954787069484439e+02 1.338774334715183301e+01 4.822195735202299716e+01
2.300260826522519153e+02 1.392396375315697377e+01 4.835362271558827985e+01
2.300929480653163068e+02 1.411482554378701870e+01 4.836053459031055013e+01
2.301482768124827771e+02 1.427731084874086598e+01 4.839386098626962252e+01
2.301620240633138508e+02 1.433777625280541734e+01 4.841442561353575513e+01
2.301872877304098779e+02 1.439504783975790403e+01 4.845963629409217077e+01
2.302692267452652288e+02 1.427555588054966584e+01 4.862274708770903686e+01
2.303274005658647354e+02 1.418840596014197253e+01 4.874197017679054511e+01
2.303676860856896838e+02 1.413973371732637396e+01 4.879927551313132739e+01
2.303864034964366283e+02 1.413878535951535831e+01 4.886790826916261921e+01
2.304122589028073946e+02 1.415621466860913102e+01 4.886843138468115200e+01
2.304417839926651368e+02 1.416770296038384380e+01 4.883938216119832987e+01
2.304630067330029703e+02 1.420612101405662031e+01 4.884010214814856710e+01
2.304921302051400289e+02 1.424368070828716171e+01 4.884967009972944396e+01
2.304997249424854147e+02 1.424352208616218896e+01 4.885138006873625471e+01
2.305283275490631638e+02 1.427990955163937592e+01 4.885435788976325000e+01
2.305472823305077554e+02 1.427699697942974844e+01 4.886434095882012230e+01
2.305713636440339656e+02 1.433058763309914951e+01 4.883942378544389129e+01
2.306038688048779193e+02 1.436547662573615902e+01 4.883776331553990246e+01
2.306068185014146650e+02 1.436388252962914969e+01 4.885730983625921908e+01
2.306395925323853646e+02 1.438450115591654921e+01 4.883752369488303202e+01
2.306641170878777700e+02 1.436455639241538762e+01 4.884962735050427085e+01
2.306837221075367950e+02 1.437484883086494136e+01 4.883672045944167195e+01
2.307071295582767618e+02 1.435458907307305054e+01 4.886379421872978668e+01
2.307084086600930277e+02 1.437555644303946956e+01 4.886716803257940711e+01
2.307250831078686701e+02 1.439992012644770902e+01 4.899138153120974692e+01
2.307417373060113164e+02 1.443330952126492761e+01 4.902420731124248476e+01
2.307193423369201355e+02 1.441408811965283121e+01 4.902193260247157980e+01
2.307190655919361575e+02 1.444827175007453057e+01 4.901015744089638559e+01
2.307324404745164088e+02 1.444049026611392605e+01 4.904049701599158340e+01
2.307426429145971838e+02 1.447537138389366618e+01 4.903770819153902494e+01
2.307557185526012233e+02 1.448380760598714190e+01 4.901650570083417335e+01
2.306791310657494307e+02 1.440616376328179093e+01 4.892040431767173914e+01
2.300082955996422527e+02 1.359308700029811945e+01 4.832648258250318918e+01
2.290929941894803221e+02 1.263246578655761887e+01 4.753229422716713515e+01
2.288978856008234857e+02 1.245499912814080190e+01 4.732109280519290451e+01
2.291531569740298551e+02 1.276229743335902000e+01 4.759511758849370722e+01
2.296591064286959920e+02 1.333364307771921631e+01 4.811754686946299131e+01
2.300186431620927010e+02 1.371463879717180134e+01 4.842788599456634557e+01
2.301854708883401486e+02 1.386568530945376665e+01 4.856269905107969720e+01
2.302406826376272022e+02 1.405124844612191382e+01 4.850631957295774299e+01
2.302571680888283936e+02 1.416879081566646548e+01 4.849953257097214987e+01
2.302643184592279226e+02 1.424035414358114693e+01 4.851642301483285280e+01
2.302606735252923613e+02 1.428591019287775410e+01 4.852120755311310063e+01
2.302958325130356911e+02 1.431615301972651721e+01 4.851058999555633022e+01
2.302933114337302527e+02 1.434316378015648397e+01 4.852187016610324122e+01
2.303343270653219292e+02 1.428842677226475288e+01 4.859753291971583167e+01
2.303657398709648305e+02 1.427854045145431705e+01 4.864681265152069045e+01
2.304139373723851349e+02 1.430087804658540485e+01 4.870463322852273080e+01
2.304403721432549048e+02 1.431045049808472136e+01 4.872206816251455308e+01
2.304656391852897741e+02 1.433770762904922336e+01 4.878873220422880053e+01
2.304797531794736187e+02 1.436100258182820433e+01 4.881992788880701539e+01
2.305031201309476216e+02 1.438798859270675656e+01 4.887908044166699284e+01
2.305205888143277377e+02 1.438842958471377642e+01 4.890359037242450313e+01
2.305274331902734275e+02 1.441714356427289800e+01 4.891647251393568752e+01
2.305337319511083933e+02 1.440606476507613287e+01 4.892197478920694209e+01
2.305702656639348334e+02 1.444926735702915366e+01 4.891993182623564707e+01
2.305875161012706656e+02 1.447312929953144511e+01 4.889527452314926848e+01
2.306087073421794287e+02 1.450171053149661660e+01 4.890068005017408836e+01
2.306138979980987926e+02 1.449451066199425142e+01 4.891064061963876952e+01
2.306372154504699665e+02 1.450053492780443420e+01 4.891192309639387759e+01
2.306685427576625216e+02 1.447583487549288250e+01 4.894862780612101716e+01
2.307087315292410210e+02 1.447569425304166302e+01 4.897658017448434009e+01
2.307136465651560115e+02 1.448660318031735628e+01 4.898745422739212785e+01
2.307081454148643616e+02 1.447887907031685018e+01 4.898344255010378134e+01
2.307134226942136763e+02 1.448999611882034699e+01 4.897530332262727626e+01
2.307226970261164070e+02 1.450675381508710160e+01 4.899144678002711117e+01
2.307360539090228997e+02 1.454717658242444323e+01 4.897149414166868553e+01
2.307740658450565547e+02 1.456446639404660814e+01 4.902743487774284148e+01
2.307825369415179466e+02 1.456913168448821949e+01 4.899233101400037071e+01
2.307304818850158199e+02 1.452707544675752693e+01 4.893005326778452257e+01
2.303791260033411845e+02 1.413036263717720153e+01 4.858205882518379326e+01
2.293878322205410143e+02 1.306730415511218801e+01 4.773377132539472711e+01
2.289909911632851731e+02 1.265609148334186429e+01 4.736873231672675644e+01
2.291767680460791610e+02 1.288729841771617934e+01 4.752239890651981824e+01
2.296115839150415354e+02 1.358196657685579467e+01 4.788901851153947575e+01
2.298886821426361564e+02 1.405071183084806563e+01 4.814539348974300026e+01
2.299786726365584570e+02 1.425382464942822835e+01 4.824217661054893114e+01
2.300337201388224742e+02 1.436454964253772815e+01 4.831083186617242831e+01
2.300816791445654985e+02 1.445152969102434959e+01 4.838390379174377642e+01
2.301797616168206844e+02 1.438307468177139370e+01 4.845406764502393315e+01
2.302702324770363589e+02 1.432935353046726057e+01 4.849808134727557984e+01
2.303386413621253155e+02 1.431377481283151809e+01 4.855922961396324666e+01
2.304137348760553721e+02 1.427790146303598284e+01 4.860392392887879254e+01
2.304332262727737941e+02 1.427782383944290956e+01 4.864733689201883493e+01
2.304273966284360995e+02 1.428410460060411324e+01 4.868262187747846781e+01
2.304292652195678954e+02 1.438390266676416474e+01 4.864501268414510093e+01
2.304399255263498389e+02 1.439969625550536847e+01 4.865418576788295724e+01
2.304355279810553441e+02 1.443207654361264680e+01 4.863577997648792461e+01
2.304364752138867516e+02 1.447046084789713127e+01 4.863763956778283415e+01
2.304946771589764865e+02 1.450162840798510544e+01 4.863340514453175700e+01
2.304966694978653550e+02 1.452269702611640234e+01 4.866972623621197158e+01
2.305212289277256730e+02 1.452010507309555010e+01 4.866853825774408193e+01
2.305290340362580821e+02 1.455340896946242779e+01 4.864184586654366882e+01
2.305557793015001664e+02 1.457395109713636394e+01 4.865242517479370576e+01
2.305676163369539040e+02 1.458228269612613204e+01 4.869164871386706039e+01
2.305938834858618236e+02 1.453607415865587349e+01 4.878153120974682366e+01
2.306167914456550534e+02 1.449845371552640572e+01 4.887431277808089902e+01
2.306475315134913160e+02 1.448941675432132747e+01 4.895527418565538369e+01
2.306726376834419909e+02 1.450282876122870235e+01 4.895154937816752039e+01
2.306644062076374837e+02 1.450266676416489986e+01 4.892353738588487744e+01
2.306682210134941329e+02 1.451525866093677131e+01 4.895347646823901044e+01
2.306731866734915570e+02 1.451664013589753743e+01 4.893230210202440134e+01
2.306689072510560834e+02 1.455040527390440985e+01 4.892100730674256681e+01
2.306764839887277105e+02 1.453302883885229591e+01 4.892082618502539759e+01
2.306789274444400633e+02 1.454617197563294084e+01 4.893958409503827767e+01
2.306815081476648288e+02 1.455492094205792597e+01 4.898981330963376024e+01
2.306853319533583431e+02 1.460127347691823019e+01 4.897383409925694764e+01
2.306877675342134353e+02 1.462754287578537671e+01 4.897738115996647679e+01
2.306438978293518289e+02 1.456555649928844964e+01 4.895938373616978367e+01
2.304240565639747729e+02 1.419973787975092883e+01 4.876182831686175945e+01
2.296451836810457792e+02 1.322604327796558721e+01 4.801570246539281328e+01
2.293682789499440275e+02 1.291533628452984317e+01 4.779863427475377335e+01
2.295858635062239443e+02 1.311850985200893227e+01 4.803469774610335463e+01
2.299975441695119400e+02 1.361124979609744656e+01 4.846957211400543031e+01
2.301802689826246819e+02 1.403420613001389405e+01 4.860496116007897172e+01
2.302094487037422539e+02 1.421055005878018385e+01 4.864647290767855026e+01
2.301942536041534311e+02 1.434306028203238803e+01 4.866490569858421367e+01
2.302368712067093668e+02 1.442880960282594849e+01 4.871748162064562848e+01
2.302561848566494689e+02 1.444206861250639840e+01 4.873554654321890212e+01
2.302956592661757895e+02 1.448744804000427422e+01 4.876789983181554788e+01
2.303374983828418010e+02 1.442649214482987574e+01 4.876535287797908325e+01
2.303838014185992904e+02 1.438883570235289433e+01 4.878128821415111815e+01
2.304004117425371589e+02 1.437619205651897580e+01 4.872254402888947311e+01
2.303996377565656530e+02 1.437727428690354969e+01 4.873292984064664068e+01
2.304352118617850067e+02 1.438905169843796550e+01 4.876544962622552504e+01
2.304770116041646872e+02 1.441546284473593964e+01 4.875377908775403313e+01
2.305457354835443482e+02 1.444111575477694487e+01 4.879955225811531960e+01
2.305538634612247790e+02 1.443789156321541611e+01 4.880665425439163840e+01
2.305662134873805371e+02 1.448106265573936469e+01 4.877431671550952785e+01
2.305521242427481070e+02 1.447809945944729826e+01 4.881119692205578531e+01
2.305566770352287449e+02 1.448934363064669384e+01 4.885679797053678186e+01
2.305650862578115721e+02 1.452290289738498430e+01 4.891206371884509707e+01
2.305632727906806565e+02 1.451208171851885176e+01 4.895680303294502522e+01
2.305734999803128460e+02 1.453183298552713687e+01 4.900008662342995081e+01
2.306141252439799416e+02 1.452308739404098326e+01 4.897756678160208565e+01
2.306357777265287154e+02 1.454836118595350491e+01 4.895874812269027387e+01
2.306484326221587366e+02 1.457383634921617066e+01 4.896518075609879617e+01
2.306667945393489845e+02 1.458432903403625858e+01 4.894614835106114015e+01
2.306721224427807329e+02 1.456770408536345229e+01 4.897399834627997706e+01
2.306805564149149745e+02 1.457876825982529034e+01 4.897716966379984171e+01
2.307154600322869271e+02 1.459525483600609697e+01 4.894245391802273559e+01
2.307281745518362470e+02 1.461140166834476162e+01 4.894063707595299917e+01
2.307711206484382558e+02 1.461579696368003312e+01 4.890868540507702988e+01
2.307646013915997685e+02 1.463993002626827433e+01 4.894697971099273559e+01
2.307766555481181854e+02 1.462075812375900696e+01 4.893392657258087297e+01
2.307269303243878653e+02 1.452186454120518988e+01 4.888511145735483865e+01
2.302146753590091066e+02 1.392817792677507782e+01 4.840519628081740677e+01
2.295136398152783386e+02 1.312509210770554802e+01 4.778660036786833132e+01
2.293827563125418294e+02 1.300300819547645759e+01 4.764804112925452984e+01
2.297212773018489145e+02 1.333619903139255669e+01 4.795055714615172349e+01
2.300829559964225552e+02 1.391594602347832499e+01 4.829293231560178157e+01
2.302301505785207780e+02 1.417499620319381748e+01 4.846675629004224106e+01
2.302936838019810750e+02 1.432297039616156908e+01 4.851892159454610010e+01
2.303402590828041241e+02 1.436920143322402232e+01 4.860088423397326096e+01
2.303832434287128592e+02 1.442391481654395058e+01 4.865507000185621678e+01
2.304159353361720264e+02 1.444033951884622091e+01 4.868735466669666323e+01
2.304673964034401763e+02 1.443709732761093711e+01 4.868829289969119145e+01
2.304652195678953319e+02 1.445018646537031515e+01 4.868264325209105436e+01
2.304651666938536607e+02 1.442192922753275042e+01 4.869624650553208767e+01
2.304903966115614082e+02 1.446719615706965278e+01 4.871139773091612568e+01
2.304930808129102786e+02 1.446908274787519488e+01 4.867847857757578112e+01
2.305330535884037033e+02 1.451167335092051403e+01 4.867759996850057291e+01
2.305492994189480385e+02 1.454640484641215892e+01 4.866857875701003167e+01
2.305666308548157701e+02 1.454868068016267202e+01 4.869532514723170635e+01
2.306114624172437004e+02 1.453190160928333086e+01 4.875253148536683057e+01
2.306215467344654257e+02 1.453377132539472782e+01 4.880224770926027134e+01
2.306474268903876066e+02 1.456724509368267739e+01 4.883709732761093392e+01
2.306512090718355807e+02 1.453952672107818067e+01 4.883892204453794506e+01
2.306890140116210262e+02 1.455446307535675921e+01 4.885097057615831062e+01
2.306715644528943017e+02 1.457693341808179710e+01 4.886639404660790831e+01
2.306993255747239573e+02 1.461494422913584756e+01 4.885152631608551843e+01
2.307004449294356618e+02 1.462711425855406411e+01 4.884516343141280714e+01
2.307064849449603798e+02 1.461936539900214349e+01 4.886950236526963209e+01
2.307216800445492026e+02 1.466872612933890530e+01 4.886276486238686800e+01
2.307166063865092553e+02 1.466553231222684062e+01 4.886819176402427445e+01
2.307412569397179709e+02 1.466862375619441927e+01 4.887035734977303747e+01
2.307386773614728099e+02 1.467562112936703045e+01 4.892596396690309746e+01
2.307384276159994556e+02 1.468571669638487798e+01 4.894642847098396032e+01
2.307600080998531951e+02 1.471000388117965407e+01 4.895533830949314336e+01
2.307671100961294997e+02 1.470693493680427011e+01 4.898017448433747489e+01
2.307918978968506281e+02 1.467659986162750840e+01 4.905858893807549492e+01
2.306646762027438342e+02 1.453445418801784150e+01 4.898071222459093121e+01
2.298450216839819689e+02 1.357606155888424482e+01 4.826766189862808432e+01
2.289651841310376312e+02 1.268341386312373054e+01 4.750297050865952997e+01
2.288029046973523464e+02 1.251414380614351352e+01 4.738625612410775290e+01
2.290647932006232281e+02 1.281300588926825768e+01 4.762895922511404478e+01
2.296115512906328604e+02 1.340295194649596944e+01 4.813067875644753713e+01
2.299672585934380038e+02 1.379447635011615425e+01 4.844063876342241315e+01
2.301528329799022288e+02 1.398928569419679313e+01 4.861510622619965005e+01
2.302231397055928426e+02 1.408560194846468328e+01 4.866724790613169915e+01
2.302503304627603598e+02 1.421685219455397409e+01 4.868111665476062910e+01
2.302618693786175186e+02 1.428172639370911412e+01 4.869211783036432450e+01
2.302742869035498643e+02 1.433788087590912497e+01 4.869998143783644196e+01
2.302926274461275398e+02 1.436738009123584625e+01 4.870607095246398899e+01
2.303212638020935970e+02 1.439352686732553011e+01 4.873998233782013045e+01
2.303580180109235584e+02 1.437065040696137430e+01 4.875402658326817829e+01
2.303789426316648132e+02 1.435169000061873845e+01 4.878094059545171035e+01
2.303764811762786735e+02 1.437962099436947661e+01 4.877797514920042232e+01
2.303921138929356971e+02 1.440858584438157131e+01 4.880357856013859674e+01
2.303894623159955302e+02 1.441664294834656168e+01 4.876889543877017275e+01
2.304259757791890024e+02 1.442444243198091947e+01 4.872174979328499944e+01
2.304710435873349752e+02 1.440356506038328099e+01 4.869446791276907760e+01
2.304681861391262316e+02 1.432582784437032153e+01 4.859378786259499350e+01
2.304534219067279537e+02 1.434028495733514852e+01 4.859186189750310803e+01
2.304397207800608669e+02 1.431023112706082223e+01 4.866774739707842912e+01
2.304147417328061067e+02 1.428711954595823030e+01 4.871817123314639986e+01
2.304378758135008809e+02 1.431484241848116490e+01 4.878684898836208816e+01
2.304628334861430687e+02 1.431073286796676847e+01 4.883174467462777102e+01
2.304814732732969276e+02 1.435473307046309799e+01 4.887789133821949150e+01
2.305104763726157557e+02 1.438599962875672844e+01 4.887915806526006435e+01
2.305355105438713963e+02 1.445464363458412294e+01 4.884791963145667637e+01
2.305348400560239952e+02 1.454096219506021370e+01 4.882274821268864429e+01
2.305635112863579366e+02 1.459763754281953574e+01 4.881819204526917844e+01
2.305766105489338145e+02 1.466209099960063256e+01 4.882543916391515637e+01
2.306342376294429641e+02 1.465060495778513960e+01 4.888908376035684000e+01
2.306894583785668829e+02 1.465783295177774903e+01 4.894732282977371085e+01
2.307505065220692870e+02 1.467327892181954141e+01 4.900164359520983481e+01
2.307810935926786442e+02 1.468049116609761384e+01 4.906519031842547918e+01
2.307451324944735518e+02 1.465686209437453869e+01 4.901181116092271139e+01
2.302351094886405178e+02 1.402309808134727476e+01 4.855250786079502490e+01
2.292512315714277804e+02 1.297331548365685805e+01 4.765426001653720078e+01
2.289855282623002495e+02 1.271701812904641038e+01 4.742722338157621209e+01
2.292125761470573480e+02 1.297371372643870835e+01 4.762041837991686322e+01
2.297614345739983435e+02 1.352228528357923487e+01 4.811065524437369589e+01
2.300806137888750698e+02 1.411508766403608917e+01 4.835785038896170107e+01
2.301879300937670507e+02 1.439574420213633665e+01 4.846322047912881459e+01
2.302480546290098573e+02 1.455745777107789962e+01 4.851994532599096743e+01
2.302766043615459353e+02 1.465656847469639601e+01 4.852139429972831408e+01
2.303140774323465507e+02 1.469929520027449499e+01 4.853952672107818245e+01
2.303251202321957862e+02 1.473668614756357620e+01 4.859540220833497415e+01
2.304040589264319578e+02 1.467140583076931648e+01 4.864470893965047082e+01
2.304599332887091521e+02 1.461518384979272334e+01 4.867114033558141983e+01
2.304925565724121270e+02 1.459354486699928621e+01 4.873293096562624527e+01
2.305320163572035312e+02 1.462096624498680875e+01 4.874879205314403663e+01
2.305748128315174199e+02 1.461602645952042145e+01 4.877240762511179639e+01
2.306217098565088577e+02 1.461524909861008759e+01 4.881810204690039967e+01
2.306663940466079055e+02 1.460530427885994520e+01 4.885905692959315161e+01
2.307041089880245863e+02 1.461944077263599517e+01 4.892994751970120859e+01
2.307372205128781957e+02 1.465050933451831128e+01 4.893816324579117349e+01
2.307490744230260873e+02 1.466646042040487963e+01 4.896271930071267775e+01
2.307594354852318190e+02 1.464395857825076952e+01 4.904349508665155355e+01
2.307932692469948961e+02 1.464090088367148290e+01 4.910817578931381888e+01
2.308059972662995563e+02 1.462110686743802823e+01 4.917841726618704712e+01
2.308311045612298358e+02 1.465020671500329108e+01 4.920984694652409530e+01
2.308616162582053164e+02 1.465274016908443500e+01 4.922412181279214138e+01
2.308906452320551637e+02 1.466337235137613071e+01 4.921190565920992555e+01
2.308875639129040849e+02 1.470422373594478671e+01 4.917684904461106754e+01
2.309281486773052166e+02 1.470025255792238816e+01 4.918026223274703312e+01
2.309541244564942133e+02 1.471551628126740141e+01 4.924411157547769591e+01
2.309554496824744945e+02 1.473793262497117240e+01 4.926765289879121212e+01
2.309635979097878931e+02 1.476117920362693425e+01 4.931261270889465465e+01
2.309545721983789122e+02 1.475134913179698692e+01 4.936733059213301544e+01
2.309798628649855630e+02 1.478682198885145205e+01 4.933373082612877880e+01
2.309637925312603670e+02 1.477244812437774613e+01 4.937361810317187860e+01
2.309863494974153468e+02 1.481292489073635466e+01 4.935341009444204019e+01
2.309710340250082936e+02 1.482595440457641622e+01 4.932610796429315059e+01
2.309459199802003582e+02 1.481631445430051564e+01 4.928457709204020887e+01
2.307913196573312007e+02 1.463281003031820049e+01 4.914836231093311625e+01
2.299343945640985396e+02 1.362670364099650655e+01 4.838379579370123906e+01
2.292141477435721413e+02 1.287118083484736886e+01 4.771704737851626277e+01
2.291821848229000977e+02 1.276151219759141853e+01 4.769503602747199977e+01
2.296514790669419028e+02 1.317374860080660959e+01 4.812351601127229372e+01
2.302392482886247649e+02 1.371544203261315964e+01 4.853613603253440800e+01
2.303992777630905380e+02 1.395268448259375305e+01 4.872137967499339339e+01
2.304304441981988987e+02 1.412934115569155225e+01 4.876982467192782167e+01
2.304240048149127347e+02 1.426657854326390407e+01 4.879734842305983022e+01
2.304198581400711987e+02 1.434825093795175022e+01 4.879616494451038022e+01
2.304006716128270114e+02 1.438954218954781439e+01 4.878717973236734906e+01
2.304058825183793431e+02 1.439818428290987207e+01 4.876715397033428445e+01
2.304248699242326097e+02 1.442602527829183146e+01 4.876534387814221105e+01
2.304553534967178621e+02 1.442896485001209328e+01 4.871482779374623817e+01
2.304502438393304260e+02 1.442812786518244295e+01 4.866206625004921449e+01
2.304554682446380696e+02 1.443491149222920278e+01 4.861875678503326981e+01
2.304915047164770101e+02 1.447420815497719104e+01 4.862840798510526952e+01
2.305273566916599748e+02 1.443328927163195097e+01 4.873493005439276260e+01
2.305469898358092280e+02 1.443757319398585892e+01 4.879338961981314071e+01
2.305552066868787904e+02 1.441945652235053288e+01 4.884663602972196372e+01
2.305701959151990366e+02 1.445226880262795177e+01 4.888228550857515842e+01
2.306035628104240516e+02 1.449664587329354681e+01 4.893281396774683145e+01
2.306447100646300896e+02 1.451673125924592611e+01 4.894893267559525185e+01
2.306598162908297240e+02 1.450814316490513534e+01 4.901047131020749958e+01
2.306744714002058743e+02 1.448646818276418813e+01 4.904431294682783715e+01
2.306772354751070111e+02 1.451522041163003962e+01 4.904800850484584629e+01
2.306899668693504850e+02 1.450559058617062647e+01 4.907396515938148696e+01
2.306961958814496541e+02 1.455071914321552917e+01 4.906958448878113899e+01
2.306936860519403183e+02 1.456160332093980792e+01 4.907478639449659852e+01
2.307058560813585188e+02 1.456883468987124530e+01 4.908045854168893385e+01
2.307078315455532334e+02 1.456306579443247529e+01 4.908278612450149581e+01
2.307068426884762573e+02 1.458389029198845854e+01 4.906849663349851909e+01
2.307255657241212532e+02 1.461443911329107159e+01 4.907501026543894085e+01
2.307361427824120597e+02 1.461232190166553302e+01 4.907431165310129018e+01
2.307447050022218207e+02 1.460359430985313445e+01 4.908903651121323719e+01
2.307621174366214518e+02 1.461351438005186232e+01 4.911451504941472734e+01
2.307667602274708827e+02 1.463442662601740274e+01 4.915894836906080911e+01
2.307894926904449733e+02 1.468702729763023029e+01 4.904522530529133917e+01
2.307874227279630475e+02 1.471639939026105104e+01 4.892790568170951815e+01
2.306157677142101932e+02 1.453213110512371919e+01 4.869185458513564413e+01
2.297107463677220949e+02 1.345611735787288943e+01 4.785083557860513537e+01
2.290276272492561134e+02 1.273241235002615568e+01 4.721982439068291626e+01
2.289862819986387876e+02 1.268259037804939737e+01 4.718529089160259105e+01
2.293584263785218980e+02 1.318256506600817879e+01 4.754457000466866390e+01
2.297953459593544778e+02 1.372953915210286802e+01 4.799375748814552622e+01
2.300205702521641911e+02 1.399375748814552800e+01 4.818125333978321834e+01
2.301127994555098724e+02 1.410368712067093711e+01 4.826742565291004183e+01
2.301668828502483279e+02 1.415410983175929971e+01 4.831867747397078716e+01
2.302028788228213330e+02 1.422272458811684004e+01 4.834301415786838874e+01
2.302214027370753797e+02 1.422679138940606691e+01 4.834989903308002823e+01
2.302353648590119235e+02 1.427732659845540297e+01 4.834461612883266213e+01
2.302452286802301842e+02 1.427777209038086248e+01 4.837580393855361649e+01
2.302385755508181546e+02 1.428961812567147227e+01 4.836021172116255684e+01
2.302541272689432503e+02 1.425362440305769418e+01 4.840270895090026215e+01
2.302770712280839973e+02 1.428615881337150739e+01 4.842023275828125861e+01
2.302985392139767384e+02 1.429362530304138268e+01 4.842279771179147474e+01
2.303353080475416448e+02 1.431806661004269365e+01 4.846756065046321282e+01
2.303623199329512090e+02 1.437102840011024796e+01 4.847107733672326901e+01
2.303738262243996928e+02 1.438942631664801119e+01 4.843187292230328467e+01
2.303976577924525202e+02 1.442371007025497676e+01 4.844710964613766180e+01
2.303826370647032036e+02 1.443275603129693252e+01 4.844917735866037134e+01
2.304010563558535409e+02 1.446236661960501912e+01 4.844702752262615064e+01
2.303986353997333936e+02 1.445241617495682895e+01 4.844049701599158197e+01
2.304031870672343985e+02 1.445068933125587129e+01 4.849656037484320592e+01
2.304310044380445675e+02 1.447811633414144339e+01 4.854007571112773434e+01
2.304498860958145201e+02 1.441300251432942758e+01 4.859549558164258087e+01
2.304101911902846780e+02 1.441106192450261858e+01 4.860096073258672078e+01
2.304042557978636694e+02 1.438732485473700784e+01 4.858482065012571383e+01
2.303869119872202305e+02 1.436041084255347933e+01 4.853776725296854266e+01
2.303641165253879706e+02 1.433505830206827447e+01 4.848229675837125541e+01
2.303749467040910019e+02 1.432136842519729392e+01 4.849639612782018361e+01
2.303817888300774541e+02 1.434976628548607636e+01 4.851089823996939998e+01
2.304028394485349907e+02 1.439101366287736106e+01 4.853281621770605625e+01
2.304107773046613659e+02 1.441645507675173299e+01 4.858734960428841987e+01
2.304212238653174438e+02 1.441448636243468151e+01 4.863933603703432595e+01
2.303755789426316767e+02 1.439041517372497658e+01 4.861574183967915275e+01
2.301463800968607529e+02 1.411938846108414225e+01 4.836785708259037619e+01
2.291785601385974758e+02 1.299247276143119834e+01 4.747038884920210933e+01
2.285984790275676346e+02 1.237141989301443878e+01 4.693176773670977298e+01
2.286157069653112615e+02 1.238861633132899520e+01 4.694673446543781381e+01
2.290671016587824340e+02 1.289650637582193760e+01 4.736015884712089274e+01
2.295986275248761217e+02 1.344821437611443216e+01 4.781665869806109725e+01
2.298483054994628105e+02 1.371517203750681979e+01 4.801947114708546138e+01
2.299266760789960813e+02 1.389637025328915954e+01 4.815288360398467660e+01
2.299724143749894552e+02 1.400774098469465301e+01 4.822977483533110643e+01
2.300011429792835145e+02 1.409740635950973342e+01 4.829431379056254769e+01
2.300347303705120225e+02 1.413828586856863190e+01 4.834360927208194170e+01
2.300497567231593905e+02 1.413373420106760570e+01 4.833445193805862061e+01
2.300812629021098985e+02 1.411387606099639491e+01 4.836534837806064502e+01
2.301159077741716033e+02 1.411530366012116033e+01 4.837326485957441946e+01
2.301430872815430178e+02 1.411290407861357465e+01 4.837372722619402765e+01
2.301736979767241849e+02 1.417731703612871996e+01 4.842101124417119706e+01
2.302042805474150668e+02 1.420785460763523744e+01 4.843879942176047848e+01
2.302110754242579276e+02 1.436546875087888964e+01 4.830610582683188881e+01
2.302432284664840552e+02 1.451487391791023818e+01 4.823880054674008733e+01
2.302531687863157401e+02 1.458308368160827051e+01 4.822068500008437297e+01
2.302442251984182917e+02 1.463106406196387610e+01 4.817468795878074417e+01
2.302863050607207640e+02 1.453407731984857776e+01 4.832938390491672465e+01
2.303093615178224809e+02 1.447723885004584332e+01 4.839257850951451445e+01
2.303395885949567230e+02 1.443882529629150469e+01 4.845726146213599606e+01
2.303585355015440257e+02 1.444157474645771977e+01 4.849028523858005002e+01
2.303863157480270729e+02 1.444867449277481875e+01 4.851491104223735817e+01
2.304059646418908756e+02 1.446544906373572026e+01 4.853440131397618273e+01
2.304372559497359134e+02 1.450113004201798894e+01 4.851456342353795037e+01
2.304768946062852706e+02 1.452745006496757263e+01 4.854152805980391605e+01
2.304668372885741405e+02 1.452593584241285640e+01 4.855730027393253323e+01
2.304709704636603362e+02 1.448956300167059474e+01 4.856974029845709140e+01
2.304637323448512518e+02 1.450145403614559569e+01 4.855343371901384586e+01
2.304810232814530195e+02 1.450052030306950712e+01 4.861010231689550665e+01
2.305045128557044904e+02 1.450332712719581885e+01 4.866722878147833597e+01
2.305268009517327528e+02 1.450827928743791517e+01 4.871077224225310687e+01
2.305234237629443044e+02 1.450910502247146816e+01 4.870126278961193833e+01
2.303739443472587141e+02 1.432796530562883497e+01 4.856299379573745512e+01
2.292776292179704285e+02 1.303708945275366915e+01 4.757799202389456639e+01
2.282867730522384306e+02 1.213789100072561133e+01 4.671896209381205267e+01
2.281067695648016240e+02 1.197504795225586527e+01 4.656418402416456104e+01
2.284000056248980570e+02 1.223597009804197278e+01 4.684821550109404598e+01
2.289181509835134136e+02 1.304489906120451614e+01 4.735988885201455645e+01
2.293348040566764610e+02 1.365109319893576867e+01 4.772221665982304017e+01
2.295511140110585586e+02 1.397144014264741507e+01 4.789720611313919818e+01
2.296418593662989736e+02 1.410887777659029929e+01 4.795398045910418006e+01
2.297013392882253981e+02 1.421067380653725643e+01 4.800410730055517661e+01
2.297497460358530930e+02 1.429261732131105056e+01 4.805257704704101940e+01
2.298633757263149562e+02 1.426097839476659423e+01 4.814109944257260310e+01
2.299191432155292318e+02 1.418958043885454501e+01 4.819112166091989735e+01
2.299724121250302460e+02 1.407932456224230933e+01 4.824695327397191136e+01
2.299799731129873237e+02 1.411434517749365725e+01 4.823856205106282147e+01
2.300326907824795626e+02 1.409404154549698873e+01 4.825632322914147210e+01
2.300810064067588883e+02 1.410827028760103730e+01 4.831683138243119657e+01
2.301353114224804699e+02 1.415609992068893774e+01 4.836837344823125306e+01
2.301676917105877465e+02 1.418446740652825611e+01 4.837044003577435092e+01
2.302106738065372440e+02 1.423931691238096242e+01 4.841722906272323712e+01
2.302507332054606479e+02 1.427149245419926693e+01 4.847512163842030475e+01
2.302970407411365557e+02 1.428466259049054798e+01 4.853352945477863045e+01
2.303286526681703776e+02 1.428322936646773300e+01 4.857601768467946357e+01
2.303342325670347179e+02 1.429410116941630449e+01 4.860766111114236310e+01
2.303586187500351627e+02 1.431527778559013697e+01 4.864652803167942352e+01
2.303585568761566265e+02 1.430541171441267601e+01 4.865338028248238089e+01
2.304045145431739172e+02 1.431645676422114910e+01 4.870209189958431750e+01
2.304214477362597790e+02 1.431842885347703032e+01 4.872679307687548089e+01
2.304235941973551860e+02 1.435660278657449318e+01 4.873683126993323356e+01
2.304385508012667287e+02 1.434918354604822710e+01 4.875037827439377480e+01
2.304660970519909426e+02 1.441910890365112152e+01 4.875588504958347613e+01
2.304675460257282964e+02 1.448735916661510537e+01 4.870192765256129519e+01
2.304649563226666658e+02 1.449611150797891845e+01 4.867685298203969779e+01
2.304815058977056026e+02 1.453285896693122403e+01 4.867963055669616068e+01
2.305023855192624751e+02 1.456534162818298839e+01 4.867966430608445449e+01
2.305074670521596829e+02 1.455167200094498270e+01 4.870563333539579531e+01
2.305228342736288027e+02 1.454147856070108702e+01 4.876141994926341994e+01
2.304276328741541420e+02 1.439182702313520501e+01 4.870217964799388000e+01
2.294927050697206141e+02 1.328599456634848508e+01 4.788623193704614067e+01
2.283654147518576281e+02 1.219331424617928761e+01 4.690692368700817383e+01
2.280538685236330139e+02 1.197818102046900357e+01 4.657586581243214852e+01
2.282308840652263200e+02 1.221678357079778010e+01 4.665782732687969769e+01
2.287989672687182576e+02 1.278806171638139055e+01 4.715161462698488748e+01
2.293676500863421950e+02 1.337379135003178021e+01 4.761308576282054617e+01
2.296452095555767983e+02 1.367690585608135834e+01 4.784275597504795030e+01
2.297787637599068375e+02 1.385423301702656573e+01 4.793165411376919138e+01
2.298780038361804827e+02 1.392299177077415528e+01 4.810137753753213019e+01
2.299327037197450920e+02 1.398600075373633800e+01 4.824931010625432748e+01
2.299768321699169178e+02 1.402377306911312260e+01 4.832136955017690383e+01
2.299956890781354559e+02 1.405435901474285743e+01 4.833920947682823055e+01
2.299979986612742664e+02 1.412303564497893404e+01 4.827494501662157234e+01
2.300286566055990249e+02 1.415190599670381033e+01 4.828203801306101184e+01
2.300435637104077387e+02 1.418346617467558346e+01 4.827702060400154949e+01
2.300941776680297721e+02 1.424483381238715118e+01 4.830129316406139850e+01
2.301389878558451016e+02 1.427795658703685966e+01 4.833996658810558955e+01
2.301720791310657432e+02 1.436531012875391689e+01 4.832913303446375153e+01
2.302204543792643676e+02 1.437024766426108613e+01 4.839472497060990719e+01
2.302479320062323893e+02 1.433226385271767001e+01 4.848283224866549546e+01
2.302851317069878121e+02 1.432437999561257946e+01 4.853093862673738812e+01
2.302999195639579000e+02 1.433547679448309964e+01 4.852521923040144713e+01
2.303198519526833650e+02 1.439578582638189630e+01 4.847622974333589951e+01
2.303356387915468986e+02 1.443281115529781111e+01 4.845442426356022025e+01
2.303693679302062662e+02 1.447415640591514219e+01 4.844531642863972820e+01
2.303979547870694944e+02 1.451804186049127843e+01 4.845556386790489256e+01
2.303882338382616695e+02 1.451837485445576270e+01 4.844782963308789903e+01
2.303940758573750713e+02 1.454522924271997653e+01 4.843197304548854731e+01
2.303981842829098809e+02 1.451314482425006069e+01 4.848095803263565529e+01
2.304221935977410283e+02 1.449676287117295992e+01 4.856154482200010136e+01
2.304427121008431811e+02 1.448205938767359768e+01 4.861252327301567533e+01
2.304909096022634571e+02 1.447913556566787285e+01 4.866130463885342294e+01
2.304898869957982015e+02 1.451844460319156660e+01 4.865088507770796866e+01
2.304892828817477550e+02 1.452207378741260335e+01 4.862830561196078349e+01
2.304965603748431988e+02 1.453689764373020665e+01 4.864599591632401854e+01
2.305535990910164799e+02 1.449569751548253116e+01 4.864420607376491290e+01
2.305470967088721466e+02 1.453605615898211845e+01 4.867016835319859780e+01
2.305048593494242937e+02 1.449626450520584342e+01 4.867474364527142683e+01
2.301491351719249963e+02 1.407967780583976847e+01 4.839103503748994228e+01
2.288475720127572686e+02 1.268305274466900201e+01 4.726846288411022812e+01
2.280647459514796367e+02 1.198223207204369345e+01 4.661951952120868015e+01
2.279763304290109716e+02 1.194056957717641332e+01 4.652547797571168786e+01
2.282629066098176907e+02 1.238770284788588150e+01 4.672660970519909540e+01
2.288604924035751935e+02 1.316285317328623350e+01 4.720853522029913307e+01
2.292923484511843242e+02 1.369622063100106324e+01 4.755717202625702100e+01
2.295042934846806020e+02 1.394855805738520971e+01 4.774568260950270115e+01
2.296219258525939324e+02 1.409485940567327233e+01 4.783673508417660258e+01
2.296979913489068110e+02 1.420219933513705080e+01 4.791453867398653443e+01
2.297653810024693257e+02 1.417401972089255935e+01 4.797481170653782101e+01
2.298348529932895019e+02 1.417051540940820509e+01 4.803875554755570221e+01
2.298518739347849191e+02 1.415544180761723680e+01 4.803179079879177493e+01
2.298327999055017017e+02 1.411510453873023607e+01 4.804162199560133217e+01
2.298268802627952425e+02 1.400611088924013181e+01 4.814819806391009394e+01
2.298474268903876236e+02 1.395106001203728141e+01 4.824836849832097130e+01
2.299082871622951814e+02 1.396706734690433649e+01 4.833446093789549991e+01
2.299721983789043804e+02 1.404503855867612394e+01 4.841568334073944868e+01
2.300180840472266368e+02 1.409934694933654242e+01 4.850835241111254703e+01
2.300864603079069184e+02 1.413635765351753015e+01 4.854533499080329051e+01
2.300925453226160187e+02 1.420631226059027696e+01 4.846212587396853166e+01
2.301103886242061947e+02 1.426172425624785589e+01 4.841158953993959102e+01
2.301243788706329667e+02 1.429555351809248442e+01 4.839382498692211243e+01
2.301134643184592221e+02 1.431356444164449471e+01 4.832295802138586538e+01
2.301581788830077357e+02 1.429892620696249850e+01 4.841123292140329681e+01
2.301899314324927843e+02 1.426904449856846391e+01 4.849020199008892718e+01
2.302078624824925157e+02 1.422993570741530256e+01 4.853920047699135409e+01
2.302180784223286025e+02 1.424208436222093432e+01 4.855161575196449775e+01
2.302385103020007762e+02 1.423272678182707907e+01 4.858564301022043708e+01
2.302610661431761514e+02 1.427952143367401483e+01 4.858350104904348399e+01
2.302795653078787836e+02 1.429068798128033890e+01 4.860309819384523422e+01
2.302678025210793180e+02 1.431698887957655764e+01 4.856165731996107837e+01
2.302605295279023210e+02 1.434704608478971366e+01 4.853811262170873420e+01
2.302560554839943450e+02 1.437334473312671257e+01 4.852725994341352589e+01
2.302966267486401932e+02 1.440603551560628048e+01 4.851264308334411623e+01
2.303236791333157214e+02 1.445682834498624736e+01 4.850859203176942458e+01
2.303468717129501897e+02 1.445832681782642659e+01 4.848656380603101468e+01
2.303168910063505166e+02 1.446982748437684485e+01 4.847895106901187745e+01
2.301301927652561403e+02 1.425157581518834959e+01 4.829183096056384272e+01
2.290454615510093959e+02 1.296617748803302916e+01 4.734762319932951158e+01
2.281223595322334745e+02 1.204638628424859803e+01 4.658042310483122606e+01
2.279364634016008324e+02 1.185764845512175114e+01 4.646122701526034859e+01
2.282816217706053976e+02 1.215841175378696271e+01 4.678091809585951211e+01
2.289716291392218466e+02 1.283764969259932087e+01 4.741926527581687623e+01
2.293375411320669741e+02 1.351878997193175813e+01 4.765195268335761369e+01
2.294824306309448048e+02 1.391091511466354724e+01 4.774150106029328100e+01
2.295504097738228495e+02 1.412160804585416862e+01 4.777190925914467812e+01
2.296205792520010505e+02 1.424149712286464720e+01 4.779708967774958950e+01
2.296326581580708819e+02 1.429918607725234914e+01 4.778880307794420901e+01
2.296646795776826480e+02 1.434065620060636448e+01 4.781283489236757589e+01
2.297039717405122019e+02 1.424574167093221355e+01 4.786081752268240308e+01
2.297256568474696508e+02 1.412499535945910978e+01 4.788464234085757454e+01
2.297083062869485559e+02 1.405382577440783898e+01 4.786094914529674327e+01
2.297507315179912268e+02 1.407252293552179445e+01 4.785835719227588925e+01
2.298034401876466006e+02 1.412520685562574130e+01 4.792892491323594584e+01
2.298951968995561970e+02 1.413499080329169111e+01 4.811219646643904468e+01
2.299713028951350395e+02 1.416640473391419697e+01 4.818318155483432008e+01
2.300247990505172027e+02 1.410279726179962978e+01 4.826922899522445931e+01
2.300706712190841472e+02 1.416501763405538306e+01 4.831273645665172012e+01
2.301053318408603729e+02 1.426324860361905955e+01 4.829017949049673319e+01
2.301125868343636398e+02 1.428140914945916684e+01 4.824077488595519014e+01
2.301124968359948468e+02 1.428933463080981703e+01 4.821992113892935805e+01
2.301291476591986793e+02 1.433145836731709188e+01 4.823681833266771690e+01
2.301591339906964322e+02 1.434628784853274475e+01 4.824392032894403570e+01
2.301947992192641550e+02 1.436804045426676701e+01 4.825372565122257384e+01
2.301989346443095599e+02 1.436281829891833262e+01 4.830534421563609015e+01
2.302003273690664287e+02 1.431674475900124222e+01 4.833045938542363729e+01
2.301910080379793158e+02 1.433177786152625899e+01 4.833205910642869441e+01
2.301846282786124505e+02 1.433705064095713233e+01 4.833934109944257074e+01
2.301893273184423663e+02 1.435727214944229146e+01 4.834272616308829384e+01
2.302096208256225225e+02 1.436404565167256386e+01 4.836029159471484462e+01
2.302465235317609995e+02 1.436792570634657196e+01 4.838277993711363933e+01
2.302397781540209678e+02 1.436842969721173802e+01 4.837308823777568989e+01
2.301668502258396529e+02 1.429818484539967649e+01 4.834482200010124586e+01
2.295328049679099536e+02 1.353814074619897490e+01 4.777511207609362032e+01
2.282699669818484551e+02 1.228703967240593720e+01 4.660332093980796486e+01
2.277551223134080658e+02 1.181436036471838946e+01 4.610229327093446727e+01
2.278215591092411501e+02 1.186989610813304097e+01 4.613092962690051024e+01
2.283743515898774206e+02 1.238673761538072071e+01 4.661195290835353688e+01
2.290177656779970903e+02 1.302691401218352851e+01 4.718870857965699628e+01
2.293007081746643223e+02 1.349825009421704181e+01 4.753353170473785383e+01
2.293968421822354458e+02 1.375434607747734539e+01 4.770293450931201562e+01
2.294528222925959540e+02 1.386735252923540784e+01 4.785480675662753924e+01
2.294867471777074002e+02 1.397309386267373910e+01 4.794693921172678586e+01
2.295083647858882614e+02 1.400738549113797227e+01 4.798775459694793000e+01
2.295671258458440320e+02 1.399343124405870142e+01 4.798075497381609722e+01
2.295798471152710363e+02 1.392749393917235246e+01 4.792812505273342083e+01
2.295867409903195551e+02 1.390695406145763613e+01 4.793001614345740080e+01
2.295982810311563185e+02 1.391957633267896988e+01 4.794229529589776462e+01
2.296629414841856089e+02 1.398532914090932167e+01 4.798109021773980487e+01
2.297348749303918964e+02 1.406830988688330031e+01 4.797546869462991026e+01
2.297892103205629439e+02 1.413655902486767424e+01 4.805582711313357436e+01
2.298261074018033412e+02 1.418139283725482436e+01 4.806800164247022877e+01
2.298663062981983387e+02 1.424097850726455583e+01 4.813211760536839989e+01
2.299309926257586483e+02 1.422926971948633401e+01 4.815234698871083197e+01
2.299515415033102386e+02 1.419227476501988328e+01 4.818655649366355220e+01
2.299912049094110102e+02 1.419527058572063360e+01 4.821157941512310430e+01
2.300126706453445422e+02 1.419453597403547107e+01 4.824621416236830385e+01
2.300239024417682288e+02 1.422469442741350321e+01 4.827272880679037570e+01
2.300259386548618750e+02 1.426440058273943734e+01 4.826012903516123487e+01
2.300631304807600372e+02 1.429196708309661901e+01 4.826010653556904373e+01
2.300847582137573681e+02 1.430648269500115255e+01 4.825352315489281807e+01
2.300944015389721073e+02 1.432800692987439639e+01 4.827406528256675244e+01
2.301102896260005366e+02 1.436658923057019521e+01 4.829251044824812311e+01
2.300921887040797458e+02 1.435620004387420501e+01 4.825917280249295516e+01
2.301344553129974599e+02 1.438666674166530690e+01 4.824914810919052144e+01
2.301390553546216893e+02 1.438014523486761753e+01 4.821507810170940900e+01
2.301538387116733588e+02 1.442172335626416846e+01 4.822342432543410240e+01
2.301653483780606564e+02 1.444409357580393838e+01 4.825776995291960247e+01
2.302060692649945679e+02 1.438769722298783371e+01 4.830820166384484082e+01
2.301583082556628597e+02 1.425170856278229969e+01 4.828900501178416249e+01
2.293292241578121491e+02 1.325836394215354908e+01 4.755013640377767814e+01
2.279931454992378121e+02 1.193352832979902267e+01 4.642000888733891628e+01
2.274878597825414488e+02 1.151226059027680115e+01 4.600147372328876827e+01
2.275702949134046946e+02 1.157559694230542036e+01 4.607670898464965603e+01
