2.279256725971841888e+02 1.257252237303198861e+01 4.749755260685900282e+01
2.279487301792655103e+02 1.259464509705761515e+01 4.752151467254655870e+01
2.279775037827439519e+02 1.263235103863742381e+01 4.755722715025790137e+01
2.282095477019479119e+02 1.284446031915671504e+01 4.779851502691514042e+01
2.285771156647785745e+02 1.301378437515820075e+01 4.803438500177184522e+01
2.287976499175952370e+02 1.314213329883395787e+01 4.809032348788678490e+01
2.290433060900771238e+02 1.325214617985048982e+01 4.799767241718743804e+01
2.291161350200527522e+02 1.332731956733284129e+01 4.791431142810536414e+01
2.292185925380102560e+02 1.342224197186425982e+01 4.785507787671348723e+01
2.292816273955034490e+02 1.346740202833823652e+01 4.783538398366529520e+01
2.293405572024007029e+02 1.353126037090577682e+01 4.788152052244053181e+01
2.293667771021650310e+02 1.357277661842379146e+01 4.790157328398422720e+01
2.293714986415871238e+02 1.355460482278758683e+01 4.799057942074799854e+01
2.293801823591947482e+02 1.355162587678098340e+01 4.804226885887693044e+01
2.293861503760244318e+02 1.354073607415865510e+01 4.809319893576928706e+01
2.293861020019012074e+02 1.355139975587942480e+01 4.808179276750608722e+01
2.294178646762027540e+02 1.358544613878873442e+01 4.812189491565465715e+01
2.294549800034874352e+02 1.359506246449283040e+01 4.814189030323825591e+01
2.294904067363779063e+02 1.369885983316552469e+01 4.813495367896457111e+01
2.294938502989633378e+02 1.371148435434607826e+01 4.807966993098250441e+01
2.294352827355004081e+02 1.366833913635315412e+01 4.798659811790911078e+01
2.288138597487920549e+02 1.298112621708731496e+01 4.742027325754720835e+01
2.273011547915694166e+02 1.151425180418604910e+01 4.615326947199081786e+01
2.265577007666736051e+02 1.085051945933479978e+01 4.557465758433128400e+01
2.264831956170794456e+02 1.073602915947148517e+01 4.555903499249075850e+01
2.269138985605885921e+02 1.107960580714474474e+01 4.592292314701796130e+01
2.276437538319617886e+02 1.168965637497820431e+01 4.657062228247112756e+01
2.281797604918410798e+02 1.216319854202642503e+01 4.702645502050275184e+01
2.283553113099825111e+02 1.267180744848999652e+01 4.714460487903657082e+01
2.284426783514548731e+02 1.299676118370354594e+01 4.721140279332436762e+01
2.284824148812302838e+02 1.316838244806812952e+01 4.724780488353648877e+01
2.285224349058673283e+02 1.327196944555379865e+01 4.727461314763669975e+01
2.285796704934722925e+02 1.316341678807071602e+01 4.739784341408812196e+01
2.285823366951474043e+02 1.302499592194891420e+01 4.743247816133332861e+01
2.285481856891343853e+02 1.291434180255482822e+01 4.743722895022527553e+01
2.285486750552646242e+02 1.289200420742374043e+01 4.743314302428268547e+01
2.286081842266608817e+02 1.299029030098829374e+01 4.751320444816937538e+01
2.287162643927078705e+02 1.310717118252231650e+01 4.760901558659249133e+01
2.288189649062610727e+02 1.322131386368622152e+01 4.767185019771516608e+01
2.289009635450357507e+02 1.332176666797914244e+01 4.773461618508164861e+01
2.289522007413615654e+02 1.334722270658844323e+01 4.779200251995432325e+01
2.289841490372986925e+02 1.338005636147844868e+01 4.782761374950079158e+01
2.290051872809805218e+02 1.341212053031538787e+01 4.783959815728339748e+01
2.290765076132994977e+02 1.336844432194666510e+01 4.792925790720043011e+01
2.291387774846580783e+02 1.333294671534078368e+01 4.795106113701689310e+01
2.291555295560268064e+02 1.333388719829453173e+01 4.796155832175541889e+01
2.291816853319533607e+02 1.334851755811925855e+01 4.798654524386745379e+01
2.291929036286217354e+02 1.338829796209943623e+01 4.799490046742902649e+01
2.292389760435592052e+02 1.337914400301494489e+01 4.805233967634336523e+01
2.292567732209853659e+02 1.339792891253846108e+01 4.807195144588004609e+01
2.292833249897345524e+02 1.339677580843847160e+01 4.808773040988631919e+01
2.293035149987906607e+02 1.343771044149824867e+01 4.808470308975649488e+01
2.293219039154915322e+02 1.345803882304633170e+01 4.811600564739764252e+01
2.293434067757521859e+02 1.351514166305735642e+01 4.809632412912515775e+01
2.293772810367811985e+02 1.353558029260719664e+01 4.807520263695220564e+01
2.293791563777906504e+02 1.357710329000286897e+01 4.803971965508124953e+01
2.293431210309313144e+02 1.353979784116412866e+01 4.798867595524831131e+01
2.286065338815733980e+02 1.273518542476417537e+01 4.732415049977219468e+01
2.269229771460392158e+02 1.111868759878727175e+01 4.593487943031032472e+01
2.260831899921813886e+02 1.045177718653849475e+01 4.523053757150651677e+01
2.259129175783689050e+02 1.021007869232370169e+01 4.505570786529494143e+01
2.261995320084823504e+02 1.042556628661105478e+01 4.534257204088176252e+01
2.267639826528144056e+02 1.114899567445340089e+01 4.578225232167667258e+01
2.273009849196483287e+02 1.182575528318549196e+01 4.624385508012667145e+01
2.276071019962763273e+02 1.223413863123730927e+01 4.653317621118117131e+01
2.277720015074726803e+02 1.244425332290852282e+01 4.665676197118926893e+01
2.279400453366782813e+02 1.264056901468660854e+01 4.676702347269955595e+01
2.280395419083029083e+02 1.275420095510768803e+01 4.682011913534066849e+01
2.280725533099712550e+02 1.271100736299154654e+01 4.697097440108898070e+01
2.280750507647048835e+02 1.261215652966289902e+01 4.697302973883598298e+01
2.280635095988885155e+02 1.251216159207114309e+01 4.696594686721303447e+01
2.280659429297843985e+02 1.250041005506775171e+01 4.698048497870976092e+01
2.281433651515066288e+02 1.259927888807015428e+01 4.704866999285638229e+01
2.282741372812617726e+02 1.273465218442915692e+01 4.716443039469909593e+01
2.284129687649411267e+02 1.291120085948442231e+01 4.729764485518700212e+01
2.285492780443354377e+02 1.303612647020772819e+01 4.739192264640203689e+01
2.286361658444940588e+02 1.316093058313318132e+01 4.747785983879042249e+01
2.286952576484551116e+02 1.323144655503119083e+01 4.756210956176419558e+01
2.288054584010664882e+02 1.320435817100815079e+01 4.762602865323066226e+01
2.288652746918962180e+02 1.320149172296252083e+01 4.765880943407901071e+01
2.289374320090448407e+02 1.321828991849522694e+01 4.770059230176453013e+01
2.289841040381143102e+02 1.323659558670499159e+01 4.772493461056018305e+01
2.290243828080616026e+02 1.327091758961868884e+01 4.776194981465960865e+01
2.290714632047294117e+02 1.334216929818147079e+01 4.768532295352147088e+01
2.291029097597605926e+02 1.337537982124073999e+01 4.763880729661774893e+01
2.291540029586963669e+02 1.340971194897092467e+01 4.763630871690450874e+01
2.291857082590377956e+02 1.347324967234968796e+01 4.763541323313514653e+01
2.292093992046394249e+02 1.349354317952987081e+01 4.762886360184721468e+01
2.292472682682626441e+02 1.345346803089194054e+01 4.777952649608225499e+01
2.292517389372317496e+02 1.345626473020176483e+01 4.789112672332814213e+01
2.292773119737204865e+02 1.346740315331784643e+01 4.796647785758882776e+01
2.292961655070001825e+02 1.348343861267514576e+01 4.804452106805564426e+01
2.293238445053183341e+02 1.349375017577806446e+01 4.807131920733936425e+01
2.293181948577181970e+02 1.352539135228174061e+01 4.801596008572344942e+01
2.289816290829728587e+02 1.311012312901828736e+01 4.770141691181847676e+01
2.273883497111614815e+02 1.147461652257552878e+01 4.623591272408187791e+01
2.260700344806250257e+02 1.044768338573863353e+01 4.525519149965406740e+01
2.256422429843458985e+02 1.008024142062425099e+01 4.489132021982101861e+01
2.256373076987979687e+02 1.012309976881669016e+01 4.489582801311726001e+01
2.261358896619998688e+02 1.055938598612900137e+01 4.533353282971746268e+01
2.268554952441486989e+02 1.122673739038480001e+01 4.594581198215782081e+01
2.273579302625140031e+02 1.169467940893571267e+01 4.635454969878671250e+01
2.275915547780696500e+02 1.197177426159150926e+01 4.653897773102862345e+01
2.277336363278415661e+02 1.225394277228725315e+01 4.660003937428633947e+01
2.278297410859428282e+02 1.249288506645816987e+01 4.668413160011474616e+01
2.278575033327520885e+02 1.257985949004674353e+01 4.670538583988165016e+01
2.278237404447044412e+02 1.256750608895213794e+01 4.665438151433504999e+01
2.278125367727709829e+02 1.243887817033316345e+01 4.665815469594613774e+01
2.278172414374989501e+02 1.236329529027286434e+01 4.666974761082455103e+01
2.278880341543809607e+02 1.240102598140408752e+01 4.669730173640602544e+01
2.279964900636175855e+02 1.251445767545463283e+01 4.680490941101692215e+01
2.281501386537368887e+02 1.266597667917269021e+01 4.696071458704810908e+01
2.283356714159555736e+02 1.286128551420005550e+01 4.710442960721336902e+01
2.284791974395463967e+02 1.299289012886641359e+01 4.719022055225249090e+01
2.285704389107947350e+02 1.308131015125350771e+01 4.722278308705654837e+01
2.286610267688898261e+02 1.315189699686693103e+01 4.728481108779903508e+01
2.286861081892890581e+02 1.322477992586384410e+01 4.727274793144374598e+01
2.287293006564256075e+02 1.326448383123055841e+01 4.728304599479134396e+01
2.287577367660211110e+02 1.331893959421985407e+01 4.730351049887220682e+01
2.288018033423144288e+02 1.336334703933491141e+01 4.731070136853769270e+01
2.288759349986781615e+02 1.337181363587784944e+01 4.723681495772888894e+01
2.288915587154982916e+02 1.343795118713473258e+01 4.730155303435125091e+01
2.289376626298648318e+02 1.341615358221632270e+01 4.743221379112503655e+01
2.289885949567164118e+02 1.341619520646188235e+01 4.749053385907380687e+01
2.290252040431767284e+02 1.342974108594281724e+01 4.758724835612354553e+01
2.290419583645046373e+02 1.342894010046067876e+01 4.759706717815739552e+01
2.290502494642284717e+02 1.345031246308660577e+01 4.760417029941332601e+01
2.290790826916262120e+02 1.341233765138006895e+01 4.764864636828457378e+01
2.291250032343163809e+02 1.341065018196545111e+01 4.774845118432228475e+01
2.291597493545429529e+02 1.341928890038868083e+01 4.781812679645181419e+01
2.292069793734988536e+02 1.343321052305926955e+01 4.783292702819761644e+01
2.292117841614120834e+02 1.342868698004848582e+01 4.783225991528903620e+01
2.289051248446122031e+02 1.307294255291622775e+01 4.756632373538229785e+01
2.273345993103874889e+02 1.148701042293608410e+01 4.624200786360746918e+01
2.261129232032669449e+02 1.045035408733216720e+01 4.526340497578481603e+01
2.258041860491278499e+02 1.017148064191336587e+01 4.499592644883311721e+01
2.259826629392342170e+02 1.028391785398889624e+01 4.516828007492364350e+01
2.266835139863090092e+02 1.080480141297439012e+01 4.574283528611044147e+01
2.272738976606048880e+02 1.166968911188484626e+01 4.631968320574189590e+01
2.275932388725454416e+02 1.219528521045556069e+01 4.662411281295526777e+01
2.277745720858809477e+02 1.249871246083664822e+01 4.679925638847795710e+01
2.278965918742722749e+02 1.271858747560200520e+01 4.689737036016222049e+01
2.280409627575500053e+02 1.276729909270394536e+01 4.699746767089846600e+01
2.281026746390221547e+02 1.276992029519465000e+01 4.706172088130902864e+01
2.281342876910356097e+02 1.273928935038052401e+01 4.705973191735899519e+01
2.281148829177471100e+02 1.269844359070991757e+01 4.701054330890252686e+01
2.280799118015985982e+02 1.271297945224742776e+01 4.697918000236245462e+01
2.281550908139790010e+02 1.265620173134361970e+01 4.706838076059871412e+01
2.282576417052440831e+02 1.272063606347134979e+01 4.714089694624284732e+01
2.284269567614086895e+02 1.285401139604344678e+01 4.726127651436317478e+01
2.285312862454368030e+02 1.296317604243423105e+01 4.736550587520601141e+01
2.286115962898172427e+02 1.305229017724053797e+01 4.743719070091854917e+01
2.286659148052941646e+02 1.312490761104954906e+01 4.746455020502753541e+01
2.287519644956435059e+02 1.313790337550131859e+01 4.746732665470438661e+01
2.288122386531744041e+02 1.317723041269876916e+01 4.747653123787131335e+01
2.288406488882388885e+02 1.320069636237843191e+01 4.747469639612781833e+01
2.288803865429939037e+02 1.323169180058611438e+01 4.746276036246842978e+01
2.289260044661690472e+02 1.326872275440007698e+01 4.757522794899342244e+01
2.289430220327256507e+02 1.329660762398681584e+01 4.758210269938857095e+01
2.289838126683953874e+02 1.331612827017510270e+01 4.760767911081611459e+01
2.289964338146371006e+02 1.333668164764513620e+01 4.762756087545913175e+01
2.290319212964265034e+02 1.338426378521889326e+01 4.766574943329152347e+01
2.290429629712961344e+02 1.341051068449384331e+01 4.766394271603827093e+01
2.290833216147957216e+02 1.343960828209988634e+01 4.762507017060315917e+01
2.291324955985172664e+02 1.345973641727743697e+01 4.763060282032387960e+01
2.291604704664727876e+02 1.351678525826719479e+01 4.758274393776612499e+01
2.291946338472615139e+02 1.355625516787508289e+01 4.759925188855952172e+01
2.292425287291667928e+02 1.349636237843189157e+01 4.767249256107233180e+01
2.292201551346881843e+02 1.341067043159842775e+01 4.769292331576490085e+01
2.286866425546037078e+02 1.278133883823355710e+01 4.724248597994161258e+01
2.271555138063122570e+02 1.126676641485873098e+01 4.595291172847492334e+01
2.262513305696334385e+02 1.053293096562624775e+01 4.523723007520488437e+01
2.261289631625426750e+02 1.040825510037630508e+01 4.513924660115535659e+01
2.264003712432712234e+02 1.074171705637835394e+01 4.541672282189885124e+01
2.271216834194880221e+02 1.144990972038631760e+01 4.608689904995471665e+01
2.276975301072668003e+02 1.204799838002936241e+01 4.657218937906750256e+01
2.279943391026037602e+02 1.236308829402467069e+01 4.680628863601847200e+01
2.281722681276401943e+02 1.253912960327594028e+01 4.701712106468070118e+01
2.282786664491706006e+02 1.266110664244210504e+01 4.714070682468880591e+01
2.283544405757645563e+02 1.272866054302765804e+01 4.721782980183483858e+01
2.283404615791338870e+02 1.262545716358891035e+01 4.722800861734381073e+01
2.282714170805654135e+02 1.258210944926623220e+01 4.715878299705817511e+01
2.281641187753471911e+02 1.247476501988401409e+01 4.707441177628655282e+01
2.281488449271857064e+02 1.243606684628841030e+01 4.705580461354137611e+01
2.282400672737806531e+02 1.253526079839802954e+01 4.715078214207367324e+01
2.283947238456302955e+02 1.274693808674717843e+01 4.731256883468986985e+01
2.285365174006221025e+02 1.291162835173612500e+01 4.741626608017729438e+01
2.286736794145606098e+02 1.301051518441228261e+01 4.750373211985532862e+01
2.287682969496177918e+02 1.303195504581479547e+01 4.758523689258132094e+01
2.288337178888632764e+02 1.305976679172690069e+01 4.763111243608709344e+01
2.288809580326356468e+02 1.313661414886855106e+01 4.764315759276863105e+01
2.289261608383347948e+02 1.315016115332909585e+01 4.771853685151956626e+01
2.289745979604119555e+02 1.323130930751880108e+01 4.765904005489900186e+01
2.290263616471951309e+02 1.328062616365078341e+01 4.764088063403850981e+01
2.290639944651003077e+02 1.334010046067914956e+01 4.765059033305021075e+01
2.291033226272773788e+02 1.335940736074158686e+01 4.769315281160528741e+01
2.291391194784594632e+02 1.339764991759524371e+01 4.769602150961014075e+01
2.291788481333775849e+02 1.342119236588836806e+01 4.776354166080739816e+01
2.291993790112554166e+02 1.341786580118235328e+01 4.779429297843976343e+01
2.292260196533937915e+02 1.342745850231464466e+01 4.783873304796350823e+01
2.292384450531833977e+02 1.345252079806053480e+01 4.785966554356202352e+01
2.292785123269640621e+02 1.346587543100781303e+01 4.790805766645479480e+01
2.293149391667276120e+02 1.351190059680168254e+01 4.794190605295278829e+01
2.293306101326913335e+02 1.353511792598759200e+01 4.796058408941338058e+01
2.292603664058588890e+02 1.347899719317587319e+01 4.787753696964242778e+01
2.283351741749680741e+02 1.251528678542701378e+01 4.713298721460673590e+01
2.268734060445154341e+02 1.117193963359414077e+01 4.590989138321867813e+01
2.263590158678373996e+02 1.066208762466180282e+01 4.547572350251151363e+01
2.264403136443152107e+02 1.067642998970643653e+01 4.550552308739403884e+01
2.270213318633599897e+02 1.112901266164550762e+01 4.600879059067054300e+01
2.277257862201247463e+02 1.174468812752768798e+01 4.664987934593685281e+01
2.281665802307333308e+02 1.218508952025244518e+01 4.695974597960412211e+01
2.283770717905738081e+02 1.234648471996445096e+01 4.715129400779611046e+01
2.284702246021790870e+02 1.261841591621151792e+01 4.715465994678846329e+01
2.285095482644377114e+02 1.279332212103655664e+01 4.720126222712213604e+01
2.285330727130570665e+02 1.288728829289969191e+01 4.718685236330091470e+01
2.285218049172858628e+02 1.291202321957914556e+01 4.718838008561095165e+01
2.285233416394327719e+02 1.290199290137866228e+01 4.711660301157041175e+01
2.284857211963033308e+02 1.286406533881573466e+01 4.704999184389782840e+01
2.284890252614171402e+02 1.287107958668249097e+01 4.702497342235672306e+01
2.285693308058791331e+02 1.292550947514076221e+01 4.706920987057109329e+01
2.286406151388506203e+02 1.305519712455211767e+01 4.711517091252721201e+01
2.287352855479494451e+02 1.314123106518694328e+01 4.717777265287066513e+01
2.287885859568795297e+02 1.318665999178764814e+01 4.736432464661577768e+01
2.288457315461157293e+02 1.317199363261540945e+01 4.750190402798948952e+01
2.288752341363812661e+02 1.317753640715262087e+01 4.760796823057582117e+01
2.288920120822810134e+02 1.320816960192596490e+01 4.768249700474179065e+01
2.289238321305426211e+02 1.322703101006294268e+01 4.763397550919389545e+01
2.289861942502292038e+02 1.323622659339299545e+01 4.763489574251466507e+01
2.290372548247563032e+02 1.327123033395019647e+01 4.765413064388207687e+01
2.290660250532959026e+02 1.330525646722653121e+01 4.767343979390373221e+01
2.290999015642841528e+02 1.331894184417907390e+01 4.766189075323009661e+01
2.291092771443517506e+02 1.337337623255578478e+01 4.768258025323291349e+01
2.291257592206141283e+02 1.335533605953392033e+01 4.770015918461477611e+01
2.291449626225524696e+02 1.336825532537222827e+01 4.773129862021250602e+01
2.291742615915086674e+02 1.338887282668001610e+01 4.776474426401021134e+01
2.292111665476063251e+02 1.339001130604507850e+01 4.779969063060732282e+01
2.292411607539613385e+02 1.345551661876128513e+01 4.778871757949386989e+01
2.292665965429376627e+02 1.348689679999550073e+01 4.780174146843588545e+01
2.293060383280553083e+02 1.350537121514672556e+01 4.779450784954522646e+01
2.292787328229675836e+02 1.349716786383246792e+01 4.770994875717877903e+01
2.288447618136921164e+02 1.301463035982472860e+01 4.734845680922033040e+01
2.272323566635354837e+02 1.134694708658405560e+01 4.606916599636631560e+01
2.262342567540963216e+02 1.052463199104516178e+01 4.526636704709726899e+01
2.260250454210517432e+02 1.030881927765059203e+01 4.514286566055989880e+01
2.262824475056389701e+02 1.051384681152654110e+01 4.537784915148412779e+01
2.269835044239823105e+02 1.106868563007295414e+01 4.594734082944746945e+01
2.275081206653129300e+02 1.184297309611263316e+01 4.641488573019613995e+01
2.277729734898555023e+02 1.228583819418273038e+01 4.673293546554468492e+01
2.279189305943829709e+02 1.255422570465910326e+01 4.686895900011812444e+01
2.280344502505892024e+02 1.273231897671854718e+01 4.695181262339620076e+01
2.280937220512878127e+02 1.283227791496279124e+01 4.702471017712804269e+01
2.281052497173488689e+02 1.288943250403586482e+01 4.703755969423054495e+01
2.281367502714013256e+02 1.279799078641699595e+01 4.702013376007560197e+01
2.281437453946147116e+02 1.271508428909726085e+01 4.694713608315849029e+01
2.281346105601836030e+02 1.265449738723485673e+01 4.694518649349480199e+01
2.282110146753589959e+02 1.269785297641480248e+01 4.702401831466804794e+01
2.283598404778913391e+02 1.277124777113414744e+01 4.711140110585495933e+01
2.285001715593904805e+02 1.288931663113605985e+01 4.725208993086999953e+01
2.286015198474527779e+02 1.300393855361371642e+01 4.730525309228769970e+01
2.286899983687795554e+02 1.305566511606977187e+01 4.740504328359048714e+01
2.287562990420798599e+02 1.310657944324759150e+01 4.741688706892187355e+01
2.287725482475630088e+02 1.318761172453749353e+01 4.744455144250510159e+01
2.288148531057874493e+02 1.315573317733616143e+01 4.754119619081904347e+01
2.288457506707690925e+02 1.314872455436745291e+01 4.758309718136359123e+01
2.288954432700907375e+02 1.318270568845939650e+01 4.764927298192720428e+01
2.289177954899567453e+02 1.319249863596222383e+01 4.768037866813664039e+01
2.289291330344637458e+02 1.319699967938081109e+01 4.771935921161428951e+01
2.289926831326182253e+02 1.318391054162143305e+01 4.772823305077595535e+01
2.290223263453349887e+02 1.319555295560267894e+01 4.771116036021847151e+01
2.290445581923827660e+02 1.321334563311040000e+01 4.768357023528948702e+01
2.290622912459711529e+02 1.325779020255257912e+01 4.769127072071818674e+01
2.290706183450425044e+02 1.325663034857493194e+01 4.770010518559351453e+01
2.290949764035526925e+02 1.326830763692408155e+01 4.771635101613783547e+01
2.291270135728789796e+02 1.334030408198851347e+01 4.774050320337943987e+01
2.291543989515189992e+02 1.335515831275558085e+01 4.776876381615583256e+01
2.291795096213881209e+02 1.335886737052890894e+01 4.776555424932923444e+01
2.291064208211226116e+02 1.328966537481508148e+01 4.768979137253137424e+01
2.281867511151360475e+02 1.231849747723322430e+01 4.680758236256967564e+01
2.265394637222200345e+02 1.084467969018061595e+01 4.538601875341009162e+01
2.257892069456241018e+02 1.026993098250094150e+01 4.480390255426620172e+01
2.256538381491835423e+02 1.015412333151461688e+01 4.470499097203862959e+01
2.260088547145082885e+02 1.041358075384883719e+01 4.499822140723699704e+01
2.266351207384366262e+02 1.112420899871189839e+01 4.559170552533735332e+01
2.271739015980335239e+02 1.177872888553894981e+01 4.608405847644011288e+01
2.274619222526591784e+02 1.210646132038856848e+01 4.634559261113392381e+01
2.276225625910530255e+02 1.231063386976111040e+01 4.646564931010625088e+01
2.277548961925065214e+02 1.248382335570167712e+01 4.658145133619453304e+01
2.278700209808697252e+02 1.248311236858831919e+01 4.672990589545564433e+01
2.278846783402050846e+02 1.244273460043536694e+01 4.678704473481418091e+01
2.278345897480608073e+02 1.234298265843931652e+01 4.674304903223629282e+01
2.277976004184924079e+02 1.225215742964658716e+01 4.676048059128928003e+01
2.278210877427846697e+02 1.228840314769294828e+01 4.674693471180835047e+01
2.279558276756233681e+02 1.236169219432897748e+01 4.679458997305673762e+01
2.281546408221350930e+02 1.249306168825690122e+01 4.691541165816369841e+01
2.283213031763799279e+02 1.262518491852335245e+01 4.702468542757662817e+01
2.284305893205685720e+02 1.278648112002970016e+01 4.709891045724796044e+01
2.285271474454525560e+02 1.287231931421242948e+01 4.717634730370512131e+01
2.285750907014810309e+02 1.295063364476518863e+01 4.727888244525568240e+01
2.286109010524184271e+02 1.299761729318656123e+01 4.739303412625645961e+01
2.286476361365950254e+02 1.301776117807864708e+01 4.739397348423059952e+01
2.286796676810232896e+02 1.307357591643651418e+01 4.742344570004668469e+01
2.287412974389839064e+02 1.303985577761403114e+01 4.748377160663962826e+01
2.288218369792047611e+02 1.302468992749506427e+01 4.755885387077358928e+01
2.288694652409425032e+02 1.306730978001023757e+01 4.756218381041843912e+01
2.288996653185660932e+02 1.308810615307597480e+01 4.760900546177600745e+01
2.289319769829171776e+02 1.311010737930375036e+01 4.763888154527199248e+01
2.289630804191673974e+02 1.313344058138946302e+01 4.765026746390221746e+01
2.289792227515876277e+02 1.319794241229377718e+01 4.759930926251961836e+01
2.289932208728716887e+02 1.328552769981044079e+01 4.756515825650659934e+01
2.289986916487138728e+02 1.333437431446555088e+01 4.757443596334816505e+01
2.290210978676011564e+02 1.335509981381587430e+01 4.757074265528937218e+01
2.290406443883204588e+02 1.338689961244452498e+01 4.760310156878406929e+01
2.290949617788177477e+02 1.342080874784144484e+01 4.759829453091163032e+01
2.290569925920092658e+02 1.338549338793234433e+01 4.754088794640597371e+01
2.285911632851654645e+02 1.287424527930431317e+01 4.709146084227223383e+01
2.270017122189660199e+02 1.127269168246325570e+01 4.580631676050871448e+01
2.259645901418036829e+02 1.041950039655531235e+01 4.498768709817134237e+01
2.257904117987861525e+02 1.026901412411899983e+01 4.482909084772838781e+01
2.261010074192405170e+02 1.049736473526417413e+01 4.509915007790483799e+01
2.269405358277881248e+02 1.113031988795203020e+01 4.576578487014922558e+01
2.275534697183613559e+02 1.173033338770734701e+01 4.629261844629066047e+01
2.278062537616505665e+02 1.219646531406618273e+01 4.651642751475129245e+01
2.279191330907127337e+02 1.246548618806284203e+01 4.661579133878198178e+01
2.280369049560976578e+02 1.268882389006699185e+01 4.668381098092596915e+01
2.281167458839808546e+02 1.278984143412400698e+01 4.674811369043936082e+01
2.281119230963938662e+02 1.280943857892575721e+01 4.676223668446009185e+01
2.280577879525933724e+02 1.277626630517321793e+01 4.668629606088389750e+01
2.279889167008848005e+02 1.264137450008718666e+01 4.669712961452573552e+01
2.280209178708635989e+02 1.258764997384422379e+01 4.677662967358716628e+01
2.280966008741091571e+02 1.267627699247951156e+01 4.686004803662933682e+01
2.282303069506865256e+02 1.279270450723080721e+01 4.696026122026538019e+01
2.283886658304318189e+02 1.292679082691626213e+01 4.707995792576259220e+01
2.285011446667529071e+02 1.301591508653905649e+01 4.722282583628171437e+01
2.285681664519830463e+02 1.303994577598280991e+01 4.735053914647797058e+01
2.286240543140155523e+02 1.307857870076104945e+01 4.741890978226019371e+01
2.286787778221519716e+02 1.311843110343625085e+01 4.746872500435929254e+01
2.287024597679167073e+02 1.314927241943739844e+01 4.748439034542499115e+01
2.287454418638662048e+02 1.312663895466894637e+01 4.749481665644810136e+01
2.287845607798358571e+02 1.317168088828390005e+01 4.750113454193643037e+01
2.288503462124749035e+02 1.319875127263318326e+01 4.751510228877101838e+01
2.288886708928400537e+02 1.321609283331739526e+01 4.753398844645941068e+01
2.289328949662787238e+02 1.325193693364307812e+01 4.749713411444417233e+01
2.289572833992383778e+02 1.330416073708664015e+01 4.746965086257811350e+01
2.289544585754383093e+02 1.328854602010338581e+01 4.745715346409346580e+01
2.289912364088400807e+02 1.333069450616207519e+01 4.745997603793431097e+01
2.290264606454007890e+02 1.338481390024805862e+01 4.745082320382942953e+01
2.290614070119979147e+02 1.340173471855822562e+01 4.751411793161248909e+01
2.291089632750406508e+02 1.336216356078546141e+01 4.762099661943626927e+01
2.291289035386233763e+02 1.335125125857093842e+01 4.771233371395143763e+01
2.290673097800102482e+02 1.322153773462856030e+01 4.763701632907903871e+01
2.278998093159561620e+02 1.198567788458834116e+01 4.668326649079485691e+01
2.262791861897503054e+02 1.063238703798493567e+01 4.535367896456876480e+01
2.256400740236583147e+02 1.014919704580354498e+01 4.485811419668018374e+01
2.255958184507905742e+02 1.010807566612855091e+01 4.479952413362507713e+01
2.260651138198120123e+02 1.042585540637075958e+01 4.518891220096635664e+01
2.268780690849978328e+02 1.107091983957790760e+01 4.582877585343765503e+01
2.274464852824542618e+02 1.161720993806987323e+01 4.629764373020739043e+01
2.276434523374263961e+02 1.203861492510448272e+01 4.649898920582064221e+01
2.277813050888452722e+02 1.231923096393877870e+01 4.665016959067617108e+01
2.278949460291032096e+02 1.249918382729313038e+01 4.674124681490147992e+01
2.278898138721235682e+02 1.258817083940353498e+01 4.679519408710716988e+01
2.278835297360235472e+02 1.243392038519301757e+01 4.673462405993891622e+01
2.278367035847475393e+02 1.228572457124214701e+01 4.658103959365736557e+01
2.277854236391965514e+02 1.219130728255550444e+01 4.655240211271170381e+01
2.278420078636074777e+02 1.225294154043458050e+01 4.654688521270551860e+01
2.279947002210584799e+02 1.239592982377194375e+01 4.669942794786844331e+01
2.281711015237848699e+02 1.259933513705064101e+01 4.683184029789460112e+01
2.283264713327070865e+02 1.273005326778452151e+01 4.699565082882872957e+01
2.284486654929379483e+02 1.285207305617585760e+01 4.712277802464830501e+01
2.285244688690017369e+02 1.290816341453811233e+01 4.720022612090156144e+01
2.285877905962954344e+02 1.295164050151591084e+01 4.728370860778148455e+01
2.286588386835488507e+02 1.299005518024985761e+01 4.730583920666438047e+01
2.286914102181897874e+02 1.300623463699720439e+01 4.728182426693516049e+01
2.287411320669812937e+02 1.303278978068522420e+01 4.729025036421214878e+01
2.287609722073787282e+02 1.306116401640220204e+01 4.732573784600154454e+01
2.287911441605120899e+02 1.312282077387347279e+01 4.729455678615825320e+01
2.288624644928310659e+02 1.317535507168932618e+01 4.736955355184187511e+01
2.288744781500835188e+02 1.322127898931831780e+01 4.733832974277341066e+01
2.289061913252822364e+02 1.324321496672872733e+01 4.731922533904072736e+01
2.289386289873496025e+02 1.328244638065935135e+01 4.732599884127100154e+01
2.289448962487554979e+02 1.333150224152187313e+01 4.733921735168549816e+01
2.289466242174360673e+02 1.340035211861784958e+01 4.734087107171182396e+01
2.289796918680848989e+02 1.341305538837108635e+01 4.740552477486345850e+01
2.290080807285367825e+02 1.344837299823940668e+01 4.742986370872027635e+01
2.290249970469285188e+02 1.348302462017875847e+01 4.745816707072184215e+01
2.289714963916279089e+02 1.340535265298316503e+01 4.738326030340699901e+01
2.279447173769975450e+02 1.227143395525956038e+01 4.650129091410218507e+01
2.260703517248749961e+02 1.058786147001085531e+01 4.495705952829604968e+01
2.251636586586868134e+02 9.847925256354727708e+00 4.427886332060231211e+01
2.248682142636164656e+02 9.575670065980053991e+00 4.405304053864023928e+01
2.250986697116114783e+02 9.701226790264426469e+00 4.420617501307788899e+01
2.256798578025773168e+02 1.033757375647566334e+01 4.482425681034531095e+01
2.263475939498596574e+02 1.102654389389192247e+01 4.546299098328842803e+01
2.267312671207834285e+02 1.146961598821021333e+01 4.580808185351640560e+01
2.269137511882597096e+02 1.172836692334951358e+01 4.597976049184108405e+01
2.271004404295172208e+02 1.192153604715914561e+01 4.611582002576203365e+01
2.272464177836776571e+02 1.208131577615155727e+01 4.623353001726843559e+01
2.273360685337578388e+02 1.205480563164792684e+01 4.618651711937721416e+01
2.273504817725178668e+02 1.202516579386998608e+01 4.609414616860069458e+01
2.273345486863050553e+02 1.198473402669576693e+01 4.600119472834554557e+01
2.273697335485794326e+02 1.201355262935859258e+01 4.600098435715852929e+01
2.274687767534213378e+02 1.210712055843987756e+01 4.605916380265608012e+01
2.276335581417586695e+02 1.225430389074197990e+01 4.622262446493157029e+01
2.278243445587548592e+02 1.247739634719120794e+01 4.640419954888317733e+01
2.279949848408997468e+02 1.264140937445508861e+01 4.655178787384478767e+01
2.281392983502174161e+02 1.279126340835072284e+01 4.666914462175373046e+01
2.282083507236431217e+02 1.289117734741057753e+01 4.670646807026622582e+01
2.282932799343011823e+02 1.283196067071284396e+01 4.685645260179659033e+01
2.283707111558603060e+02 1.284565504750226417e+01 4.697278224332183783e+01
2.284379646868900409e+02 1.287209656824970061e+01 4.703335227049009859e+01
2.285065659434922622e+02 1.289669537239637620e+01 4.709361517822489418e+01
2.285852526422958704e+02 1.291319882327132795e+01 4.718213419881764992e+01
2.286238090684606448e+02 1.292380850597082897e+01 4.721506910187252970e+01
2.286288714767044894e+02 1.292225153419094319e+01 4.723363351539253330e+01
2.286647752009494923e+02 1.296970542408918803e+01 4.723057694579285481e+01
2.286926926949448955e+02 1.300245358052885258e+01 4.728872826680016317e+01
2.287228893976296717e+02 1.305252867291780383e+01 4.730136403777681409e+01
2.287584005039908561e+02 1.312344513755688169e+01 4.726679116441014372e+01
2.287747892069456270e+02 1.316823732569847216e+01 4.724764513643189900e+01
2.288468531507866430e+02 1.318671624076813664e+01 4.716164719514458881e+01
2.288659271800698605e+02 1.326686766302360709e+01 4.719690068117515125e+01
2.288335356421664812e+02 1.325241617495682966e+01 4.716698297343360480e+01
2.280803494186667990e+02 1.239228601481598169e+01 4.652452849292106407e+01
2.261247557388022358e+02 1.057080340418829856e+01 4.492430349699911574e+01
2.249057908325411574e+02 9.660210033693140019e+00 4.402132286352309620e+01
2.244884571467142109e+02 9.297386109876757843e+00 4.367638161558321741e+01
2.245508575157075200e+02 9.332881466523419434e+00 4.372994076982354983e+01
2.249951682125761465e+02 9.839424910423499426e+00 4.416787958218257160e+01
2.256586024378308082e+02 1.056420539877714759e+01 4.479927776309054366e+01
2.261765115507281507e+02 1.106103801868591141e+01 4.519883114618547637e+01
2.264587869344868238e+02 1.135185874756020041e+01 4.540821347613074721e+01
2.266774739707842912e+02 1.151292545322615979e+01 4.564737064140712164e+01
2.268475618879407705e+02 1.164942147923568960e+01 4.582755975047952290e+01
2.269040257395334663e+02 1.170152040994256915e+01 4.590397061553259306e+01
2.269186279748679453e+02 1.168562669801609921e+01 4.594656121857791220e+01
2.269144981747205918e+02 1.164254335390171136e+01 4.595766139238726566e+01
2.269231278933069405e+02 1.167552888103903186e+01 4.593298721460673306e+01
2.270086555931173677e+02 1.172908128540170125e+01 4.599287662911109464e+01
2.271944887248918690e+02 1.192854917004629378e+01 4.614302765762370484e+01
2.274529955394558556e+02 1.217078877945337290e+01 4.632862229372092600e+01
2.276607691485591829e+02 1.238260444029451968e+01 4.650542971408643211e+01
2.278235458232319672e+02 1.251402455830488059e+01 4.661441323876005072e+01
2.279345239367536351e+02 1.258718310730617951e+01 4.664112812955265497e+01
2.280239440660137973e+02 1.267312254965378671e+01 4.670961126329585511e+01
2.281020187759096984e+02 1.274722270658844359e+01 4.675035352484236029e+01
2.281578863883092083e+02 1.278873895410645645e+01 4.680537740253458168e+01
2.281947654698758470e+02 1.286668991624526726e+01 4.682636727209319361e+01
2.282802222959708729e+02 1.279595682328257844e+01 4.686797576793920683e+01
2.283648162627052329e+02 1.279482059387673587e+01 4.689354655446869913e+01
2.284495002278083575e+02 1.277467445902543020e+01 4.695519431210309591e+01
2.284818636412215085e+02 1.280334231442055071e+01 4.697488483021245287e+01
2.285030380074361176e+02 1.287614536986517066e+01 4.691032562534804384e+01
2.285325945967229302e+02 1.292357226025278294e+01 4.689051248446121889e+01
2.285636946580343363e+02 1.297272486936174296e+01 4.685908280412417781e+01
2.285791350031780667e+02 1.301391149785410128e+01 4.685546261974001681e+01
2.286232229540839569e+02 1.306692616196331436e+01 4.689088710267126459e+01
2.286594540473953998e+02 1.309878895945010946e+01 4.690352174866830381e+01
2.286735072926803127e+02 1.310383899291825394e+01 4.699806053515280269e+01
2.284981994701346082e+02 1.286099751941996061e+01 4.694915317159876622e+01
2.269926561331076016e+02 1.132109505515212611e+01 4.577587256230980728e+01
2.253637025328915797e+02 1.005560099223201576e+01 4.452173516855007307e+01
2.248104836849832111e+02 9.566728728041804075e+00 4.411837710441498217e+01
2.247751087011547781e+02 9.493237185076020879e+00 4.409325180981094405e+01
2.252876156619661288e+02 9.902183022932709022e+00 4.454830268701379481e+01
2.261945022246471808e+02 1.060917758365629560e+01 4.530793504367733249e+01
2.268030723193142251e+02 1.113654665009196698e+01 4.577890775729689921e+01
2.271122965896243215e+02 1.141484410595058030e+01 4.602400931483116864e+01
2.272443646958898853e+02 1.172174866830538775e+01 4.613583678795821896e+01
2.273205246904899752e+02 1.186459857915075311e+01 4.621478673199048615e+01
2.273417811802161168e+02 1.193163611409543279e+01 4.625677997086302895e+01
2.272645850793954310e+02 1.192025694534286551e+01 4.618551026262648662e+01
2.271973461731006125e+02 1.176545975104201247e+01 4.614007458614812407e+01
2.271534067195032094e+02 1.169095235148862955e+01 4.606658529314156425e+01
2.272253019164027705e+02 1.173999133765700442e+01 4.610926251961683420e+01
2.273653911272858181e+02 1.187402365832119244e+01 4.625738408491346121e+01
2.275534652184429092e+02 1.207736372278252368e+01 4.637888525770470238e+01
2.277425866656166988e+02 1.227695423020457710e+01 4.655682215759839693e+01
2.278612776393427737e+02 1.252354076082371037e+01 4.652592009269832118e+01
2.279306405071408221e+02 1.266579105753708134e+01 4.648137315011165072e+01
2.280205376277554876e+02 1.277631355431682714e+01 4.641198553276221617e+01
2.280587689348130596e+02 1.284645490800479273e+01 4.644695664891073505e+01
2.281412490648606877e+02 1.285474825768782914e+01 4.662517929362530111e+01
2.281823918191482790e+02 1.282990533296583990e+01 4.676238743172780232e+01
2.282506409571326458e+02 1.284710627119883419e+01 4.689629487965530785e+01
2.282769373555104266e+02 1.286654254391639185e+01 4.693454981128466841e+01
2.283347556825532649e+02 1.290809929070035622e+01 4.696477351348006835e+01
2.283557635517856284e+02 1.294781444586316788e+01 4.699955000815609907e+01
2.283968815565217767e+02 1.291949870908589837e+01 4.701979401623345467e+01
2.284468801502972894e+02 1.292189941557309218e+01 4.703374713833311915e+01
2.284829964956885249e+02 1.295846462782862041e+01 4.706163988277712207e+01
2.285222290345987517e+02 1.300885021458986124e+01 4.709884070851215654e+01
2.285884048351623505e+02 1.303490024243310508e+01 4.711979345374365380e+01
2.286269398867145526e+02 1.304952722731900572e+01 4.711976645423301591e+01
2.284935150550396372e+02 1.287244081201028223e+01 4.700486666179175188e+01
2.272676180244233137e+02 1.151464554704945975e+01 4.599957588268712527e+01
2.256909782260196664e+02 1.018932731844235384e+01 4.469289856621348633e+01
2.250649270731967988e+02 9.714466675291509645e+00 4.421203953178348911e+01
2.250076442364482148e+02 9.694880780285856758e+00 4.416191044037326918e+01
2.255298788959450178e+02 1.014322115411658132e+01 4.454882692751193929e+01
2.263911250358587210e+02 1.088550632519785566e+01 4.518503889617000624e+01
2.269500475303885025e+02 1.141966239361911484e+01 4.563912229090847461e+01
2.272860294407163906e+02 1.173798324905361135e+01 4.591802273583791560e+01
2.274598129158908932e+02 1.204394395351584279e+01 4.613204110675494007e+01
2.275429342843160896e+02 1.222492842317232942e+01 4.625717933862448916e+01
2.275666747290205478e+02 1.228194576473301503e+01 4.626481570021543632e+01
2.274686316310516929e+02 1.218818996405690136e+01 4.623006957998886435e+01
2.273258987180857389e+02 1.196678835196112090e+01 4.614794044357945779e+01
2.272742362794674307e+02 1.181042856098233251e+01 4.615603017195313384e+01
2.273303975115451010e+02 1.182686563806031010e+01 4.618572625871156134e+01
2.274774717208250649e+02 1.201127904556729931e+01 4.634120744061513619e+01
2.276704732226728254e+02 1.224533105337465777e+01 4.653920722686901001e+01
2.278612843892204580e+02 1.243316327391566034e+01 4.664812325276604099e+01
2.279969636800333035e+02 1.259873214797981866e+01 4.675785826381896726e+01
2.280792019394648378e+02 1.267765846744027769e+01 4.681833266772039792e+01
2.281459132303226909e+02 1.275700890421361144e+01 4.686069489990494219e+01
2.281915097788852620e+02 1.281462585990628966e+01 4.691680888283899975e+01
2.282227549625663130e+02 1.287377616280704906e+01 4.695537993373869767e+01
2.282728008054853888e+02 1.287187382228697174e+01 4.694698871082961489e+01
2.283155230311450623e+02 1.283164680140172464e+01 4.695437757690641689e+01
2.283486806801626585e+02 1.282482042512979525e+01 4.694853443281340333e+01
2.284085487200544549e+02 1.286597217925425163e+01 4.700503428375360926e+01
2.284511663226103906e+02 1.290164415769964101e+01 4.698301168291325070e+01
2.284804889161383983e+02 1.295619104403732713e+01 4.693906997935662417e+01
2.285346881837766659e+02 1.302617940049836598e+01 4.692172279377436439e+01
2.285696806745377785e+02 1.307169832546785138e+01 4.697432234040758203e+01
2.286161727068696905e+02 1.311266783289552862e+01 4.697605143406775596e+01
2.285103762494304931e+02 1.298273493792924960e+01 4.687196607061496678e+01
2.272501774655334259e+02 1.157258199695130507e+01 4.589448703742244362e+01
2.255022955208936821e+02 1.012342938784234470e+01 4.454693246184913136e+01
2.247430130328887685e+02 9.546788464459082135e+00 4.399366186487869612e+01
2.245601104729976782e+02 9.405980391605401891e+00 4.389511927596312546e+01
2.249400937108015057e+02 9.656689972494248764e+00 4.416920705812206904e+01
2.256147597324798539e+02 1.037596256067858747e+01 4.484616916318391588e+01
2.262343152530360442e+02 1.105935167425090349e+01 4.542062312620583953e+01
2.265801677344598204e+02 1.145826494394789030e+01 4.571432380288107566e+01
2.268413486255561509e+02 1.175374308840652304e+01 4.591365331503366320e+01
2.269763248041129202e+02 1.193353057975824250e+01 4.603808955962673366e+01
2.270546110101754493e+02 1.189796772433499683e+01 4.604214286116064159e+01
2.270560701087292728e+02 1.177807414740607861e+01 4.594455312997452268e+01
2.269240053774025228e+02 1.153901710531496683e+01 4.577877838464177529e+01
2.268921932039981755e+02 1.147871369831421795e+01 4.574810019068404188e+01
2.269240683762606920e+02 1.153470730843003444e+01 4.581190565920992697e+01
2.271022032725656743e+02 1.169099172577497114e+01 4.604051051574690234e+01
2.273476828232488174e+02 1.193601115979772942e+01 4.625072195566455235e+01
2.275656881219027809e+02 1.217669154746570293e+01 4.645767657961199149e+01
2.277102603765306696e+02 1.234039520533690393e+01 4.655598629774835473e+01
2.278246651779436434e+02 1.244639865902430564e+01 4.665661797379922149e+01
2.279441200128247544e+02 1.253141111817348374e+01 4.673764575517068920e+01
2.280640012149779920e+02 1.259896051884059531e+01 4.676358665999178754e+01
2.281218251669188533e+02 1.264008752341363895e+01 4.680004387420478196e+01
2.281856936343028792e+02 1.269235745102120028e+01 4.683543573272734761e+01
2.282344345008746700e+02 1.274801019231526489e+01 4.691577502657764143e+01
2.282772883491486766e+02 1.272860091910834157e+01 4.699388686080065014e+01
2.283096618873782973e+02 1.273248659868039923e+01 4.703520398692773341e+01
2.283441987613974504e+02 1.276159657106214951e+01 4.708501358412878801e+01
2.283358907869794905e+02 1.274096894493787246e+01 4.709314381176841380e+01
2.284016818445165597e+02 1.275515831275558121e+01 4.707412265652685335e+01
2.284387859220051666e+02 1.279454272391312841e+01 4.707282443005720296e+01
2.284939954213329827e+02 1.281679369561426718e+01 4.709621725606223208e+01
2.285482801874215966e+02 1.287470989588313763e+01 4.711474117031628595e+01
2.284993885735821095e+02 1.278375979435372756e+01 4.704571467142157815e+01
2.273304571354644281e+02 1.153069000624363660e+01 4.601740568452196811e+01
2.252802144211136124e+02 9.885488325524100617e+00 4.430366912099718490e+01
2.241986072752431483e+02 9.107789921307675840e+00 4.349611375793814005e+01
2.238224107188057133e+02 8.793910485372451902e+00 4.319268988249587693e+01
2.240136831269933282e+02 8.933581203840679663e+00 4.335152800355493241e+01
2.247003088069028820e+02 9.414103869367368205e+00 4.386221362237809274e+01
2.253135520668687946e+02 1.006562906047327921e+01 4.450763579910113776e+01
2.257124844612191339e+02 1.058709198395779083e+01 4.489934132443849535e+01
2.259317339873214792e+02 1.086201112604834051e+01 4.512197591418655662e+01
2.260964973759850523e+02 1.109911970345537569e+01 4.529457028591356504e+01
2.262972162379556949e+02 1.129041348625556118e+01 4.539767129220783204e+01
2.263860750023905837e+02 1.131938283618609375e+01 4.541621658107446535e+01
2.263990280176171837e+02 1.128036966829976251e+01 4.539514233804512600e+01
2.263489315506156458e+02 1.119312974952329043e+01 4.533449468728379372e+01
2.263191229658962413e+02 1.119359886602055276e+01 4.530868878001586353e+01
2.263977646655154388e+02 1.127999730004893664e+01 4.537913162823923585e+01
2.266313891810710857e+02 1.142802099211951727e+01 4.548771016025334291e+01
2.268785899505571422e+02 1.167028647605762082e+01 4.565184468531507633e+01
2.271280361793442353e+02 1.190891827585624974e+01 4.583805356027922073e+01
2.273024350183652871e+02 1.208071166210112501e+01 4.595458007323617267e+01
2.274389591688650682e+02 1.222007188619706319e+01 4.606899162452680230e+01
2.275652313801812454e+02 1.225280991782024032e+01 4.620137810002193390e+01
2.276457112964827445e+02 1.228730516759383740e+01 4.632932540597701632e+01
2.277129130784504412e+02 1.229685511950095922e+01 4.642148823552572878e+01
2.278043547960693331e+02 1.234223567197844496e+01 4.650041343000658145e+01
2.278628222363469717e+02 1.239620431879672147e+01 4.654106456820470328e+01
2.279061542009551147e+02 1.241508035166862634e+01 4.657620105635585617e+01
2.279584803775431681e+02 1.241220827872494858e+01 4.665971504266484970e+01
2.280010226064652556e+02 1.244571917134001993e+01 4.669876195993947476e+01
2.280515780651475666e+02 1.250625769907920493e+01 4.674058757685016730e+01
2.281187112233590710e+02 1.255736102283146138e+01 4.675103863742469912e+01
2.281295436520213116e+02 1.261423774194092751e+01 4.672416062458867714e+01
2.281855833863011185e+02 1.268568744691502381e+01 4.669854483887479546e+01
2.282191685275704458e+02 1.270317075503006521e+01 4.667293467805895801e+01
2.280028506983310876e+02 1.245868231138310556e+01 4.650401673969659555e+01
2.263788740079085926e+02 1.076606836501088438e+01 4.526476620111260729e+01
2.247027657623705466e+02 9.535895286897924095e+00 4.406213037388697273e+01
2.240652454424263453e+02 9.026669891608214868e+00 4.363466174675583886e+01
2.239502725263104708e+02 8.914697296111507185e+00 4.356486801176728818e+01
2.243948127190194555e+02 9.247107396178444461e+00 4.390067892519448378e+01
2.250989768310449506e+02 1.005060045786670031e+01 4.447101883778356779e+01
2.256284844837187222e+02 1.074373751975745428e+01 4.481213178011148557e+01
2.259401713343945630e+02 1.113993283871729822e+01 4.504020002137460921e+01
2.261480169421929247e+02 1.140031049437228994e+01 4.523566522856773275e+01
2.263229265219567878e+02 1.159251438567675940e+01 4.537385097395110023e+01
2.264711887097046485e+02 1.155636991579527617e+01 4.544910311000612779e+01
2.265266952036494388e+02 1.147757071903071768e+01 4.547572237753190905e+01
2.264866774289716034e+02 1.138697836101720640e+01 4.542838998543151519e+01
2.264959168865064214e+02 1.134740045336678271e+01 4.544219573520229716e+01
2.265635956598286782e+02 1.140931483116868428e+01 4.550222577215787823e+01
2.267009657949949712e+02 1.157901013044138594e+01 4.561053880898408863e+01
2.269090971476142045e+02 1.173626990510796908e+01 4.578387904219236049e+01
2.271021346488094821e+02 1.187058009573576456e+01 4.592526985448388643e+01
2.272681591396155909e+02 1.202258396566562304e+01 4.601706706565943250e+01
2.273673035926223918e+02 1.213090712730831733e+01 4.612653320658563416e+01
2.274609851446442406e+02 1.219780628976099734e+01 4.620143322402281427e+01
2.275543697020491436e+02 1.225456038609300258e+01 4.628933350583020712e+01
2.276213498630337426e+02 1.222742587790596325e+01 4.640538865233067867e+01
2.277018905282341734e+02 1.226739865339940749e+01 4.651398518401853721e+01
2.277849263982090235e+02 1.233021076492988577e+01 4.656796058071447675e+01
2.278348372435749525e+02 1.233889673249672292e+01 4.661528622293720758e+01
2.278885212705519621e+02 1.239652381300588857e+01 4.660394080357293234e+01
2.279206068140015020e+02 1.245722996270692562e+01 4.656752858854433441e+01
2.279482666876662904e+02 1.249541177066165609e+01 4.658690523734257027e+01
2.279869389867308769e+02 1.253586491244846179e+01 4.661300138934981874e+01
2.279981426586643067e+02 1.256580174484337498e+01 4.658487577412659419e+01
2.280253941647307556e+02 1.256107683048244716e+01 4.661624583054432236e+01
2.280841259752166934e+02 1.264060726399334023e+01 4.663868242388106466e+01
2.281086291560965549e+02 1.266126301460785974e+01 4.665576973917347914e+01
2.280328077803589792e+02 1.256131757611893285e+01 4.654773569729048432e+01
2.268108650530709269e+02 1.128459509171396213e+01 4.555789988806452584e+01
2.251024361433449030e+02 9.896113757938136857e+00 4.421812792143142445e+01
2.244957560144222271e+02 9.476252242928097758e+00 4.371980695349896706e+01
2.245454868630505985e+02 9.490196365190881167e+00 4.375542380794347963e+01
2.252253615403220692e+02 9.966215737339760850e+00 4.426977686029440662e+01
2.259984970272413705e+02 1.089789235070114337e+01 4.500832147417327889e+01
2.264564762263684088e+02 1.150297388359835971e+01 4.538106659316800062e+01
2.266867933018714041e+02 1.179288900388680439e+01 4.564693302433893507e+01
2.268437639567782753e+02 1.199348524307996833e+01 4.578531676613361157e+01
2.269574228967099998e+02 1.212691457467333400e+01 4.588258362817173719e+01
2.270117144126762696e+02 1.222203722557528671e+01 4.591570077792339788e+01
2.270874592898003641e+02 1.210415623716820122e+01 4.588360960957582790e+01
2.270715127038322407e+02 1.194511449479978182e+01 4.581250189840309162e+01
2.270431609677074505e+02 1.184944622878710341e+01 4.571201984464031653e+01
2.271102131273870555e+02 1.186389771685388261e+01 4.576997429421592045e+01
2.272620932495598538e+02 1.193797649917595294e+01 4.593078675449007164e+01
2.274442398231531968e+02 1.208761791192534574e+01 4.615237286324185106e+01
2.275939633594141185e+02 1.222725263104606164e+01 4.627404840787260554e+01
2.276823203829430611e+02 1.229496065383814951e+01 4.636092720819435442e+01
2.277432639033417558e+02 1.234931179372373933e+01 4.639923388888576739e+01
2.277947204706914590e+02 1.241193828361860874e+01 4.646724565617248004e+01
2.278208402472705245e+02 1.248998936894268752e+01 4.645783070181852992e+01
2.278269140121835221e+02 1.251239221289114134e+01 4.647365241504997613e+01
2.278810829053723523e+02 1.258027685748195879e+01 4.649695074276778683e+01
2.279168190076554765e+02 1.263299565195380758e+01 4.651963258165945803e+01
2.279565127882057141e+02 1.255803713557691736e+01 4.667406865750558609e+01
2.279657072465561498e+02 1.254122656526850399e+01 4.675880437167076309e+01
2.279976746671466685e+02 1.255536530900377379e+01 4.682292933440581351e+01
2.280783413300633811e+02 1.257256962217559781e+01 4.682421631107936122e+01
2.280908499783441528e+02 1.260574752082618488e+01 4.688984649653225034e+01
2.281607539613344500e+02 1.263169742548416252e+01 4.689084997834414281e+01
2.282082910997238230e+02 1.265172993739488483e+01 4.686843363464037537e+01
2.281980852847042058e+02 1.267687098171345639e+01 4.682509379517496484e+01
2.278952205241280069e+02 1.233440131397618345e+01 4.654246854275766054e+01
2.263923737632255495e+02 1.083905029221345373e+01 4.522851935808663626e+01
2.251867544900748612e+02 9.909597763540535453e+00 4.428438697048616035e+01
2.249225552786855644e+02 9.711381981201590463e+00 4.410140453704276808e+01
2.252641958364504546e+02 9.943117655992484316e+00 4.437151326632204729e+01
2.261169270056980167e+02 1.061950939639219094e+01 4.506270186352872287e+01
2.268262187747847065e+02 1.122490367362091490e+01 4.565294379039379891e+01
2.271849185233517687e+02 1.156955355184187262e+01 4.590665594186105380e+01
2.273156591536778421e+02 1.188855501994026298e+01 4.602268408885088746e+01
2.273782395194087087e+02 1.212305701959152060e+01 4.609283669233494862e+01
2.274238394429100936e+02 1.225740883446487572e+01 4.616497263487099190e+01
2.273932456224230805e+02 1.230617670054730262e+01 4.615003178067397727e+01
2.273943931016250417e+02 1.217682879497809090e+01 4.611270945714108649e+01
2.273013224135312669e+02 1.199037917437746437e+01 4.599581395087214020e+01
2.272489602375956963e+02 1.192002407456364921e+01 4.594978991005788060e+01
2.273454002396206590e+02 1.200376643173342472e+01 4.601307451302444917e+01
2.274918354604822923e+02 1.219800316119270356e+01 4.612200741361562706e+01
2.276504137112514741e+02 1.236885043958578301e+01 4.626725915592779614e+01
2.277839127915806614e+02 1.248310674369027140e+01 4.634468475258886144e+01
2.278738931606864639e+02 1.257123314639922107e+01 4.642177960524465163e+01
2.278882760249970545e+02 1.261361112829829878e+01 4.646527469189621229e+01
2.279517507495176574e+02 1.268221913477818141e+01 4.650543196404564839e+01
2.279922488904888667e+02 1.268426659766791786e+01 4.653737126014591041e+01
2.280484146224849553e+02 1.268908938525489205e+01 4.659957588268712669e+01
2.280959731354869291e+02 1.271490429235970154e+01 4.663618159420860820e+01
2.281421557984261597e+02 1.274686946299098267e+01 4.666010766054865400e+01
2.281541435811475935e+02 1.274192630258576564e+01 4.666587205606898436e+01
2.281802341082567978e+02 1.278409953819586953e+01 4.670540496453502044e+01
2.282425051045949829e+02 1.277948149689786916e+01 4.675605042158611013e+01
2.282970756155044683e+02 1.281858128821415121e+01 4.674459812915890922e+01
2.283106552443736916e+02 1.281763630534196530e+01 4.676369578301392949e+01
2.282207277493095319e+02 1.269625775532818501e+01 4.666808826590018100e+01
2.269989605188405903e+02 1.139038029935707463e+01 4.567231143935516258e+01
2.252129057660829972e+02 1.004994459475421920e+01 4.427101658782434868e+01
2.244547280080548433e+02 9.478462827861244833e+00 4.373777287786658974e+01
2.242862893110062430e+02 9.347130458260444641e+00 4.361152654108144588e+01
2.247223415325597102e+02 9.621911227858994664e+00 4.400582739437847835e+01
2.256661814254616729e+02 1.029280069298743960e+01 4.469307181307338794e+01
2.262540698949831608e+02 1.099826865638060269e+01 4.522720313194323438e+01
2.265501037793690102e+02 1.145049470978338491e+01 4.547281993013876900e+01
2.267145960479466282e+02 1.167702510391999127e+01 4.565680922033288169e+01
2.268461984126537629e+02 1.188382785562011712e+01 4.578077859838790431e+01
2.270101416911818433e+02 1.189654350014905937e+01 4.579526158588375750e+01
2.270188614081369849e+02 1.184432532160354512e+01 4.574821493860423516e+01
2.269479730679881300e+02 1.170375799438635234e+01 4.565823456949842551e+01
2.269126644579567085e+02 1.164260410280063596e+01 4.558343355026690347e+01
2.269697594231104461e+02 1.170103891866959955e+01 4.565659772416624662e+01
2.270948279062442055e+02 1.181865891180722272e+01 4.576029609463328285e+01
2.272695034902492353e+02 1.197279461809754686e+01 4.597784127662686160e+01
2.274353637340323075e+02 1.211667613524504894e+01 4.621647307642548697e+01
2.275741220940370511e+02 1.225811082174135613e+01 4.635938373616978225e+01
2.276770937276761799e+02 1.234022983333427170e+01 4.645038221182240790e+01
2.277831219309150015e+02 1.235746677091477785e+01 4.647540513328195999e+01
2.278566854725758049e+02 1.235647453889898273e+01 4.649705311591227286e+01
2.279259470922089577e+02 1.237538432115917963e+01 4.653380394980340640e+01
2.280112610458935478e+02 1.241192928378173121e+01 4.654787069484365247e+01
2.280371153272846811e+02 1.246311923096393848e+01 4.661595671078461578e+01
2.280731236746333934e+02 1.250661206765627398e+01 4.661845529049786307e+01
2.281062138248744304e+02 1.254927016947817897e+01 4.669296156507163431e+01
2.281187809720948678e+02 1.255338534489062319e+01 4.675012402900197372e+01
2.281583071306832551e+02 1.260906733565454196e+01 4.679526271086336209e+01
2.281690349362417862e+02 1.260043424212936181e+01 4.683480349418666577e+01
2.282219213526754800e+02 1.266229799584882443e+01 4.681195853325158396e+01
2.282429618463165468e+02 1.264956547662573527e+01 4.678054010271063845e+01
2.277946754715070767e+02 1.215828013117262252e+01 4.634292978439766131e+01
2.259210669306618797e+02 1.048155877174726136e+01 4.482085937192388059e+01
2.247986545243867340e+02 9.620429629712962338e+00 4.398181245464925837e+01
2.244520078073584841e+02 9.449785972629246800e+00 4.375482419381148702e+01
2.246031060687025160e+02 9.662356494788532757e+00 4.391810035943098711e+01
2.254138957481395664e+02 1.033977759153115272e+01 4.458412428774728653e+01
2.262381514335052657e+02 1.106963173792474997e+01 4.525945854731382667e+01
2.266456685472575714e+02 1.144071301207665670e+01 4.557579043879829328e+01
2.268468981499710253e+02 1.169167571337769473e+01 4.572022094599535080e+01
2.270078287331042191e+02 1.190811729037411126e+01 4.581001456848594700e+01
2.271100758798746710e+02 1.203915491531716064e+01 4.586190312800580671e+01
2.271536969642425277e+02 1.211592914878417915e+01 4.586283123618384394e+01
2.271732266102676761e+02 1.214794494349789922e+01 4.585479663181104826e+01
2.271753235722602540e+02 1.213443956328291584e+01 4.584726826826263846e+01
2.271855226374021868e+02 1.208959450109966838e+01 4.588487521163678906e+01
2.272930459385423774e+02 1.213336858269443930e+01 4.591360719086966213e+01
2.274145628610481538e+02 1.219443022595215531e+01 4.597474758270006134e+01
2.275544237010704194e+02 1.230980813472755742e+01 4.611219871639826806e+01
2.276328719041967474e+02 1.239639106541194025e+01 4.620343118780971992e+01
2.277193704614103922e+02 1.238726635579730129e+01 4.634592560509840808e+01
2.278007616111958100e+02 1.239094728908038512e+01 4.648805890393236950e+01
2.278580095735764814e+02 1.243105393714738938e+01 4.656550250026717919e+01
2.279136735646666523e+02 1.245456376103183160e+01 4.666642779599619928e+01
2.279330412136280017e+02 1.248625556161794492e+01 4.668207401240852761e+01
2.279681552021869493e+02 1.253078787946968475e+01 4.667335767039222105e+01
2.280031724424994763e+02 1.256343816268330116e+01 4.667980605351527856e+01
2.280198513901935655e+02 1.260474853893273206e+01 4.665931792486261287e+01
2.280863658096197071e+02 1.265343428150364780e+01 4.667567512838829913e+01
2.281356871656701344e+02 1.265799382386194338e+01 4.665893430681568788e+01
2.281808517220625276e+02 1.268168926938199270e+01 4.664357046028541021e+01
2.282387769221682845e+02 1.270859653168786352e+01 4.665089407754484796e+01
2.282877000354368704e+02 1.273458356067296293e+01 4.664767663586097513e+01
2.282989160821460075e+02 1.277543719520083698e+01 4.664473818912032499e+01
2.282402056462726705e+02 1.267130458260444037e+01 4.657558906744814919e+01
2.272967842457855454e+02 1.163785781382712514e+01 4.582743487774283864e+01
2.256607387741097170e+02 1.023229478965693673e+01 4.456028709479640781e+01
2.250568418447415695e+02 9.825283916729009803e+00 4.409671899696817832e+01
2.251527834807993997e+02 9.897710104004364240e+00 4.418605925267604562e+01
2.257423189204695575e+02 1.056110945489112929e+01 4.477327048447246938e+01
2.265184356033547033e+02 1.142267171407518234e+01 4.541839566657854022e+01
2.268946636592211803e+02 1.191320782310820547e+01 4.576356528537920099e+01
2.270922584528155426e+02 1.215135138175620533e+01 4.592605734021071129e+01
2.272212396150319762e+02 1.228629718586350705e+01 4.604017752178241807e+01
2.273119118465977806e+02 1.239775904061738920e+01 4.612993739488472045e+01
2.274117380372480852e+02 1.244525117982236573e+01 4.611319544833249751e+01
2.274815002728075513e+02 1.237420984244660538e+01 4.608627581125092121e+01
2.275098070097479592e+02 1.236578599512883869e+01 4.604652465674059414e+01
2.274973186111001837e+02 1.232711707100308729e+01 4.597759828103115609e+01
2.274984109663012362e+02 1.238268206388759118e+01 4.598039273038175878e+01
2.275643966453108078e+02 1.240034199380136215e+01 4.610636344716252211e+01
2.276703112256090265e+02 1.245017409059460789e+01 4.624285272329439067e+01
2.277908809152834237e+02 1.249078360454716830e+01 4.637211738037247954e+01
2.278359925976341742e+02 1.256384428032241907e+01 4.641287201669469908e+01
2.278735061677006968e+02 1.259070316850507076e+01 4.647444215073601725e+01
2.279173938722360617e+02 1.259711667726022455e+01 4.652173291859084969e+01
2.279716673885285729e+02 1.261217340435704592e+01 4.657921037681192189e+01
2.280025683284490583e+02 1.263827968118077827e+01 4.661073343045656969e+01
2.280299402073337376e+02 1.266653579403873309e+01 4.663391476029497085e+01
2.280597611668288494e+02 1.268797115552280630e+01 4.669277256849719748e+01
2.280902616140082557e+02 1.269475703252878596e+01 4.669697099240076454e+01
2.281321018556538718e+02 1.272644095825763166e+01 4.670864940572952406e+01
2.281275490631732339e+02 1.275938036123095287e+01 4.668801277976836417e+01
2.281648196376440580e+02 1.278684448844364674e+01 4.670908027292005471e+01
2.282074653646902789e+02 1.280842384731776740e+01 4.672262840236020764e+01
2.282002238709423523e+02 1.286208537470258406e+01 4.679795703702870213e+01
2.282158745872731060e+02 1.289794522474280214e+01 4.681685106957436204e+01
2.280655109376142491e+02 1.276582086949674100e+01 4.671050899702442649e+01
2.269346904337358808e+02 1.155255510993863233e+01 4.581042181110467482e+01
2.255054972128630197e+02 1.034361827191882099e+01 4.465545249492353008e+01
2.250642543353901601e+02 9.938433240897508014e+00 4.416936005534899579e+01
2.252443590709918340e+02 1.001271339456972420e+01 4.425788470083979576e+01
2.260308424409807628e+02 1.062297545856981351e+01 4.484757538769609653e+01
2.268103925616348135e+02 1.130678081459773487e+01 4.547628711729599615e+01
2.272134761307451356e+02 1.168682705125969612e+01 4.579348974299841046e+01
2.273566207862482429e+02 1.200833947384703571e+01 4.596077196100820572e+01
2.274250375461944884e+02 1.220133760075598595e+01 4.608682592628008479e+01
2.274749641412749384e+02 1.237488258025323340e+01 4.614862105624335697e+01
2.274723294390289254e+02 1.247754709445891308e+01 4.613341920677687824e+01
2.274511663226103906e+02 1.244765301128917123e+01 4.613986871487954033e+01
2.274095308272537466e+02 1.231006125513975036e+01 4.613980796598061573e+01
2.273430265326441031e+02 1.215915761526822259e+01 4.612319876702234467e+01
2.273745563361664210e+02 1.217095302647639521e+01 4.613108149914782530e+01
2.275260775898436805e+02 1.230251601689719365e+01 4.625202580703224697e+01
2.276582548191314004e+02 1.243038907419803074e+01 4.633548916925880690e+01
2.277720825060045797e+02 1.253465330940876754e+01 4.642682401381475188e+01
2.278244356821032568e+02 1.259816740821572623e+01 4.651914884042727039e+01
2.278864175586817566e+02 1.261680157047153550e+01 4.659228713979559444e+01
2.279156974029845628e+02 1.266671691575590231e+01 4.664286284811088024e+01
2.279399058392066593e+02 1.269681349525539815e+01 4.671564790388174515e+01
2.279844235323234898e+02 1.271603377188788464e+01 4.669762235559480246e+01
2.280024817050191075e+02 1.273227060259532806e+01 4.664540417704929354e+01
2.280341982551566389e+02 1.276850507084559005e+01 4.664531080374167971e+01
2.280514003183692182e+02 1.280504103363126589e+01 4.664810075317384985e+01
2.280978822258846606e+02 1.278399154015333394e+01 4.661423099206326981e+01
2.281521973664227403e+02 1.277775577817652142e+01 4.665644585191893157e+01
2.281961019456522308e+02 1.279109241145004283e+01 4.667391003538060801e+01
2.282227797121177275e+02 1.282376631923546384e+01 4.673276109370517872e+01
2.281448996236943287e+02 1.273436756458789176e+01 4.664506893312558589e+01
2.270761228702729682e+02 1.164437594568598477e+01 4.575776376553174885e+01
2.253253531029750150e+02 1.011227071509328823e+01 4.438512214466112482e+01
2.245717708866526721e+02 9.553704839099792068e+00 4.381326688453771823e+01
2.244467755271935800e+02 9.420590501797155625e+00 4.371600227245880887e+01
2.249200983232178999e+02 9.785814007121121705e+00 4.410563108543657762e+01
2.256832192416512441e+02 1.069272756931280632e+01 4.470243501836529276e+01
2.262265033946259791e+02 1.147790821291364161e+01 4.513291971583014828e+01
2.265235542605790329e+02 1.185703309127521976e+01 4.530458147946068692e+01
2.267081015406595839e+02 1.209936607398990915e+01 4.547469864608704171e+01
2.268350127403940917e+02 1.226538381491835494e+01 4.558005186156000832e+01
2.268844015952210782e+02 1.232908016042209276e+01 4.560366180862971675e+01
2.269233787637598994e+02 1.219950500897171253e+01 4.557767590462422902e+01
2.269013752875729040e+02 1.204372345751233198e+01 4.550551183759794327e+01
2.268445829419341635e+02 1.181425349165546379e+01 4.538727985555262023e+01
2.268844960935083179e+02 1.190820953870211163e+01 4.540567327217193849e+01
2.270048486621180075e+02 1.198843070969338598e+01 4.560040836759833383e+01
2.271932073731163655e+02 1.215888087028422682e+01 4.580619413773125359e+01
2.273766825476288318e+02 1.233170248789240731e+01 4.597564081651020018e+01
2.275032033794387587e+02 1.244073663664846130e+01 4.613058425816031871e+01
2.275822466967786113e+02 1.252757606268386326e+01 4.620007874857267893e+01
2.276241386874862940e+02 1.256499738442240677e+01 4.621809529702274233e+01
2.276853645777670181e+02 1.264070738717860820e+01 4.622118561601070752e+01
2.277401837091702816e+02 1.270313588066216326e+01 4.625198643274590893e+01
2.277907886669554216e+02 1.274998903144880558e+01 4.623860367530838289e+01
2.278095510768867200e+02 1.277876713484568150e+01 4.627704197861413604e+01
2.278898779959613137e+02 1.268904551105011258e+01 4.635942986033378332e+01
2.279402185835381829e+02 1.264014039745529594e+01 4.640304869474240945e+01
2.279866757415021823e+02 1.258869507990167591e+01 4.649976656673097608e+01
2.280217391059786962e+02 1.259326587205606884e+01 4.654295790888789952e+01
2.280654524386745550e+02 1.264418132421349839e+01 4.658252794168105737e+01
2.281074220529752949e+02 1.268309886883300308e+01 4.661513772562872049e+01
2.281387538600862968e+02 1.269740860946895289e+01 4.671121098430091223e+01
2.280345683734482236e+02 1.256346403721432559e+01 4.668439597032303823e+01
2.266360105973079158e+02 1.113873023551448149e+01 4.559698167970705640e+01
2.247701644157699548e+02 9.713814187117858268e+00 4.416053346533094270e+01
2.239752391987895237e+02 9.195168212576147582e+00 4.353954472075193394e+01
2.237957059528295929e+02 9.116375765689246791e+00 4.339322537279011982e+01
2.242494203542560740e+02 9.479772304126987237e+00 4.380139272475686596e+01
2.252337482633127195e+02 1.017958836996079519e+01 4.455680078298581037e+01
2.259976600424117237e+02 1.078829908707904650e+01 4.506697566106614516e+01
2.263254419763641749e+02 1.108814552736231640e+01 4.535893149436666505e+01
2.264703809743448346e+02 1.130457922950146532e+01 4.549498652836917501e+01
2.265711127735809782e+02 1.151461179766116771e+01 4.562004826162525717e+01
2.266373470730842996e+02 1.162549428791603212e+01 4.563999977500407823e+01
2.266144368633318606e+02 1.163573385232392710e+01 4.556654085644697716e+01
2.265416349328668559e+02 1.158663299227701415e+01 4.554049757848139279e+01
2.265402962071312345e+02 1.147412940640450962e+01 4.549131121998414073e+01
2.265993531367244032e+02 1.145831781798954907e+01 4.547448827490001833e+01
2.267400453366782642e+02 1.159092141454936176e+01 4.554079569807797156e+01
2.268983805918517760e+02 1.177379584995022022e+01 4.566918512101968020e+01
2.270919310837491025e+02 1.196075171137523085e+01 4.578765334878305282e+01
2.272584573154611576e+02 1.212256540350206180e+01 4.587279518058735306e+01
2.273725088732766721e+02 1.222728975537318341e+01 4.598023298327717612e+01
2.274526940449204346e+02 1.228812415274973091e+01 4.602187972842992281e+01
2.275031111311107566e+02 1.236243130593257966e+01 4.606804439169540188e+01
2.275393647240143764e+02 1.240634713495817820e+01 4.608126515206912188e+01
2.275960906958561338e+02 1.243588122465280321e+01 4.616146044852936825e+01
2.276431418430540816e+02 1.243531423492949273e+01 4.623554598072909982e+01
2.276791198159533280e+02 1.242822236346966136e+01 4.629129884520843063e+01
2.277164770138541314e+02 1.247731759861852474e+01 4.635171475017015297e+01
2.277429950332150099e+02 1.250084879711555175e+01 4.638170895652516634e+01
2.278078174833081277e+02 1.248356686035065621e+01 4.639653956272042734e+01
2.278554626197400239e+02 1.248743341526934891e+01 4.639504783975790758e+01
2.278972308626906056e+02 1.253076875481631980e+01 4.642992670757842433e+01
2.279556218043547915e+02 1.254730933001839333e+01 4.646538268993874254e+01
2.279972325501600210e+02 1.256761071205584379e+01 4.648248800490490851e+01
2.277794803719182539e+02 1.231168685067583191e+01 4.630595282960496206e+01
2.261635360359093454e+02 1.070348124940235479e+01 4.499341324438494638e+01
2.245693409306956312e+02 9.541564059151427912e+00 4.376647223269078069e+01
2.240815430220327187e+02 9.180136235030740721e+00 4.341613670752217757e+01
2.241161091455217331e+02 9.198026785764508162e+00 4.343226104026864220e+01
2.246660936770521175e+02 9.776949167796333384e+00 4.384476406365134693e+01
2.255379393748488326e+02 1.058594787969468065e+01 4.453085425326666069e+01
2.262010619807516036e+02 1.115469032123792736e+01 4.491551965620622866e+01
2.264024243310589952e+02 1.140137810002193675e+01 4.516051771561640749e+01
2.265625899280575481e+02 1.156712809580326429e+01 4.526876550362524654e+01
2.267078472952677828e+02 1.169773035363733982e+01 4.532505048345998944e+01
2.267748825802532338e+02 1.177054128393922916e+01 4.536104645603298735e+01
2.267865114944791571e+02 1.176442476980104779e+01 4.536360915958398010e+01
2.267447500014062314e+02 1.170881027781371486e+01 4.531896209381204699e+01
2.267056535850287844e+02 1.166735252923540678e+01 4.529082635377233856e+01
2.267866824913798496e+02 1.164491031100061313e+01 4.548675842750350284e+01
2.269075716752633980e+02 1.174765132381975619e+01 4.570718580725724678e+01
2.270675066514419314e+02 1.189120884683965151e+01 4.591421467985892946e+01
2.272089334630809958e+02 1.200611651413818137e+01 4.609193108374910963e+01
2.273384073663664822e+02 1.212289277256849651e+01 4.618371254521012048e+01
2.274383134305690817e+02 1.216647560762961255e+01 4.621590383674296021e+01
2.275212683020120323e+02 1.224393045376052491e+01 4.622258171570640428e+01
2.275490226739640320e+02 1.230641069630612883e+01 4.622305420714249635e+01
2.275833233022651427e+02 1.233949072173066774e+01 4.627288630393574209e+01
2.276213048638493319e+02 1.239876702234771955e+01 4.627110096129507610e+01
2.277056625848656495e+02 1.238983805918517689e+01 4.634875380383730459e+01
2.277710733992946359e+02 1.235971223021582688e+01 4.641712781455836279e+01
2.278047834133006404e+02 1.237556994279478673e+01 4.646281098655087050e+01
2.278460870396723976e+02 1.239472384563029728e+01 4.649493702926634597e+01
2.278729009286706741e+02 1.242516466889037652e+01 4.650470972713619489e+01
2.279123955878299626e+02 1.250055630241701898e+01 4.650440035774351344e+01
2.279294615285097905e+02 1.254536649023236450e+01 4.652463874092281770e+01
2.279664722326907906e+02 1.256454626759889948e+01 4.653806087264668179e+01
2.279967769334180900e+02 1.262841698494214704e+01 4.657080002924946882e+01
2.280459587919968953e+02 1.266001878715948337e+01 4.656552724981859370e+01
2.279770886652679280e+02 1.257335823288202903e+01 4.649839634156631263e+01
2.269546543218904162e+02 1.149348130565133452e+01 4.563287190419673323e+01
2.251255803488561753e+02 9.992021644607691044e+00 4.422168623193704917e+01
2.243728969912420439e+02 9.414840731011750563e+00 4.363940353581091358e+01
2.242831033687514548e+02 9.489516877506595449e+00 4.359364611516416232e+01
2.248671241583746223e+02 1.005364465269066976e+01 4.409093435181487308e+01
2.258271210084317318e+02 1.092762443680708273e+01 4.484975784813899935e+01
2.263796389940432334e+02 1.144792863129355709e+01 4.526676303991990125e+01
2.266499547195707009e+02 1.169869783610172043e+01 4.547700597926662880e+01
2.268183022932709321e+02 1.188624993671989749e+01 4.563082894122543820e+01
2.269607719610082199e+02 1.201414661859253741e+01 4.575421782980183139e+01
2.270612348901176176e+02 1.206084902211147458e+01 4.582208559969850370e+01
2.270907543550773084e+02 1.208020654625634904e+01 4.585641210253064060e+01
2.270812887766409176e+02 1.204040251770436676e+01 4.581205190655919068e+01
2.270332735219174083e+02 1.193240447516888736e+01 4.585725021233989906e+01
2.270672299064579533e+02 1.185536924643240830e+01 4.596257755328184658e+01
2.271753989458941021e+02 1.193745338365742192e+01 4.606942361669694463e+01
2.273272194441475733e+02 1.208479308812527719e+01 4.622089874621022432e+01
2.274510133253834852e+02 1.225448951237758877e+01 4.634923304515105968e+01
2.275328330924002103e+02 1.232497398484652429e+01 4.643604659665543721e+01
2.276339406348259899e+02 1.238465077820464444e+01 4.644510155753427227e+01
2.276978316018022213e+02 1.244193024001440051e+01 4.644473706414071046e+01
2.277276784358283521e+02 1.249865508687654980e+01 4.642102136898768805e+01
2.277612838267306472e+02 1.252012307276930692e+01 4.644142399919001463e+01
2.278157519644956324e+02 1.252177004291797147e+01 4.653363407788233985e+01
2.278710717118252091e+02 1.256073821161991511e+01 4.656649585726258778e+01
2.279058549563789029e+02 1.258281481148154235e+01 4.659227813995871514e+01
2.279368886438933259e+02 1.258257856576349631e+01 4.663134980678475472e+01
2.279340300707049778e+02 1.258678598950394090e+01 4.662041050505959561e+01
2.279368200201371337e+02 1.260196533937822316e+01 4.665722321282926544e+01
2.279787603849680124e+02 1.264234985740883488e+01 4.658460127910181825e+01
2.280016075958623389e+02 1.269393017251562306e+01 4.653436981454711230e+01
2.280510549496290480e+02 1.271732974839830987e+01 4.649666387296730363e+01
2.280748527682935674e+02 1.279110478622575009e+01 4.650178703011007997e+01
2.280140881196528255e+02 1.265223955315809867e+01 4.652461174141218692e+01
2.270257676579612109e+02 1.153888210776179690e+01 4.571751761999313857e+01
2.253666049802847340e+02 1.009904995471957001e+01 4.451148322936646906e+01
2.247224259060304519e+02 9.593925110107379695e+00 4.393906322947896825e+01
2.247153160348968584e+02 9.606766752352614347e+00 4.394654546886337698e+01
2.253711645226430278e+02 1.009023798943644223e+01 4.451283320489816475e+01
2.261654091269595597e+02 1.104933260584651933e+01 4.513047401015856508e+01
2.266210179940488558e+02 1.170028068241263064e+01 4.546697791102536002e+01
2.268480130047642831e+02 1.203798493652302604e+01 4.564113150449148293e+01
2.270075643628959199e+02 1.225777107789921239e+01 4.579167627586750200e+01
2.271750198277656239e+02 1.224936860519403048e+01 4.587902531766611958e+01
2.273109139896839395e+02 1.219559007992980071e+01 4.596402765199880491e+01
2.273311422480467456e+02 1.218315905524212361e+01 4.597947362204060084e+01
2.272829458716060742e+02 1.206286723553135687e+01 4.593883598359779796e+01
2.272023984565279875e+02 1.198135796288692312e+01 4.586086252186679246e+01
2.272224152187241657e+02 1.199958600750361448e+01 4.589516202518829147e+01
2.273295391521028819e+02 1.213779650243839292e+01 4.594081257277211705e+01
2.274596452939290430e+02 1.230187927843807749e+01 4.605508462659114599e+01
2.276095252023557123e+02 1.242804461669132188e+01 4.614323802881072822e+01
2.276913753438219032e+02 1.252675145262992196e+01 4.619602657201838269e+01
2.277407990730168024e+02 1.259919563957903321e+01 4.628763253666027566e+01
2.277854585135644356e+02 1.267085571574015290e+01 4.637767702960383787e+01
2.278249486728053057e+02 1.272204678790197008e+01 4.642234659496796922e+01
2.278695901136791804e+02 1.276938592988002164e+01 4.646830988688329711e+01
2.279238152558484956e+02 1.282482829998706286e+01 4.653555891799461364e+01
2.279482846873400490e+02 1.286715790776292145e+01 4.653407506988936149e+01
2.279930960001350115e+02 1.281552246865525646e+01 4.662802661701756790e+01
2.280400402742700408e+02 1.275385896130632624e+01 4.669993981359088053e+01
2.280744331508991536e+02 1.276088108403035193e+01 4.674368352073618382e+01
2.281070249351730581e+02 1.276940730449260641e+01 4.676188231588302813e+01
2.281585400014624838e+02 1.282672839054792213e+01 4.670290525984216856e+01
2.282031274433150827e+02 1.289637137826876945e+01 4.670297500857797246e+01
2.282705170968776258e+02 1.292217278561825999e+01 4.673062363244666528e+01
2.282247934256191684e+02 1.288716567012222924e+01 4.664511843222841492e+01
2.271843627834245467e+02 1.174130418886157656e+01 4.573271721950039392e+01
2.253833379270000705e+02 1.021873878535951619e+01 4.426188062841360704e+01
2.246193057750828359e+02 9.603503186504743994e+00 4.375778851508316336e+01
2.245409846946524226e+02 9.511567602837198265e+00 4.370770329787772823e+01
2.250670274101281905e+02 9.856971217396685248e+00 4.415023315202412135e+01
2.260100651925683906e+02 1.060746423971065511e+01 4.488042029238219754e+01
2.265140886821426420e+02 1.135530793504367786e+01 4.532454086769677559e+01
2.267493725426226661e+02 1.179072904303609448e+01 4.555214224242185850e+01
2.269160630213577292e+02 1.204307546925712025e+01 4.572085768445447229e+01
2.270638853420781800e+02 1.226108639280912982e+01 4.585885555824300752e+01
2.271473374545086301e+02 1.238859495671640865e+01 4.592908016042208885e+01
2.271523132393225239e+02 1.245042833598641074e+01 4.593523829880583520e+01
2.272100505678334628e+02 1.234615735089801447e+01 4.590644444569441873e+01
2.272395272835679805e+02 1.221992113892935627e+01 4.589405054533386874e+01
2.273039312412462607e+02 1.224245898043098002e+01 4.588907813545879577e+01
2.274073776162807121e+02 1.232944802875447898e+01 4.599342111924221399e+01
2.275609722073787395e+02 1.242885572698994778e+01 4.615291847835258210e+01
2.276899308700029678e+02 1.249905557961761993e+01 4.630176115557905803e+01
2.277928721291926593e+02 1.260622001226227695e+01 4.638088997136927105e+01
2.278560813585253868e+02 1.266600930358137234e+01 4.644370995775701516e+01
2.279276908106040480e+02 1.274910029755710639e+01 4.650827366253986384e+01
2.279793048750991318e+02 1.281480810660306702e+01 4.655996310066880284e+01
2.280571950883390286e+02 1.279934188692829977e+01 4.661524122375281820e+01
2.281433764013027314e+02 1.280565527249818558e+01 4.661738318492977129e+01
2.282341487560537985e+02 1.276156282167385747e+01 4.667620161884565988e+01
2.282651183197304476e+02 1.283371113898560623e+01 4.670968551195009866e+01
2.283004303047007397e+02 1.286679116441014514e+01 4.675363396538437399e+01
2.283126127088946475e+02 1.290248564244773100e+01 4.679609294581536005e+01
2.283482081887265736e+02 1.292564784763276187e+01 4.683308790028181079e+01
2.283854753882585840e+02 1.298191370281413626e+01 4.685571574015220619e+01
2.284127156445289302e+02 1.300191471529578457e+01 4.683647071396831052e+01
2.284605452776168306e+02 1.304145549861908826e+01 4.690790916914630770e+01
2.284615217599180994e+02 1.307752459486671803e+01 4.695038727423065694e+01
2.282279388686079926e+02 1.281237927562562895e+01 4.671666263548973319e+01
2.266348001192478421e+02 1.118385091770211659e+01 4.532093418306793353e+01
2.253272025694534193e+02 1.024487543663271083e+01 4.424858786934486687e+01
2.250721573171486227e+02 1.001221615358221584e+01 4.408593831736799729e+01
2.253288484146224846e+02 1.020603439062666951e+01 4.435644866436796008e+01
2.261821128242050634e+02 1.088271750074529898e+01 4.516068083765981811e+01
2.269050584708152201e+02 1.155899224326559072e+01 4.578976718546976343e+01
2.272300639550908272e+02 1.190139328724666790e+01 4.608069253744776006e+01
2.274027888244525570e+02 1.207103571247771079e+01 4.619066266923911712e+01
2.275325372227628407e+02 1.223924266372672065e+01 4.628626118651599342e+01
2.276236718209482319e+02 1.236574887080171692e+01 4.636531012875391866e+01
2.276807116621011176e+02 1.244703764744263985e+01 4.639013280384293125e+01
2.276494552286239923e+02 1.240321294176542999e+01 4.634306365697121777e+01
2.275951063386976045e+02 1.232992839504784044e+01 4.628004454919254584e+01
2.276242826848763343e+02 1.233153036601211561e+01 4.624203598809771876e+01
2.277082466630292288e+02 1.240127010197940116e+01 4.626363897154364224e+01
2.278539213976746680e+02 1.252964265022696466e+01 4.633669289744123176e+01
2.279799899876814777e+02 1.264383820543252668e+01 4.646376271930071056e+01
2.280823001333100706e+02 1.277095190149678494e+01 4.650809141584309003e+01
2.281524099875689728e+02 1.280204858786934530e+01 4.656127595187336965e+01
2.282135706290323469e+02 1.284797925537599639e+01 4.659079766679229095e+01
2.282447528138552570e+02 1.289766847975880459e+01 4.662823023832692826e+01
2.282980037236825126e+02 1.292500098435715827e+01 4.668312699332324911e+01
2.283450503709620136e+02 1.297782215197349487e+01 4.671309870008606424e+01
2.283869929857521299e+02 1.296509300768923545e+01 4.675690765604873178e+01
2.284281076155494645e+02 1.298983243428712875e+01 4.681337488258025559e+01
2.284762916172144287e+02 1.302796136820020223e+01 4.683542110799241698e+01
2.284999263138355730e+02 1.303498461590383606e+01 4.686803314189930347e+01
2.285199903251753426e+02 1.304866549293794087e+01 4.688943137905625491e+01
2.285344665627935399e+02 1.303141730556133737e+01 4.699252338551363550e+01
2.285687030672569051e+02 1.303303840117897927e+01 4.713936134907554987e+01
2.286391099161327816e+02 1.307952368363323359e+01 4.719481046906025057e+01
2.286421237365072727e+02 1.308780915845900239e+01 4.721299913939059678e+01
2.283259223426575488e+02 1.277526844825937502e+01 4.691787873844786816e+01
2.266847660886146514e+02 1.120410280063673802e+01 4.549023123955878134e+01
2.253535990910164628e+02 1.019948250937951784e+01 4.445258267193906931e+01
2.250271705075345494e+02 9.912252715419533899e+00 4.417475208261850383e+01
2.251876567237218865e+02 1.004925723221266587e+01 4.430503372126380413e+01
2.258446144413632624e+02 1.070126953948959603e+01 4.479244688690017284e+01
2.266295262148373695e+02 1.153000601864091301e+01 4.544256135357546356e+01
2.270660340531327961e+02 1.204449069360617841e+01 4.574152243490586756e+01
2.272945747858319976e+02 1.230645794544973803e+01 4.589247782383944241e+01
2.274157868388635393e+02 1.247781033968759345e+01 4.601317351123010724e+01
2.275980414104994338e+02 1.249945719733829819e+01 4.616594461725381393e+01
2.277098317592993624e+02 1.247191544653253104e+01 4.627738284743588792e+01
2.277225282791749521e+02 1.242364707139683055e+01 4.630760542465167617e+01
2.276910052255302901e+02 1.234025908280412409e+01 4.630230564571017027e+01
2.276514430675944141e+02 1.233649602600952910e+01 4.629250257339085550e+01
2.277290891602589795e+02 1.241438848920863336e+01 4.634212992389512920e+01
2.278595035464982175e+02 1.257312873704164069e+01 4.636787845720296275e+01
2.279792148767303672e+02 1.272671320332318956e+01 4.646203587559975290e+01
2.281120389692936783e+02 1.285324303496999043e+01 4.645505650210090209e+01
2.281315832400537715e+02 1.294105219342899460e+01 4.649631062936984449e+01
2.281895163150167889e+02 1.289704974097344525e+01 4.657781427711622513e+01
2.282361354700446157e+02 1.286730528009179864e+01 4.666279861177515897e+01
2.282881849016486626e+02 1.285397989661437457e+01 4.672693257434708869e+01
2.282859484421844911e+02 1.286263661471135755e+01 4.673362957796389594e+01
2.283105303716370145e+02 1.290713518317480535e+01 4.673937372385125855e+01
2.283367952705857249e+02 1.292543072656808079e+01 4.672639483409363237e+01
2.283560796710559657e+02 1.293117374747582637e+01 4.673506505194593075e+01
2.283830476822607523e+02 1.295215799213639229e+01 4.674338765109882132e+01
2.283997007554237939e+02 1.297102502517141964e+01 4.675321322301033433e+01
2.284147316079896086e+02 1.300024187061609560e+01 4.678269781360212676e+01
2.284604474043908056e+02 1.305252079806053445e+01 4.680914945916605063e+01
2.284841754743195281e+02 1.310800029249469922e+01 4.679236926330710133e+01
2.284530810379062018e+02 1.306239474409526302e+01 4.673306933811824848e+01
2.279963989402692164e+02 1.261180553602465970e+01 4.632288827265006148e+01
2.264862735612917106e+02 1.109685624448056807e+01 4.508073191173409811e+01
2.255104651228196531e+02 1.038053672777180836e+01 4.428044954185205739e+01
2.253937181138591939e+02 1.022724925610723368e+01 4.425447713760188151e+01
2.258800040499265833e+02 1.057183501049043528e+01 4.474551836247967884e+01
2.267729813647127628e+02 1.129959106991185713e+01 4.549664362333432877e+01
2.273268088265900246e+02 1.182272458811683968e+01 4.597619205651897545e+01
2.276117256624723666e+02 1.210946839088541438e+01 4.620624588679330458e+01
2.277198013286009086e+02 1.238991343281903035e+01 4.623338714485799983e+01
2.277723907504176566e+02 1.255932636220968490e+01 4.623237128827040010e+01
2.278424578554513573e+02 1.266217199813253380e+01 4.624451769311681204e+01
2.278626321147929161e+02 1.273805524774863507e+01 4.624143524898611446e+01
2.278243378088772033e+02 1.269592138642487100e+01 4.617330648381997804e+01
2.277324798488027398e+02 1.256383865542437128e+01 4.618620550002530933e+01
2.277481654395014061e+02 1.251371856385103065e+01 4.626944274135031065e+01
2.278581760705587271e+02 1.261760593089250193e+01 4.638954668946625048e+01
2.280009798572400825e+02 1.273136836894831347e+01 4.652350476147619673e+01
2.281365421501735398e+02 1.283756194418976193e+01 4.667005248029879283e+01
2.282245931792486147e+02 1.294645547049459644e+01 4.669986781489585326e+01
2.282769474803269247e+02 1.303934616185081730e+01 4.674412451274320546e+01
2.283076177994273905e+02 1.308118640349643691e+01 4.677855338871982838e+01
2.283535327172195082e+02 1.312982152198491370e+01 4.678395779076504368e+01
2.284278522451780589e+02 1.312445086932799398e+01 4.681206203137568167e+01
2.284790309425641794e+02 1.312893953797087399e+01 4.679826528144177189e+01
2.284871926696328615e+02 1.315003515561280523e+01 4.678432565909742635e+01
2.285268110765492509e+02 1.316946355347309350e+01 4.683687233168898700e+01
2.285626619267525825e+02 1.320905496087883435e+01 4.688821077617968314e+01
2.286154504699602228e+02 1.325774970328662761e+01 4.694342027550750629e+01
2.286354402326457773e+02 1.325254104769351038e+01 4.703894904404857868e+01
2.286086949674037214e+02 1.319744179636744086e+01 4.710993413244384698e+01
2.282431890921976958e+02 1.278514126931449368e+01 4.679084266597667607e+01
2.268395351584252637e+02 1.133961671944696015e+01 4.558857695704265467e+01
2.258406061390137438e+02 1.053158211507416375e+01 4.480505228342736501e+01
2.256779295875262221e+02 1.040065023821443191e+01 4.464644253322908440e+01
2.260408558844870868e+02 1.070894640034649292e+01 4.494292640945882766e+01
2.268668507883294581e+02 1.143553360595339186e+01 4.561173353732963420e+01
2.274715802026088340e+02 1.203173904972972430e+01 4.614302765762370484e+01
2.277690045617923147e+02 1.231410668181639245e+01 4.634277003729307154e+01
2.278516241893115648e+02 1.260541902678014026e+01 4.648011767286718054e+01
2.278826983760919234e+02 1.276842744725251855e+01 4.654381851828935623e+01
2.278971262395868962e+02 1.285969479303187590e+01 4.658311743099656610e+01
2.278869721736293457e+02 1.292041444248823012e+01 4.657123539635843912e+01
2.277772349126172173e+02 1.279452922415781302e+01 4.650047080396667809e+01
2.277177808652218118e+02 1.259707617799427304e+01 4.629919170215039514e+01
2.277738835983597880e+02 1.254261366512731968e+01 4.632333938947356700e+01
2.279901395537205815e+02 1.263793881235902639e+01 4.636095308272537352e+01
2.281171891259470783e+02 1.282318132983839654e+01 4.649429016599074060e+01
2.283001648095128360e+02 1.294278353704839013e+01 4.677697279236814154e+01
2.284230260826522567e+02 1.305650322587903034e+01 4.695518981218465626e+01
2.284703089756498287e+02 1.308733329208408058e+01 4.704624116187893890e+01
2.285376041309251320e+02 1.312374775707190366e+01 4.712056856469476429e+01
2.285992563884779543e+02 1.315643516461264184e+01 4.718501977151664306e+01
2.286467766521731733e+02 1.317081352900478741e+01 4.712708444659440232e+01
2.286780623351201882e+02 1.320479578807634091e+01 4.704617816302079802e+01
2.286831236183844283e+02 1.324841687244418686e+01 4.702181110467373060e+01
2.286982692188704220e+02 1.326214049870346123e+01 4.698557663642346682e+01
2.286934138068747586e+02 1.326370084542217676e+01 4.697418621787480220e+01
2.287055264623328696e+02 1.328680230170828125e+01 4.698774334715183443e+01
2.287398664649203113e+02 1.333831511803848535e+01 4.700947570325288183e+01
2.287701587908719034e+02 1.336769846046540344e+01 4.706773389732310875e+01
2.287052103430625323e+02 1.327504063988840244e+01 4.701087180294857149e+01
2.275731501116542290e+02 1.203587559975475507e+01 4.605403614559486414e+01
2.258918433353395585e+02 1.058196995179462441e+01 4.480280457416709083e+01
2.254126200212621143e+02 1.020227808370973221e+01 4.445347703072881984e+01
2.254919738329742813e+02 1.027320354818568937e+01 4.459284175474319767e+01
2.262155674678396338e+02 1.082857785702634068e+01 4.520739674093407245e+01
2.270838661049268410e+02 1.156485901193040888e+01 4.593891810710930912e+01
2.275251382318695335e+02 1.197838126683953774e+01 4.628737041641119987e+01
2.276427087259043560e+02 1.232982039700530486e+01 4.635412670645344235e+01
2.277042743600272274e+02 1.258292393450368785e+01 4.637508732654220722e+01
2.277636834082382222e+02 1.278504789600688518e+01 4.638557888638268167e+01
2.278251781686456923e+02 1.290615195099588774e+01 4.642871622951833643e+01
2.278457877950962143e+02 1.296407040122397802e+01 4.645134181942952267e+01
2.279028310111879136e+02 1.284645828294362246e+01 4.650075204886911706e+01
2.279302917634617813e+02 1.274713833311771261e+01 4.653975059202051767e+01
2.279921465173443664e+02 1.271359031617551949e+01 4.658682536379028249e+01
2.280563097293861574e+02 1.273138749360167843e+01 4.667306405071408193e+01
2.281548511933221164e+02 1.282443230716443239e+01 4.674988778328393124e+01
2.282220113510442729e+02 1.292081043531086060e+01 4.680856671972820493e+01
2.282711977095415250e+02 1.302602865323066084e+01 4.682398231532053501e+01
2.283358671624076806e+02 1.307096708872151680e+01 4.688609356455414456e+01
2.283798819896389318e+02 1.311901046793526859e+01 4.690329900270557317e+01
2.284148767303592535e+02 1.314721708169039438e+01 4.693123562135436089e+01
2.284668564132275037e+02 1.317252687295042790e+01 4.696488938637987332e+01
2.285067808145977324e+02 1.321322863523098690e+01 4.696782108324286753e+01
2.285670988463334083e+02 1.324285384827400058e+01 4.701207215619216839e+01
2.285817967049347317e+02 1.324183461674757112e+01 4.707232606409009179e+01
2.286370140791198082e+02 1.323933153711588950e+01 4.709341380687475009e+01
2.286600941607933350e+02 1.321166716353266146e+01 4.710246314285553382e+01
2.287167908831652312e+02 1.322973096112632874e+01 4.713500092810817677e+01
2.287332369600800916e+02 1.324712764581141933e+01 4.718156833407394402e+01
2.286924238248181780e+02 1.323138918107109241e+01 4.709878445953167159e+01
2.279642638977168474e+02 1.240213746125851557e+01 4.641337713253947328e+01
2.263857532582221950e+02 1.097174163718282536e+01 4.503661021143992116e+01
2.257796569937169977e+02 1.050679881427149098e+01 4.454796294317165462e+01
2.258092068331261544e+02 1.056114657921825106e+01 4.459460459779166541e+01
2.265064534455312923e+02 1.117088440272020122e+01 4.520200583864417609e+01
2.273331762111811827e+02 1.191545553236847610e+01 4.587042934846805764e+01
2.276445683171992584e+02 1.240155809675949605e+01 4.619925863843717906e+01
2.277816977067290622e+02 1.267122245909292921e+01 4.630800479241313639e+01
2.279066131926358878e+02 1.285998053785275097e+01 4.646803876679734913e+01
2.279727799933626216e+02 1.294874255404120866e+01 4.655187112233591051e+01
2.280242669351617906e+02 1.305235092613946435e+01 4.659170215039852536e+01
