2.281670699540769078e+02 1.305027949277902088e+01 4.722602181122105236e+01
2.281685887412040756e+02 1.305202407592138236e+01 4.722717550528879116e+01
2.280779322027805449e+02 1.289956009094748879e+01 4.709293134902446809e+01
2.269593758144383742e+02 1.198719365883907173e+01 4.600127277057327291e+01
2.262673716894484812e+02 1.127414219981486987e+01 4.543311270478912434e+01
2.260184894358918939e+02 1.100505513466878682e+01 4.525704236427525018e+01
2.261136675114358354e+02 1.080719828709570152e+01 4.527809868521563885e+01
2.264461381017856922e+02 1.104689704600397171e+01 4.550320607874326839e+01
2.270635902240435655e+02 1.171754266533660527e+01 4.600653348071859483e+01
2.274780427417253179e+02 1.221241226532941582e+01 4.635750137050317932e+01
2.277684310210024137e+02 1.255277785266866175e+01 4.654101174588624446e+01
2.279438385771930200e+02 1.276039897369532561e+01 4.669066507598429183e+01
2.280073737564368628e+02 1.284411537390022673e+01 4.672101273444591385e+01
2.280200430472801258e+02 1.271544309940416895e+01 4.676573382581578642e+01
2.279867735209799378e+02 1.257556976984533570e+01 4.671475223099943719e+01
2.279697321003298214e+02 1.250459455573229839e+01 4.671678551849954886e+01
2.280480720839736364e+02 1.256954854277318034e+01 4.680688936219927854e+01
2.282257420937693837e+02 1.279263725252307360e+01 4.698520193577957116e+01
2.284143671420739850e+02 1.298801596074519438e+01 4.721375805451457097e+01
2.285905779029953351e+02 1.311691066116667947e+01 4.742011763860055851e+01
2.287216418178713582e+02 1.322961208019914991e+01 4.755017839008564806e+01
2.288195440493201431e+02 1.332524511786327359e+01 4.765305375068525251e+01
2.288841385601179184e+02 1.340034419850278091e+01 4.770801542153083119e+01
2.289278261572888198e+02 1.347141489849289542e+01 4.767826426896012748e+01
2.289890752922991339e+02 1.354398528843475091e+01 4.767135783163929830e+01
2.290192825303532800e+02 1.356750065155069152e+01 4.766127452301996215e+01
2.290463510914597407e+02 1.359365030151069931e+01 4.769182663359485019e+01
2.290892107699082487e+02 1.353005895410387005e+01 4.772057574613787523e+01
2.291295271539367207e+02 1.347437159059250611e+01 4.773440884131819928e+01
2.291874983149551213e+02 1.349110071625641361e+01 4.778091832699756480e+01
2.292221113837139228e+02 1.348705997861116401e+01 4.781297012752419562e+01
2.288908585191376233e+02 1.308764704825069813e+01 4.750856227476566573e+01
2.271886385286637449e+02 1.138816244731426330e+01 4.606653905260036197e+01
2.259326532492158890e+02 1.057850736476953024e+01 4.500163561690617087e+01
2.256377119786471042e+02 1.035467498854169399e+01 4.470038329154422030e+01
2.257410389312771315e+02 1.043721859750343661e+01 4.474617494810061658e+01
2.263235173851697937e+02 1.085093980570309036e+01 4.521179441553656631e+01
2.271177015089015185e+02 1.150213102010370925e+01 4.589662249602329069e+01
2.274811701850403836e+02 1.213694472154071491e+01 4.634130247229786193e+01
2.276703097337179713e+02 1.250390031723778428e+01 4.658156066610948187e+01
2.278568644235349154e+02 1.280967979653644662e+01 4.678783375122446841e+01
2.279393372606112962e+02 1.297465692486047750e+01 4.689496665857845414e+01
2.279478748213852555e+02 1.298857876573831938e+01 4.692363713569329775e+01
2.279384745176278102e+02 1.278356497083749055e+01 4.683279187224214013e+01
2.278921526336128238e+02 1.257077188536302614e+01 4.678447826516764962e+01
2.278994118069971933e+02 1.252626310964924095e+01 4.676862648620959106e+01
2.280185860451322526e+02 1.260737892390786641e+01 4.687651204694759599e+01
2.282111900461028142e+02 1.286172409299650354e+01 4.696823128701481664e+01
2.284062519658857013e+02 1.307882078311899576e+01 4.710919877238863052e+01
2.285487831729170694e+02 1.326603039371635440e+01 4.721370750316788190e+01
2.286796021946024666e+02 1.337220619557304957e+01 4.733682249961805866e+01
2.287504077808632701e+02 1.346375468442479395e+01 4.740771683157639416e+01
2.288114558338500899e+02 1.352516783047100368e+01 4.746096087999784174e+01
2.289180573903822165e+02 1.350361385960655269e+01 4.762303186756895457e+01
2.290340188095944143e+02 1.352001833328839808e+01 4.771429614551598064e+01
2.291162231628517247e+02 1.351939149658946882e+01 4.780220044395316137e+01
2.291512496292901346e+02 1.352185840230783676e+01 4.787317902815597392e+01
2.292093522238099013e+02 1.353018477078895998e+01 4.782188738507993975e+01
2.292638398353598745e+02 1.358800090767751456e+01 4.784950864091019440e+01
2.293258865582845658e+02 1.361010307981271339e+01 4.784879755196678275e+01
2.293832443629631541e+02 1.359266061847887563e+01 4.779234742480206677e+01
2.293973549288686513e+02 1.364948482560908793e+01 4.785226537434957095e+01
2.292431508542054246e+02 1.346631819938349750e+01 4.775250847015897904e+01
2.278048392242502587e+02 1.190201800975978053e+01 4.652993875423508285e+01
2.261913705481113936e+02 1.064323330906868748e+01 4.514682470141004700e+01
2.257437215227413674e+02 1.026215816056006425e+01 4.480778805280706223e+01
2.256081113567531986e+02 1.014214814015978661e+01 4.468239936911919585e+01
2.258254315961643783e+02 1.046694503608242854e+01 4.495750541461091387e+01
2.264354234630143878e+02 1.111161175667053058e+01 4.556575606840832648e+01
2.270182658866032170e+02 1.175697046902662812e+01 4.610222605663548023e+01
2.274052780099395079e+02 1.213057862194782288e+01 4.640538135935941000e+01
2.276929286529526451e+02 1.243150404860118741e+01 4.664672135199015202e+01
2.278460048709031014e+02 1.262549989665058092e+01 4.679117688028542688e+01
2.278800764785707145e+02 1.262593351486883542e+01 4.673348880680848083e+01
2.277804375275223947e+02 1.248080059852794399e+01 4.663367348772838028e+01
2.276597377620806526e+02 1.233905462241514073e+01 4.648504017147016754e+01
2.275956656151986692e+02 1.224942371464775803e+01 4.640399063564386495e+01
2.276857851859840309e+02 1.226524066934476487e+01 4.649350920708527468e+01
2.278701234800895179e+02 1.245075624814645110e+01 4.671275376776037547e+01
2.281209940866158092e+02 1.272670481608296633e+01 4.690675186253628226e+01
2.283448107357579886e+02 1.297426037762979334e+01 4.710369990923224748e+01
2.284739402191007684e+02 1.313823209583636675e+01 4.722890997816181624e+01
2.285710392458188380e+02 1.325353073072533405e+01 4.731549994158510941e+01
2.286749481006173994e+02 1.332767495259407120e+01 4.735933919279609938e+01
2.287726638537650672e+02 1.335630498863156390e+01 4.740799317893828402e+01
2.288446770555300986e+02 1.340863349599633381e+01 4.742751723239240391e+01
2.288735160371338964e+02 1.342497506133563334e+01 4.748183184600037521e+01
2.289234787414736729e+02 1.345740992873383490e+01 4.752252343335759832e+01
2.289918837004484544e+02 1.345292883269076967e+01 4.756072564773125322e+01
2.290136567271485433e+02 1.344067181616384943e+01 4.760759460965373790e+01
2.290344445642698474e+02 1.347427385798891031e+01 4.761801380388773453e+01
2.290550470464533248e+02 1.349837561672642927e+01 4.766106670081691021e+01
2.291194977667538524e+02 1.346572843367214034e+01 4.775435752608449747e+01
2.291662521456238153e+02 1.345430944613697832e+01 4.781548421449947739e+01
2.291950237254320371e+02 1.349828125421261227e+01 4.782095724030088491e+01
2.292208453533202146e+02 1.354442115337952579e+01 4.786528403116658836e+01
2.292147634646320284e+02 1.353346723823389297e+01 4.789676066970424273e+01
2.283811796212917784e+02 1.252731682438686889e+01 4.709458830983257371e+01
2.262881348125780789e+02 1.071589693816109978e+01 4.534438385771930058e+01
2.252080491224286334e+02 9.927393662433834365e+00 4.451946114511157049e+01
2.247113911281263086e+02 9.465663278603075881e+00 4.410572982664258035e+01
2.247915689340630649e+02 9.491173734868297629e+00 4.421575202430059193e+01
2.253733902204488118e+02 9.898529966838315985e+00 4.466458058109334672e+01
2.259538073027598841e+02 1.065551391622406108e+01 4.516913469574829776e+01
2.263797765405803659e+02 1.122201814456337132e+01 4.564972297862014727e+01
2.266363493390130657e+02 1.158929277542620362e+01 4.588655603785284853e+01
2.268750022467265239e+02 1.189712463940039378e+01 4.609472536015026378e+01
2.270657998795754509e+02 1.192316195303442861e+01 4.618161076811086474e+01
2.271481693672319295e+02 1.187287234998606955e+01 4.622547136322378236e+01
2.271260391110152455e+02 1.179859557125268488e+01 4.614653375032577287e+01
2.271344205242961038e+02 1.175110426608431524e+01 4.613272761586368631e+01
2.271782788726825117e+02 1.177348166221814729e+01 4.616158457127964709e+01
2.272992763293880785e+02 1.190500278594088357e+01 4.624494374196795121e+01
2.274810117908207872e+02 1.216466595670108575e+01 4.638876794011125781e+01
2.277378182488114930e+02 1.244622572411995698e+01 4.659803141822364836e+01
2.279577918722421543e+02 1.266386387533363944e+01 4.676536423930333797e+01
2.280894972275394821e+02 1.280349231170185043e+01 4.688955317102981013e+01
2.282117449875531463e+02 1.289021258526327074e+01 4.691446712140411535e+01
2.282943076936902855e+02 1.296029023213178455e+01 4.693952373891240626e+01
2.283556309706757190e+02 1.300858586539412087e+01 4.694835786758692819e+01
2.284150625039317788e+02 1.298485593989557252e+01 4.690258980165898350e+01
2.284235517600855587e+02 1.303084193829590198e+01 4.696167758575754902e+01
2.284635322584993560e+02 1.305938547536239724e+01 4.702905354398641435e+01
2.285031251965885701e+02 1.308317381575045246e+01 4.707356231970019422e+01
2.285238265347388733e+02 1.311312043352834955e+01 4.711212625704348511e+01
2.285459927385798835e+02 1.309890988829275749e+01 4.712620873886746864e+01
2.285578262471578910e+02 1.313373527270766417e+01 4.713910944254221391e+01
2.286156772083074884e+02 1.313028205404725313e+01 4.723600851060005823e+01
2.286730529867982398e+02 1.312954512774886950e+01 4.728642168360698150e+01
2.287197017695218051e+02 1.316254841695649525e+01 4.731224780494819271e+01
2.287775280166796961e+02 1.317386854852479949e+01 4.736743639517223414e+01
2.288113064265365324e+02 1.321454777888616228e+01 4.741644761083102111e+01
2.286706635931447806e+02 1.300688734014540771e+01 4.730581093346993526e+01
2.271453654525356569e+02 1.141927736288227990e+01 4.596563294779506492e+01
2.254120473969426541e+02 1.009170800643462407e+01 4.463498108256270314e+01
2.247591857413748073e+02 9.580390121592838426e+00 4.412903287410243536e+01
2.246193977874237362e+02 9.472722493327221827e+00 4.404678133958822173e+01
2.249439868611433155e+02 9.870333549019079555e+00 4.432228842576365935e+01
2.257306242304961756e+02 1.066692054676336632e+01 4.500695586530424919e+01
2.263804696557116358e+02 1.136739595409488324e+01 4.553588134587905500e+01
2.267764069001464975e+02 1.174735784961311325e+01 4.585937177033062540e+01
2.270328639921634135e+02 1.200942838783891808e+01 4.603462879584445488e+01
2.271738606849819746e+02 1.222182043262965934e+01 4.617107362073458887e+01
2.273453533202124390e+02 1.220392862599192974e+01 4.621371761343722540e+01
2.273608838172782214e+02 1.210070052932876727e+01 4.622648239015754257e+01
2.272810654875845842e+02 1.199821834587006819e+01 4.614946235834388943e+01
2.272818293746012159e+02 1.197651721441859252e+01 4.615275381269490396e+01
2.273819266578595091e+02 1.204010069828260221e+01 4.623609163948127332e+01
2.275580565366261396e+02 1.229316298652862827e+01 4.627017785087127777e+01
2.277500606616160326e+02 1.256267355962362764e+01 4.632643475955532608e+01
2.279111385960655412e+02 1.273432683580023905e+01 4.642363376560351895e+01
2.280357690095530927e+02 1.285843825546179175e+01 4.651871186181733009e+01
2.281002343335759690e+02 1.295422631725575791e+01 4.652143489435891865e+01
2.281520011593108848e+02 1.293404621965795798e+01 4.675025500345996221e+01
2.282190592057372385e+02 1.288278490738993298e+01 4.688577754711385381e+01
2.282649688154359069e+02 1.285176772442551218e+01 4.700675590664401682e+01
2.282995223459419663e+02 1.289753916044323390e+01 4.705265989952638961e+01
2.283543312393842086e+02 1.288596290205171080e+01 4.708353666208334687e+01
2.284343191969300619e+02 1.285922797983338306e+01 4.714913208954553170e+01
2.284845481383624133e+02 1.285770694597970731e+01 4.717706676372525010e+01
2.285311272725638787e+02 1.288420596191349254e+01 4.722834492644217619e+01
2.285475845443189371e+02 1.292598047145309259e+01 4.724214881417774592e+01
2.285830277785266844e+02 1.295132691668239389e+01 4.725042687803869512e+01
2.286187821843574000e+02 1.297491754513673534e+01 4.729834955469880242e+01
2.286356629640613676e+02 1.298461217006821045e+01 4.731414628885713825e+01
2.286701895338491681e+02 1.300562018638843220e+01 4.738469911838451054e+01
2.287172326170769168e+02 1.304024898223288709e+01 4.743414058217177853e+01
2.287374958435559336e+02 1.312888234342562832e+01 4.734171474661417989e+01
2.286479199805882843e+02 1.311845865573858916e+01 4.722258319628301848e+01
2.276412955074456477e+02 1.206548421449947384e+01 4.630110741150144094e+01
2.259032593261617876e+02 1.059161589064732745e+01 4.490493875423508285e+01
2.252632714135504557e+02 1.007693577956916720e+01 4.439869173114771428e+01
2.252155273516486602e+02 1.009569931609644833e+01 4.439026875342625544e+01
2.257364915568017523e+02 1.057678412552910352e+01 4.484690019142109918e+01
2.266374603452769350e+02 1.142672076784125501e+01 4.557504965265607666e+01
2.272127908387479351e+02 1.198373032990932252e+01 4.603023756886216944e+01
2.275181164792896880e+02 1.229373814851761004e+01 4.627358838172781930e+01
2.277160587024704910e+02 1.244631783990725538e+01 4.642199140851779049e+01
2.278508780207237976e+02 1.258932310623421635e+01 4.650580554132628919e+01
2.279056329927295792e+02 1.259939293449444087e+01 4.657503841902348540e+01
2.279199704780135392e+02 1.250883749876430073e+01 4.657662011449318129e+01
2.278223030294860507e+02 1.240085869887573722e+01 4.647464569122788447e+01
2.277587633567891601e+02 1.228663961607937161e+01 4.648955833850080666e+01
2.277932730761280880e+02 1.229774855535484868e+01 4.657716606903741052e+01
2.279471109343686237e+02 1.247425813090327473e+01 4.671221567675895869e+01
2.281354461549522341e+02 1.263495749193425155e+01 4.686444038535853451e+01
2.282858442748914740e+02 1.279781483378717155e+01 4.698127465782354761e+01
2.283796810547032976e+02 1.289503406037403543e+01 4.709374241729799593e+01
2.284454977847276496e+02 1.295919270622702690e+01 4.712505841488950864e+01
2.285151238395657458e+02 1.303998386850359026e+01 4.714327824359907737e+01
2.285422272249332707e+02 1.306605600639867681e+01 4.716157446101031070e+01
2.285691081843753523e+02 1.309558585640721518e+01 4.719077516558374441e+01
2.286311290699451035e+02 1.312977991067015360e+01 4.723094101893541108e+01
2.286959785842028055e+02 1.312019088188509386e+01 4.728165637665920684e+01
2.286992060068480157e+02 1.312795107528331151e+01 4.728887510896623780e+01
2.287604360446829048e+02 1.316247989179765021e+01 4.734321780665570145e+01
2.288108469709632971e+02 1.320656852965229611e+01 4.735445930279582427e+01
2.288099763644370057e+02 1.322957276248505920e+01 4.734575211416965601e+01
2.288614466222713588e+02 1.324926082697509777e+01 4.735626230082769439e+01
2.289176439927026365e+02 1.329002655630745977e+01 4.734611046704950610e+01
2.289549272959298207e+02 1.330075916889092547e+01 4.740226177958714260e+01
2.290098642527837001e+02 1.333351082472837135e+01 4.744483500040441015e+01
2.290129198008501703e+02 1.334361772397616619e+01 4.746916367852039542e+01
2.289778146989835932e+02 1.330993255326988489e+01 4.743135913474068133e+01
2.281387241289441192e+02 1.238547199230720786e+01 4.677220664491835578e+01
2.263284680470554520e+02 1.075682555516612382e+01 4.529461437186019879e+01
2.255251880510096782e+02 1.019463391838091937e+01 4.465678331670756052e+01
2.254027965004987664e+02 1.009361323052312720e+01 4.453843699729494432e+01
2.257083782678637363e+02 1.043716804615674931e+01 4.476873545244578878e+01
2.264577671582504195e+02 1.128560387515390140e+01 4.543607950715806965e+01
2.271540771346148802e+02 1.204730145677747544e+01 4.596270658650346519e+01
2.274922926046749865e+02 1.242028501972625953e+01 4.625168055143655721e+01
2.277171573517385070e+02 1.261997631950248433e+01 4.645881300944523673e+01
2.278949172305950128e+02 1.267394381386320212e+01 4.662745342535924920e+01
2.280132905107258807e+02 1.268562791512765919e+01 4.674733538234792007e+01
2.280512017740152544e+02 1.270088768164783843e+01 4.676717397751475858e+01
2.280024186010982135e+02 1.265161247562301661e+01 4.672536127362432978e+01
2.279602037331607960e+02 1.256605712976193701e+01 4.667216440645978537e+01
2.279869981936318766e+02 1.253990972652844782e+01 4.668548749472019210e+01
2.281009869869600095e+02 1.264642590745284068e+01 4.672785514006093166e+01
2.282646778643516257e+02 1.278749786560980617e+01 4.686603556118735270e+01
2.283602345133141114e+02 1.293287904523109866e+01 4.695516881903067485e+01
2.284963322189569794e+02 1.301847707889604777e+01 4.712761631303191479e+01
2.285872909420973542e+02 1.303148000862742961e+01 4.730118155347658160e+01
2.286337891941441285e+02 1.307437675806350086e+01 4.739101241990420021e+01
2.286971345249970682e+02 1.313139643040090654e+01 4.745674040423103435e+01
2.287241626450261833e+02 1.316827981630764022e+01 4.751784013192778389e+01
2.287663325784332358e+02 1.319931272635769659e+01 4.754030178030609477e+01
2.288499905637486052e+02 1.321049356088179572e+01 4.748877984776181194e+01
2.289101163354991684e+02 1.325592461783181975e+01 4.740935694193559868e+01
2.289331014711565331e+02 1.328387951255021449e+01 4.740229548048493058e+01
2.289696793022566226e+02 1.332868934961760665e+01 4.740502525320607674e+01
2.289843133554411168e+02 1.331602118213762509e+01 4.747015785500525453e+01
2.290137836671968898e+02 1.331052007225472522e+01 4.750806799493138755e+01
2.290339457909825285e+02 1.334225059088907450e+01 4.754470311755771661e+01
2.290847038365102151e+02 1.336033898609725590e+01 4.757502830875414190e+01
2.291084483657311353e+02 1.338837813306013125e+01 4.761604791818320592e+01
2.291390690014648612e+02 1.342943481347676382e+01 4.761925961374277705e+01
2.291976063375661568e+02 1.345594393967988722e+01 4.766355495043721646e+01
2.291503284714171400e+02 1.340184501181778209e+01 4.760362801398362365e+01
2.283056750065155143e+02 1.240653730015367628e+01 4.672424577390741973e+01
2.264922633972302322e+02 1.085457500921157958e+01 4.528763042247445725e+01
2.257060180816550314e+02 1.033576766151716875e+01 4.463859044871622217e+01
2.256207345897028063e+02 1.027282337134794687e+01 4.458778746865816345e+01
2.260265619242763364e+02 1.058794249278800770e+01 4.493882725369137177e+01
2.268904282710091422e+02 1.136387308691236875e+01 4.568562229831135824e+01
2.275458657985315369e+02 1.199509539600801666e+01 4.616118914741222312e+01
2.279019326341520468e+02 1.231559318073566800e+01 4.648163975088296240e+01
2.280713874884293659e+02 1.254985036801380360e+01 4.667682973407745095e+01
2.281667868665354604e+02 1.278537807913869528e+01 4.677067100734230110e+01
2.282273080621534405e+02 1.286322602967476314e+01 4.686011543680857017e+01
2.282112709282575338e+02 1.288683912539430132e+01 4.686072991651164443e+01
2.281715139791324134e+02 1.277677086984263966e+01 4.680648832151555183e+01
2.281090639687974715e+02 1.268011332488564236e+01 4.670986560081960448e+01
2.281465573409542174e+02 1.267356524044467214e+01 4.669903300890602083e+01
2.282241491646670681e+02 1.282012595148868073e+01 4.673790025432943906e+01
2.283932198287095616e+02 1.299078505118042948e+01 4.686197797309320379e+01
2.285339794918803307e+02 1.314211780935177387e+01 4.698044786246438775e+01
2.286187125358353001e+02 1.318792406963054908e+01 4.713119197828763163e+01
2.287049778472765240e+02 1.323389883439828196e+01 4.724662878685754919e+01
2.287661505935851380e+02 1.327806161422807030e+01 4.737631545837714242e+01
2.288265684397832445e+02 1.332956444959693698e+01 4.742165889299290882e+01
2.288817379328318680e+02 1.330425956880824678e+01 4.742622199455393428e+01
2.289420445660672385e+02 1.332394875666154377e+01 4.742745095396008281e+01
2.290095811652422526e+02 1.338236139944101488e+01 4.743773983805595407e+01
2.290314889955335218e+02 1.341270344108633772e+01 4.746777295480485037e+01
2.290570792105901603e+02 1.343524821834587080e+01 4.745056752311881354e+01
2.290905138712895450e+02 1.346311324400348752e+01 4.749235663638079075e+01
2.291229487386877395e+02 1.349624796671250060e+01 4.753975357903534871e+01
2.291732540688217341e+02 1.357087074132988214e+01 4.756547972104643662e+01
2.291920704034222069e+02 1.360929650499222632e+01 4.760300342401121299e+01
2.292121482749633685e+02 1.363281299147142533e+01 4.762382945548336011e+01
2.292524230945512329e+02 1.363061681629865340e+01 4.763733565195509811e+01
2.293661029629829216e+02 1.362538980705112657e+01 4.770982403637899694e+01
2.294312153442434408e+02 1.361761051647749277e+01 4.775801744358469847e+01
2.294546273579394722e+02 1.359578581506744754e+01 4.780465162258589373e+01
2.291463371617553264e+02 1.322066673856191521e+01 4.748826871747863265e+01
2.275477159778203031e+02 1.156243990006560374e+01 4.614243459779101642e+01
2.263594818599300709e+02 1.066699581210176717e+01 4.529388306237811435e+01
2.261698480314182120e+02 1.053399971241900523e+01 4.507497438731768113e+01
2.265086319232877656e+02 1.083684384351999164e+01 4.542660281469898109e+01
2.274244257367016360e+02 1.159740233479819871e+01 4.618478089922982122e+01
2.281052782346121717e+02 1.223560859327959172e+01 4.679799681863524796e+01
2.283222895491269355e+02 1.266405709381431244e+01 4.690563411609285538e+01
2.284489128090372390e+02 1.294094142334618525e+01 4.700897230235546687e+01
2.285311205323843069e+02 1.312487305995164988e+01 4.707302198197226772e+01
2.285641698794855756e+02 1.321182923979761448e+01 4.711588166042076864e+01
2.285859473996387123e+02 1.331823308439603437e+01 4.712224888337691908e+01
2.286774621875926812e+02 1.329070057426329754e+01 4.709527917823730547e+01
2.287194793435963902e+02 1.327973317875854953e+01 4.704622752150117293e+01
2.287603057345447723e+02 1.328226299281946154e+01 4.705394278036899891e+01
2.288273806314200272e+02 1.332527994212432532e+01 4.706656151986555869e+01
2.288966180025702499e+02 1.334263702785042227e+01 4.722928293476405059e+01
2.289501541254392407e+02 1.334371096312672478e+01 4.737558527225831995e+01
2.290150811517618763e+02 1.338112682321857072e+01 4.744224901818051165e+01
2.290552773359215735e+02 1.341170477114843607e+01 4.748605007504066577e+01
2.290846667655226270e+02 1.346731911604791776e+01 4.753084081493264534e+01
2.291057174696467200e+02 1.346540378169007823e+01 4.756917333944443271e+01
2.291472234953672569e+02 1.350060324607047590e+01 4.760011413370718714e+01
2.291867872260116883e+02 1.354737672211587629e+01 4.760126670441167107e+01
2.292121999496733338e+02 1.352124616933128465e+01 4.753556792752959126e+01
2.292361455609177483e+02 1.356133900407106907e+01 4.759140357499124008e+01
2.292506751413191068e+02 1.357303096887834393e+01 4.759151928140698828e+01
2.292415691587357287e+02 1.361299237011673924e+01 4.759150130759483233e+01
2.292742511660510729e+02 1.367226887924294232e+01 4.762193209493767654e+01
2.292921160119705632e+02 1.368622105092879693e+01 4.762865991750020100e+01
2.292970767841255224e+02 1.372246411977748437e+01 4.764004857422735029e+01
2.293125668401139592e+02 1.375128175747935266e+01 4.766721486793741747e+01
2.293275480125457193e+02 1.367522220125277421e+01 4.775576959370197727e+01
2.293318785779119935e+02 1.359944123911460956e+01 4.785230581542692363e+01
2.293595481383624133e+02 1.358697640038463916e+01 4.789460156551903935e+01
2.293863920268169352e+02 1.360121278297520497e+01 4.795501941171713156e+01
2.293789441284049246e+02 1.364668428100257991e+01 4.787649631986196397e+01
2.288889162240615462e+02 1.311719936552443144e+01 4.734160915046776807e+01
2.273178106998103658e+02 1.162659966928185717e+01 4.595483068668949045e+01
2.265673737115023414e+02 1.100484955919225705e+01 4.533752909510842954e+01
2.265641844832079528e+02 1.097065662829257704e+01 4.530706236014127342e+01
2.272057642015583383e+02 1.150947332236930798e+01 4.590276279960097838e+01
2.279258726285801515e+02 1.239726505980785909e+01 4.653770456444959791e+01
2.283310057246591782e+02 1.290861439882091766e+01 4.682450482147510940e+01
2.284842459536455408e+02 1.313413406666486871e+01 4.695753799214544699e+01
2.285892411007162650e+02 1.325851397014549882e+01 4.703940421306156594e+01
2.287091938295902764e+02 1.324534590601493633e+01 4.715235052528466042e+01
2.288243812515165416e+02 1.324509876609779546e+01 4.726132687174786184e+01
2.288795844454629673e+02 1.322027131469448946e+01 4.730583452409838685e+01
2.288694191313256567e+02 1.316073755538180912e+01 4.729502215272348309e+01
2.288175759168890977e+02 1.310110943355530999e+01 4.723994140537237030e+01
2.288163334771238340e+02 1.313263437671312950e+01 4.724406864198861911e+01
2.288763547760912331e+02 1.321886711061982744e+01 4.730269247706092273e+01
2.289635726995767300e+02 1.328135531530559987e+01 4.740057224124450386e+01
2.290491392790704026e+02 1.337550326674035972e+01 4.749890921427480350e+01
2.290993098056132169e+02 1.344313984524547756e+01 4.758663939140672028e+01
2.291624315871774797e+02 1.346019923970774634e+01 4.759841448509521911e+01
2.292147252702812068e+02 1.348417518176017538e+01 4.759913905439774595e+01
2.292365701922299195e+02 1.351382073818446550e+01 4.761269467885291107e+01
2.292605618613679894e+02 1.350956656151986479e+01 4.764287383282557187e+01
2.292765484439172212e+02 1.355000202205386728e+01 4.762566390768650137e+01
2.293049481904864706e+02 1.357112237470006200e+01 4.762851275691317454e+01
2.293765345142127785e+02 1.364824912602338358e+01 4.763550456984174275e+01
2.293988860729916439e+02 1.370817718584023126e+01 4.760412341718116380e+01
2.294084043298913400e+02 1.371359179675213191e+01 4.764999033907596981e+01
2.294274734212252724e+02 1.372068920582711016e+01 4.764053948397184968e+01
2.294472030501559345e+02 1.379419311063780107e+01 4.762560324607047590e+01
2.294569246358056205e+02 1.381957887358119308e+01 4.754623313831746856e+01
2.294503608242790165e+02 1.384974342383147672e+01 4.752639004969758929e+01
2.294912152993089194e+02 1.387151532716831603e+01 4.758776837148275263e+01
2.294993439558563182e+02 1.389415334357840592e+01 4.755795655729601634e+01
2.295061133428594644e+02 1.382337471803582218e+01 4.762713663692000665e+01
2.294876755816775074e+02 1.374625021343901921e+01 4.769323533112255120e+01
2.289278767086355231e+02 1.309967602203589365e+01 4.721228307855454887e+01
2.274053667556370328e+02 1.156471920411959786e+01 4.593174669506529284e+01
2.267403918740395170e+02 1.102470275808147449e+01 4.540718885084432088e+01
2.266726474526614652e+02 1.111743639517223414e+01 4.528238543941477445e+01
2.271685460534002061e+02 1.170585519398236762e+01 4.572294491925264737e+01
2.279361390454108403e+02 1.250794667169933483e+01 4.634312906095818363e+01
2.283278479505360679e+02 1.293422371105299540e+01 4.666380096699109714e+01
2.285478429178686781e+02 1.314412076604387458e+01 4.685572870327932549e+01
2.286606858806718492e+02 1.329061407529229832e+01 4.691958853450522327e+01
2.287521152930180790e+02 1.333952306489444872e+01 4.706081214670225421e+01
2.288339523064894365e+02 1.337299929003441967e+01 4.717599619853872639e+01
2.288796653276176585e+02 1.338901283330187830e+01 4.718770613715815898e+01
2.288469069316006710e+02 1.338382963522148295e+01 4.717364275250959338e+01
2.288072432216260950e+02 1.331129631626719956e+01 4.714719765801227425e+01
2.288384143053571051e+02 1.333071028012186332e+01 4.715108898834398587e+01
2.289173957294222248e+02 1.338289275026286695e+01 4.722869878586898551e+01
2.289917758575755045e+02 1.348164199760948279e+01 4.732652350525284390e+01
2.290863079992450935e+02 1.356938340837399970e+01 4.739071697536689243e+01
2.291528223378537348e+02 1.362495843555939068e+01 4.743477303568700165e+01
2.292106452149218683e+02 1.365087891941441356e+01 4.749584130921248004e+01
2.292550113235016624e+02 1.364996337835773232e+01 4.752311769252199269e+01
2.292583207516648258e+02 1.365521173150719392e+01 4.756027854915388531e+01
2.292823281478885349e+02 1.366749346202582771e+01 4.757106058972077989e+01
2.293607737276787759e+02 1.367217676345564570e+01 4.761088044718844969e+01
2.293662647272923323e+02 1.366232936112084673e+01 4.766339880294410847e+01
2.293914651352978638e+02 1.367669830057606006e+01 4.768309248425044444e+01
2.294201783002165769e+02 1.367458300755798817e+01 4.772038140429394559e+01
2.294520009346382210e+02 1.369082459356717330e+01 4.771175509782247559e+01
2.294504237326215730e+02 1.369774451124711234e+01 4.774385632633253351e+01
2.294655273516486602e+02 1.370387245782894325e+01 4.782638196148212018e+01
2.295088082913195535e+02 1.372886167354164932e+01 4.789824575593360123e+01
2.295395569904648880e+02 1.375453838756931191e+01 4.792177347604540216e+01
2.295360217662865239e+02 1.377852106980130031e+01 4.793316662622559221e+01
2.295167111518517515e+02 1.372108238296801552e+01 4.787326328040045809e+01
2.289733830309239409e+02 1.303306956763994862e+01 4.735171604971556292e+01
2.273865290771346110e+02 1.149958210886738108e+01 4.601621462529094941e+01
2.266645176727508044e+02 1.094239730213079476e+01 4.538969022134750020e+01
2.266457339156848434e+02 1.094380487629523735e+01 4.538409699567729660e+01
2.272224854636794191e+02 1.142349896201234749e+01 4.587168495502053389e+01
2.279012249152983998e+02 1.238239397697554622e+01 4.658634844032245326e+01
2.282870136960448519e+02 1.290372102846153091e+01 4.694064373208235708e+01
2.284509786740718766e+02 1.318382716382231123e+01 4.709008249979779492e+01
2.285364800984964972e+02 1.334389744142784018e+01 4.719429016922344289e+01
2.286384432881291957e+02 1.345023388423067523e+01 4.732465872224169345e+01
2.287730424271835830e+02 1.349224205332830095e+01 4.734001622136547383e+01
2.288559994338249055e+02 1.351546758872322940e+01 4.731366324265545131e+01
2.288746787181077309e+02 1.346848741383803727e+01 4.733796608341646106e+01
2.288941994014720649e+02 1.342600630880806634e+01 4.733077655855418442e+01
2.289015271000152723e+02 1.346528807527432470e+01 4.730687475847690138e+01
2.289868016050614301e+02 1.346520157630332548e+01 4.748918201180879350e+01
2.290836209143278381e+02 1.350863529337754976e+01 4.763085496930971630e+01
2.291580212630197764e+02 1.354044557080333888e+01 4.775386886306651490e+01
2.292349446855930921e+02 1.359586108040584840e+01 4.785323820693250241e+01
2.292590295938817064e+02 1.364147861565698783e+01 4.784837067392808763e+01
2.292998885623646288e+02 1.372247984686311995e+01 4.779227215946366414e+01
2.293442703980300621e+02 1.377984102163148350e+01 4.778694180079624232e+01
2.293735924258355681e+02 1.383446568349914152e+01 4.775322180582890752e+01
2.294031503599255757e+02 1.387787693330817085e+01 4.775160753282467141e+01
2.294230192859004376e+02 1.388411384612619415e+01 4.776242439765262304e+01
2.294602666415033241e+02 1.387470006200965145e+01 4.776758962192086244e+01
2.295030027499932714e+02 1.385022759339642207e+01 4.779114317938763179e+01
2.295328089473636908e+02 1.385092744870723358e+01 4.780918439333890291e+01
2.295272213385098041e+02 1.384519829608260721e+01 4.778569711430446176e+01
2.295495706505621172e+02 1.385171155626252570e+01 4.782397234728999535e+01
2.295872651047423858e+02 1.388365326718970394e+01 4.781119296684730102e+01
2.296165579251031374e+02 1.388286578954463302e+01 4.783838397454908176e+01
2.296491365829985796e+02 1.394432387012123264e+01 4.787528533426797139e+01
2.296513765693384812e+02 1.392470882424307810e+01 4.784770564287832428e+01
2.290708449039749155e+02 1.324025482372183760e+01 4.738412620312205092e+01
2.273406756355989273e+02 1.154112857566525641e+01 4.589123484582962931e+01
2.264219520908036998e+02 1.090687880258463416e+01 4.515679455034015177e+01
2.262748240813135396e+02 1.071855256890710173e+01 4.502302333000817924e+01
2.265765729332362639e+02 1.102100913968348195e+01 4.530916304943696815e+01
2.271823476944092590e+02 1.185486708365910857e+01 4.587399683660905936e+01
2.277641206761748265e+02 1.255984493093562726e+01 4.633287949457640309e+01
2.280427158879512604e+02 1.292404379319331653e+01 4.660055786219478335e+01
2.281538086507957814e+02 1.307167619278710902e+01 4.671877611819579101e+01
2.282769045500705545e+02 1.323185880671861092e+01 4.678963899598285536e+01
2.283740417711394457e+02 1.334425130085465483e+01 4.686979658138092475e+01
2.284633547671043345e+02 1.326189641692054622e+01 4.697726537434957095e+01
2.284513516306741110e+02 1.316277196624518098e+01 4.694858815705516975e+01
2.284469693905979000e+02 1.305949331823533122e+01 4.690166078024318352e+01
2.284458842216889991e+02 1.306019879036244191e+01 4.688112008303901490e+01
2.285253509386823509e+02 1.314050353634754131e+01 4.695176839844346972e+01
2.286789978251687216e+02 1.332009786740718837e+01 4.705780040980291545e+01
2.288310147115652455e+02 1.349195334897055076e+01 4.716789674943607480e+01
2.289511696458260417e+02 1.364550362621660184e+01 4.725157720201666223e+01
2.290538068534145850e+02 1.377033399836438221e+01 4.734820329280238838e+01
2.291104176215254427e+02 1.383618892273956824e+01 4.737670526542827076e+01
2.291604960322809745e+02 1.377701913312303894e+01 4.751466775408230347e+01
2.292257005293287762e+02 1.373594223216773180e+01 4.763663242655451313e+01
2.292473668365192054e+02 1.368457083030025245e+01 4.769735582755924952e+01
2.292926990375023593e+02 1.370415217528061547e+01 4.775452715393671355e+01
2.293398353598806523e+02 1.371601264457685154e+01 4.777293907776369508e+01
2.293914595184815823e+02 1.375466420425440184e+01 4.777022390876492608e+01
2.294141480862383560e+02 1.375842522444797922e+01 4.777507908477348764e+01
2.294678392332371857e+02 1.374849581659522002e+01 4.779933025082454634e+01
2.294755926864558262e+02 1.377338392961455149e+01 4.777577894008429382e+01
2.294791627348952545e+02 1.375818707143691633e+01 4.779499519200524560e+01
2.295308857494630388e+02 1.375045720884670963e+01 4.783500040441077061e+01
2.295424305536832890e+02 1.375024826328040106e+01 4.789116632067078427e+01
2.295628723949205892e+02 1.376956337116820706e+01 4.791988510240579302e+01
2.295025713785015284e+02 1.364680111078159186e+01 4.783063613814672266e+01
2.283829601520584447e+02 1.240806507418690963e+01 4.684634524997079552e+01
2.266357314892202055e+02 1.094258378043191016e+01 4.529265185624544898e+01
2.259870139207175157e+02 1.047830336200156331e+01 4.474125798711277469e+01
2.258297104868207157e+02 1.035017479532321438e+01 4.457588992837435882e+01
2.260867506043694277e+02 1.053753156650759770e+01 4.478193946420066140e+01
2.266959898178354251e+02 1.099819138515183425e+01 4.528921436467067707e+01
2.271635751709758893e+02 1.160963688405992400e+01 4.583182802656529731e+01
2.274267679490981777e+02 1.199125124693321887e+01 4.618223423472001343e+01
2.275914103151708048e+02 1.221915132152453864e+01 4.638575283312214026e+01
2.277570356240956926e+02 1.245464083829859980e+01 4.658800540113055177e+01
2.278209583636641469e+02 1.254074101534064845e+01 4.665911878892453757e+01
2.277983630350579176e+02 1.250352286718251449e+01 4.649304076460597202e+01
2.277407052923889808e+02 1.241481536401463082e+01 4.633080351927242191e+01
2.276656567630961661e+02 1.230892489642590704e+01 4.621584526345115052e+01
2.276925725467993118e+02 1.235053090147654942e+01 4.620692575916888956e+01
2.278193699280148792e+02 1.251142572771471961e+01 4.634253592515704412e+01
2.280288423516935836e+02 1.277127200668625839e+01 4.652099116587132244e+01
2.282489204479074090e+02 1.302239761667250839e+01 4.671360078365820812e+01
2.284291708231107236e+02 1.323185880671861092e+01 4.688804449417199294e+01
2.285412139512729937e+02 1.333434436026709058e+01 4.696266839215263644e+01
2.286189091244057465e+02 1.342766439297942860e+01 4.702416691380658165e+01
2.287231673451780694e+02 1.344495070682016369e+01 4.701738741653411324e+01
2.287793298913483113e+02 1.341496252460165550e+01 4.705021658443647681e+01
2.288156673227108229e+02 1.347080154215308312e+01 4.707048879782157513e+01
2.288642932247715009e+02 1.349255434831450629e+01 4.708119332632354315e+01
2.288874715789095262e+02 1.354309783145956381e+01 4.708867380227009392e+01
2.289381004376623139e+02 1.357586072092960627e+01 4.712357445202340500e+01
2.289731089302885607e+02 1.356887452481734080e+01 4.714301874668608150e+01
2.289963546862221619e+02 1.355816100940929125e+01 4.707719527648216484e+01
2.289938192553449596e+02 1.359968950239501062e+01 4.708757852309185665e+01
2.289979071742471319e+02 1.360358869626953471e+01 4.717255646023743054e+01
2.290343086373154335e+02 1.359523536707017932e+01 4.728609478489840257e+01
2.290602077772685163e+02 1.363078981424065184e+01 4.733444433959720499e+01
2.290905801497218590e+02 1.363952059349527701e+01 4.736296428603524333e+01
2.290873134093625652e+02 1.362500000000000000e+01 4.737198376964762048e+01
2.286233711232733867e+02 1.307478341556352319e+01 4.701641795404096058e+01
2.267630321371761397e+02 1.131185350444402538e+01 4.542841142954714684e+01
2.255123120613266394e+02 1.040903566004331715e+01 4.452627321991857912e+01
2.251241473672858717e+02 1.005975506187484747e+01 4.419605160281469836e+01
2.252130649393833153e+02 1.006921939733807925e+01 4.431463832196489960e+01
2.256713836689942809e+02 1.055851262210958552e+01 4.475645821538019220e+01
2.264062834200569796e+02 1.132211542782166447e+01 4.538728397724515418e+01
2.269049881822185171e+02 1.188841969750074057e+01 4.581104018944397893e+01
2.271748335175649061e+02 1.221434220340963250e+01 4.603292465377944609e+01
2.273927120685161753e+02 1.246219545622028768e+01 4.622682389258849867e+01
2.275259148670387219e+02 1.260044777259532900e+01 4.635395041923916892e+01
2.276054546026439596e+02 1.251747728559488770e+01 4.637588521024866850e+01
2.275915687093904296e+02 1.241805402029243410e+01 4.631728271907829964e+01
2.275122794837921276e+02 1.229107690095530891e+01 4.620062818473483901e+01
2.275042092421342090e+02 1.225340266731372374e+01 4.621176296136528805e+01
2.276206177599237890e+02 1.239973196552622881e+01 4.629537825887681635e+01
2.278058558680003216e+02 1.263041685763842104e+01 4.638910382572591828e+01
2.280151406900146469e+02 1.283695730320922479e+01 4.653637899580311199e+01
2.281734495340289186e+02 1.300501020013839870e+01 4.668206348350453538e+01
2.282748746326602145e+02 1.317240929965040941e+01 4.672784727651811210e+01
2.283471574416075782e+02 1.325098406621552449e+01 4.681016059601161317e+01
2.284113789958031191e+02 1.328536347541631812e+01 4.686091414808623767e+01
2.284477939392305359e+02 1.327166406046390357e+01 4.688526304674089573e+01
2.285005369676381406e+02 1.330334739784134435e+01 4.696058680003235253e+01
2.285388009669910900e+02 1.333219536635122715e+01 4.697851006084135150e+01
2.286019339821879441e+02 1.332439697860217720e+01 4.692573670162573052e+01
2.286646873006030205e+02 1.336845528564881036e+01 4.693122433114951519e+01
2.287042128368966303e+02 1.338684137212081993e+01 4.691705310362801384e+01
2.287175662559650675e+02 1.338315112381260441e+01 4.693858236050075305e+01
2.287517187457874002e+02 1.340080477743927112e+01 4.693541896956134707e+01
2.287595912755115819e+02 1.338314438363304681e+01 4.706132552371195032e+01
2.287876630000089904e+02 1.339623718242520667e+01 4.716879431668059652e+01
2.288563016185417780e+02 1.338945656178947274e+01 4.723581753884590029e+01
2.288709839763464515e+02 1.341026798953924093e+01 4.731209502754487062e+01
2.288598458296262379e+02 1.344327127874686667e+01 4.729800243545154359e+01
2.287854039164936637e+02 1.329150939581030499e+01 4.716631617732963377e+01
2.276663588651335033e+02 1.199071652602158622e+01 4.617352367600405927e+01
2.260584418502242272e+02 1.062695802216171082e+01 4.488548884275610362e+01
2.255054550519892587e+02 1.022807981271287758e+01 4.441572641161827306e+01
2.254950111437635485e+02 1.021649793750505530e+01 4.441009499159724072e+01
2.258258539807500540e+02 1.071357831639301494e+01 4.476926567990437889e+01
2.265480945512388473e+02 1.153970752114169684e+01 4.541926163579664433e+01
2.271037223764974442e+02 1.214510370889613888e+01 4.586883947588363952e+01
2.274496182811643337e+02 1.254539286259919351e+01 4.616350552245378225e+01
2.276704456606724136e+02 1.277581376434534910e+01 4.634597117000529920e+01
2.277449538522373018e+02 1.291799560540292724e+01 4.639658991848876468e+01
2.278144529670270515e+02 1.275971709219667005e+01 4.647230797228438348e+01
2.277846467696566037e+02 1.253245621130013632e+01 4.645589451169645656e+01
2.276531312627501791e+02 1.231414965894691349e+01 4.630796666756535984e+01
2.276138450028308853e+02 1.222564211443926219e+01 4.630482012707485495e+01
2.277307017425610809e+02 1.236040301780306017e+01 4.637277124729269673e+01
2.279053206977433774e+02 1.260579947516468557e+01 4.649805658156066812e+01
2.281143718601996966e+02 1.285683633945341597e+01 4.664242111743190122e+01
2.283285972338303225e+02 1.305071760445031614e+01 4.674175226694705998e+01
2.284173227108103390e+02 1.318167030636362824e+01 4.681856672328417801e+01
2.285084915028803039e+02 1.317700160865618741e+01 4.696778980525374436e+01
2.285691778328974806e+02 1.319230293961697775e+01 4.704212836896641647e+01
2.286082113360833148e+02 1.320823447736647616e+01 4.710098923368651924e+01
2.286518584921768991e+02 1.324997303928176606e+01 4.714843897441427600e+01
2.286790202924339326e+02 1.328389973308888905e+01 4.716298989871756930e+01
2.287103688675599642e+02 1.329504237326215765e+01 4.714917590071266318e+01
2.287800207597530289e+02 1.328800787252972349e+01 4.717392696341430280e+01
2.287999716912458439e+02 1.329244403404240060e+01 4.717542777672930754e+01
2.288120837939122794e+02 1.330331257358029440e+01 4.717930225661211807e+01
2.288344690535889185e+02 1.333125174121305179e+01 4.720319731650984352e+01
2.288826096627214213e+02 1.336145560917742792e+01 4.722970082589667129e+01
2.289046657769629576e+02 1.341601399261276306e+01 4.725500907677513851e+01
2.289693512801847817e+02 1.345080792285639859e+01 4.730210383471282398e+01
2.289834326386454961e+02 1.348694876564844947e+01 4.731465966586683436e+01
2.289343394174687489e+02 1.342728357283438001e+01 4.726647412220395239e+01
2.278998319448563450e+02 1.218998656457541330e+01 4.644899930800823284e+01
2.260389986789247985e+02 1.059441194180079648e+01 4.494980475946545795e+01
2.252341954022988375e+02 9.981381377333224947e+00 4.430553570947130027e+01
2.249855861260143968e+02 9.791170140105865727e+00 4.412850489337036208e+01
2.252326597647227970e+02 9.963720983527000641e+00 4.435376281757479688e+01
2.258349487297008125e+02 1.068201068543132592e+01 4.487017178470967593e+01
2.265058369954975603e+02 1.152008798181050153e+01 4.540564647308870860e+01
2.268805921023069345e+02 1.198933591257537756e+01 4.574151973075229449e+01
2.270955824863174257e+02 1.228154853378627287e+01 4.589814577660349215e+01
2.272601158861538693e+02 1.251764803681036753e+01 4.605668828017578420e+01
2.273462374070978456e+02 1.263447893918560716e+01 4.612201185372911993e+01
2.274417884392440214e+02 1.249228698785868907e+01 4.608688540796060096e+01
2.274651959594870334e+02 1.241703962326889688e+01 4.596886823398308763e+01
2.274486488186711881e+02 1.230570983077655889e+01 4.588467103430301819e+01
2.274970534181697133e+02 1.231800841174408845e+01 4.589763127623053407e+01
2.276367537497865499e+02 1.244925543483144992e+01 4.604645444087963568e+01
2.278309136088718674e+02 1.268223311135675324e+01 4.627348840239770311e+01
2.280244960592416987e+02 1.286489310075220338e+01 4.644163453847743739e+01
2.281814197963567210e+02 1.304586018171524131e+01 4.660481765567568146e+01
2.282819214903884983e+02 1.315746182811643372e+01 4.669273206438219859e+01
2.283847002417477654e+02 1.311723194305896278e+01 4.688965539708644314e+01
2.284963906338464881e+02 1.312079525131882818e+01 4.702556774779147020e+01
2.285589563505971853e+02 1.314127191681719786e+01 4.708665062503931864e+01
2.285947062629748530e+02 1.317057484744726992e+01 4.713897913240408855e+01
2.286125823425269346e+02 1.318915190567343387e+01 4.716835395828277910e+01
2.286492275754226000e+02 1.319539668203427674e+01 4.723191272815508057e+01
2.286945799969444408e+02 1.321619238269840757e+01 4.718732082356007140e+01
2.287319879934934761e+02 1.326530357768730894e+01 4.717768686024462710e+01
2.287767832268384893e+02 1.328724173878658732e+01 4.718260269786920702e+01
2.287946031382276146e+02 1.331790393896093327e+01 4.716695649438767646e+01
2.288090215056662373e+02 1.332071684056329985e+01 4.722345155608278588e+01
2.288289949044242633e+02 1.333984434678673203e+01 4.726133248856416458e+01
2.288754796761118939e+02 1.336015812461243968e+01 4.731473268447871305e+01
2.289412233875243885e+02 1.341001635616906107e+01 4.736989880743756487e+01
2.289457561582773906e+02 1.343114457235807357e+01 4.734916152166293557e+01
2.288934815723490885e+02 1.340021613509117238e+01 4.721015767526713347e+01
2.278289915343344774e+02 1.227534082841300211e+01 4.627180111078158831e+01
2.259285091621507604e+02 1.065404792717011340e+01 4.470238624823632279e+01
2.250689879845065775e+02 1.004393136699828304e+01 4.400058190216854115e+01
2.248163739182011795e+02 9.806286116128800856e+00 4.381088291858761608e+01
2.251154907300063712e+02 9.994939248514913999e+00 4.407886122419634489e+01
2.257470219639984634e+02 1.066723508847609025e+01 4.467623435154979461e+01
2.264264882316464877e+02 1.148380784197424376e+01 4.523440097777537972e+01
2.268688686833284009e+02 1.192502224259254184e+01 4.562950019321848316e+01
2.269948302822787127e+02 1.215401534963558028e+01 4.576322647902006935e+01
2.271830531665363537e+02 1.230092655001662649e+01 4.583667196894125340e+01
2.273412620312205092e+02 1.238528326727957385e+01 4.587697599597386500e+01
2.273757459132044687e+02 1.239446226847483246e+01 4.584459617337539328e+01
2.273757964645511436e+02 1.239219532141669511e+01 4.583171119678628003e+01
2.273598087586386498e+02 1.235236086022664992e+01 4.582684478714512721e+01
2.274210949646365236e+02 1.231443162312510609e+01 4.595423755088835804e+01
2.275281537300153616e+02 1.239604396394453367e+01 4.605673658479594934e+01
2.277104003217312425e+02 1.258369056284992737e+01 4.624540769099422022e+01
2.279082818832960413e+02 1.279426837597620192e+01 4.640173492221833129e+01
2.280808147529050132e+02 1.296521618002570264e+01 4.655727130570758732e+01
2.281977961859570598e+02 1.306043694337350480e+01 4.666939531602455560e+01
2.283007906230621984e+02 1.309003644190414484e+01 4.675961261941351665e+01
2.283739541488051827e+02 1.315680915406253071e+01 4.681403732262094053e+01
2.284148468181859073e+02 1.318356205009301441e+01 4.688854551418582872e+01
2.284624605699495703e+02 1.319239505540427615e+01 4.691354933362091373e+01
2.285400669973847982e+02 1.319259164397472794e+01 4.693859696422313021e+01
2.285881896327051379e+02 1.321292002552281275e+01 4.696512294087514761e+01
2.286546433096977751e+02 1.322123965382437838e+01 4.699681077170562560e+01
2.286586964043388832e+02 1.323151393419787425e+01 4.704259344135594745e+01
2.287102801218624393e+02 1.325257474859130191e+01 4.708479819902402141e+01
2.287380642653653524e+02 1.328699010541640746e+01 4.708019802647542207e+01
2.287720549908783028e+02 1.329616685988514746e+01 4.718381817691623326e+01
2.287839940956027078e+02 1.330299915523082888e+01 4.726977905691407500e+01
2.288172130705561926e+02 1.332966218220053456e+01 4.732919823317426733e+01
2.288601626180654875e+02 1.332135266416830710e+01 4.742869676381511823e+01
2.288741878083632173e+02 1.335573207336910073e+01 4.744195357364320387e+01
2.289265466465359964e+02 1.337348458296262343e+01 4.743104571639121758e+01
2.289739885237209478e+02 1.342919216701266194e+01 4.739256266120262495e+01
2.289053970864450491e+02 1.335919090884581095e+01 4.730940232581129123e+01
2.277032793220278108e+02 1.200893298464137793e+01 4.622198332030232137e+01
2.258995915451187670e+02 1.049609968276221572e+01 4.477848961563002916e+01
2.252690185399872291e+02 1.006358348386400969e+01 4.428567577040252701e+01
2.251979703072623238e+02 9.993328345600460239e+00 4.425009436251382056e+01
2.256707815462870599e+02 1.033904563550906275e+01 4.464516998732846531e+01
2.265758056761298747e+02 1.102188423966281050e+01 4.542425386212288885e+01
2.272415725288255146e+02 1.163040113055278546e+01 4.592678367618380264e+01
2.274638254563101611e+02 1.209610148014343167e+01 4.608999712419005590e+01
2.275398355845533160e+02 1.242328327626647955e+01 4.618060423463014530e+01
2.276505598842486506e+02 1.264042827100914046e+01 4.625247701598770789e+01
2.277218575036172297e+02 1.275021680910912814e+01 4.632472949412705532e+01
2.277195635958408673e+02 1.275388459015214870e+01 4.630351927242008259e+01
2.277501168297790173e+02 1.264345348826759441e+01 4.630319237371150365e+01
2.277548428190127083e+02 1.253646549477411476e+01 4.634928284489498651e+01
2.277808059906715812e+02 1.252769652116865728e+01 4.638223445939266298e+01
2.278904653419967019e+02 1.263528551400609246e+01 4.647326732450819264e+01
2.280644451034842177e+02 1.278594425422159908e+01 4.659863803438390306e+01
2.282577433429493112e+02 1.293811054793166271e+01 4.672466703512981923e+01
2.283774736458979362e+02 1.303751471605870194e+01 4.683804808893442129e+01
2.284270757506313316e+02 1.310410769009553000e+01 4.688617409434453975e+01
2.284644084818419572e+02 1.315976359943562279e+01 4.692233965112830418e+01
2.285152844805118946e+02 1.319757038994185550e+01 4.698721275601448610e+01
2.285674793076487674e+02 1.321794707611010722e+01 4.706656151986555869e+01
2.286368615926594998e+02 1.323077813126275082e+01 4.711448868997869965e+01
2.286554903255955935e+02 1.328855832052699171e+01 4.714009800221077739e+01
2.286791809333800529e+02 1.330405511669497542e+01 4.717586364167408419e+01
2.287022570614614381e+02 1.333853450522588524e+01 4.719100994850502673e+01
2.287651069891168447e+02 1.334818981244326963e+01 4.718761739146064116e+01
2.288240285154529943e+02 1.333832780638609528e+01 4.719733673038383159e+01
2.289097669695254069e+02 1.329890337278585122e+01 4.713734351549791768e+01
2.289477085636227969e+02 1.337150184680919907e+01 4.720292995605402808e+01
2.289453989287607953e+02 1.340948163525743020e+01 4.721629348539178750e+01
2.289639883439828054e+02 1.343958664725495034e+01 4.726071800886109031e+01
2.289794008879063085e+02 1.344827024525266701e+01 4.731492365623287100e+01
2.290099552452077205e+02 1.347676772442551218e+01 4.735197666999182076e+01
2.290282391056231006e+02 1.349603789778293006e+01 4.738357800185130486e+01
2.290574791279106250e+02 1.351592479756994081e+01 4.739138200641664866e+01
2.290325719177158987e+02 1.350111886980669240e+01 4.730484821115634730e+01
2.283886612206015911e+02 1.277006102109226937e+01 4.675688621678214929e+01
2.265751956898798483e+02 1.102773359215622762e+01 4.517379215982313667e+01
2.256226959819542799e+02 1.037557291526246317e+01 4.441681270389042879e+01
2.254320511265086679e+02 1.030425058190216880e+01 4.435720704932912639e+01
2.257545428810223598e+02 1.066857863093472858e+01 4.470882761316761389e+01
2.265984582962623506e+02 1.143359912108058474e+01 4.545315125861619521e+01
2.272887481689178912e+02 1.212234099916421748e+01 4.603194845110673583e+01
2.276012172764282582e+02 1.245384774383722970e+01 4.628039483971853230e+01
2.278101224016607773e+02 1.262158497569041948e+01 4.645181670306363486e+01
2.279870318945296788e+02 1.272442775875549259e+01 4.668339354560405496e+01
2.280850947669245841e+02 1.278400308250878403e+01 4.679349437869024797e+01
2.281367694768721890e+02 1.278391209008474583e+01 4.681998328435469858e+01
2.280975450019321897e+02 1.274100298365281780e+01 4.678149124226002442e+01
2.280026095728523501e+02 1.261407529229911972e+01 4.674608170895005799e+01
2.279804939203580432e+02 1.259233596649681353e+01 4.663045729871576839e+01
2.280344029998292399e+02 1.267862374520323954e+01 4.660301128755403255e+01
2.281960875504390174e+02 1.285038037079974416e+01 4.669459797075661101e+01
2.283184263028767020e+02 1.299899346651928056e+01 4.679826193236454657e+01
2.284373960888984811e+02 1.313352969723113439e+01 4.684204726213906156e+01
2.285228997600495973e+02 1.319210073423022678e+01 4.687094016517933426e+01
2.285669895212675158e+02 1.326293552793579700e+01 4.687260049607721868e+01
2.286035527486452281e+02 1.331370031364302164e+01 4.688490020040800488e+01
2.286362628400420647e+02 1.334957491934251728e+01 4.689583389501496669e+01
2.286656758602715911e+02 1.338609433555309991e+01 4.690262687264655739e+01
2.287269508326368452e+02 1.339863668634799154e+01 4.694333194036288859e+01
2.287710405938547638e+02 1.341449745221212630e+01 4.693261168477528145e+01
2.287839839853333785e+02 1.344276913536976537e+01 4.693406981028640956e+01
2.288138295004178815e+02 1.347132053597907841e+01 4.694027976238620425e+01
2.288296262345762102e+02 1.349134448608377568e+01 4.694322859094299361e+01
2.288494479792941547e+02 1.345755484259433921e+01 4.705032105721963376e+01
2.288928064310299817e+02 1.347088467103430354e+01 4.709016787540553395e+01
2.289322533318954243e+02 1.350221190225840928e+01 4.716498948531988589e+01
2.289622291571180881e+02 1.350669075157495591e+01 4.716848089833113278e+01
2.289569954076909823e+02 1.353278423337197722e+01 4.719341731597062761e+01
2.290213068309473101e+02 1.346919400932840816e+01 4.730033341421548698e+01
2.290526273219918494e+02 1.343418326997564627e+01 4.740090700349590946e+01
2.290662818024138971e+02 1.345107753003873441e+01 4.743205337323519899e+01
2.289388924087604380e+02 1.329529737672211631e+01 4.729838325559659751e+01
2.276379872026457463e+02 1.184552744151770831e+01 4.617103654974702209e+01
2.260933043056267024e+02 1.056445970720660021e+01 4.502158879512550271e+01
2.256901629326071941e+02 1.026335566579493630e+01 4.465458714153478326e+01
2.257883078105200809e+02 1.035590844140087974e+01 4.475719289495205544e+01
2.265449592443809479e+02 1.096423436053669853e+01 4.538879377746623334e+01
2.274039883889173552e+02 1.169913298823614056e+01 4.606974176125385156e+01
2.277021402316824492e+02 1.240799542566480618e+01 4.629855176008555873e+01
2.278290050146935926e+02 1.276858716849550213e+01 4.639201333656861692e+01
2.279143435514455405e+02 1.298611747683624884e+01 4.649505270820414893e+01
2.279851671115185070e+02 1.310945826930162816e+01 4.653148000862743316e+01
2.280267495259407156e+02 1.319194571010038430e+01 4.656711533795260038e+01
2.280988750640317164e+02 1.309738660771256313e+01 4.661539524412930291e+01
2.281391678574317154e+02 1.303176309616888240e+01 4.660473565015772124e+01
2.281547691263828597e+02 1.287556842180942418e+01 4.658745607649654374e+01
2.281952135738229401e+02 1.288786138596065456e+01 4.663772321227970963e+01
2.282795365901880871e+02 1.301275578981424097e+01 4.674801389375679861e+01
2.283916426266929136e+02 1.307875113459689231e+01 4.690246735506367060e+01
2.285142801937576849e+02 1.314792672076784186e+01 4.701631348125781074e+01
2.285710167785536555e+02 1.318895082364994131e+01 4.710114201108984133e+01
2.286467988640550857e+02 1.320803114861646499e+01 4.718034024426410866e+01
2.286592300018872379e+02 1.322057237604809821e+01 4.720834007351289330e+01
2.286923254068821620e+02 1.329976499240606458e+01 4.719197042409209786e+01
2.286962302175730031e+02 1.336387982709192634e+01 4.713086058612601192e+01
2.287334865600819569e+02 1.340818752078222076e+01 4.716629033997465825e+01
2.287520467678592411e+02 1.345830300252532119e+01 4.716276185597584458e+01
2.288131116712949336e+02 1.345332875001123440e+01 4.720774244425871302e+01
2.288497378070151740e+02 1.346842787558527199e+01 4.724009755286547829e+01
2.288643752302894541e+02 1.344314096860873775e+01 4.723670836591086442e+01
2.289048432683580074e+02 1.344838145821537978e+01 4.723722623637360130e+01
2.289212735793948355e+02 1.349634120586305741e+01 4.728902451627978110e+01
2.289603048358541741e+02 1.350830839466896727e+01 4.729481657724694799e+01
2.290091722610156921e+02 1.359100590439729395e+01 4.718132543384289335e+01
2.290168032676390624e+02 1.362849590646428233e+01 4.712879359772811227e+01
2.290402478588696340e+02 1.370358150674467268e+01 4.709176529796086896e+01
2.290536922703620917e+02 1.369865331212423420e+01 4.710484012294087819e+01
2.290158248182398211e+02 1.357862531791180238e+01 4.709039142469421790e+01
2.284228148337871858e+02 1.282244120316698499e+01 4.663414867038724765e+01
2.271404338878254521e+02 1.150815786399216378e+01 4.556676260188904592e+01
2.266658218974953627e+02 1.109955245207732411e+01 4.518121085079040000e+01
2.268560735758000533e+02 1.126179643759043003e+01 4.535260800014378901e+01
2.276230633217402328e+02 1.195208294015619188e+01 4.600197936606364379e+01
2.280513377009696967e+02 1.261538513385996652e+01 4.649569302526219161e+01
2.282544676156839500e+02 1.293978885264170131e+01 4.669710756427884490e+01
2.283339197289549247e+02 1.313044381835665497e+01 4.676393644460021903e+01
2.284205051989251558e+02 1.325025612682321885e+01 4.688473169591904366e+01
2.284852154161386864e+02 1.333307945323663368e+01 4.697306062566840268e+01
2.285648135666334042e+02 1.337991471426132151e+01 4.696262570434876693e+01
2.286072755744879714e+02 1.335770806934296751e+01 4.696400070097867285e+01
2.286075215910418592e+02 1.334422995695272007e+01 4.694783550367115055e+01
2.285857732783334768e+02 1.331454732954085962e+01 4.690327392988415767e+01
2.286028933344117604e+02 1.331702883898160295e+01 4.691520180097597859e+01
2.286854931115364877e+02 1.338588876007656836e+01 4.701853774051207324e+01
2.287655327437923063e+02 1.344469120990716604e+01 4.706704007261419775e+01
2.288258494872970061e+02 1.352725616277084342e+01 4.711880015816954881e+01
2.288878782364095628e+02 1.354603317965723974e+01 4.720353657221428278e+01
2.289189718080756393e+02 1.358554523559174321e+01 4.726901966335049821e+01
2.289623909214274704e+02 1.356141876286250891e+01 4.734619022584094949e+01
2.289832551472504463e+02 1.359170238961832666e+01 4.736286543006838912e+01
2.290079579053319208e+02 1.364293449444159911e+01 4.737849028964798492e+01
2.290420733241666937e+02 1.365117998076802053e+01 4.739568448770141629e+01
2.290569724910805007e+02 1.367274406190180969e+01 4.742827887268250464e+01
2.290841174408886332e+02 1.370304678583304181e+01 4.739616416381332442e+01
2.290980404051297228e+02 1.372410872358972966e+01 4.736291710477834016e+01
2.291313436323276846e+02 1.373944487881157173e+01 4.735080163202214720e+01
2.291614531377782669e+02 1.374867667808003802e+01 4.739416907066404150e+01
2.291941969300728772e+02 1.371788866122060213e+01 4.744477995560468742e+01
2.292337674008968804e+02 1.372911106018531058e+01 4.746813804786426516e+01
2.292664067204083551e+02 1.378432436440106734e+01 4.746691695200093619e+01
2.293190317956737090e+02 1.376758849855760225e+01 4.750704573436502898e+01
2.292661056590547446e+02 1.370671569023932079e+01 4.747307635275403470e+01
2.286204953133284903e+02 1.297101947462547145e+01 4.689587433609231226e+01
2.269408257169304193e+02 1.132686837777358413e+01 4.553184060823380008e+01
2.260933481167938339e+02 1.069116609599813117e+01 4.484359188662119067e+01
2.260403837858240479e+02 1.059619584265724868e+01 4.478652278630035966e+01
2.265033577327833427e+02 1.097470747620716658e+01 4.517901467561762274e+01
2.272381305437976948e+02 1.187487081322513127e+01 4.587513368022791127e+01
2.277587094353526993e+02 1.255909227755160806e+01 4.638697729907524803e+01
2.279894269049994193e+02 1.293349577166068975e+01 4.656596501397464039e+01
2.281273489525760851e+02 1.313393410800463812e+01 4.666805963710873328e+01
2.282444236247787046e+02 1.326713241307415103e+01 4.675697945593270788e+01
2.283023981558868627e+02 1.336387084018584837e+01 4.681153446927826423e+01
2.283453600603920108e+02 1.325546740898510834e+01 4.687665022062854092e+01
2.283220547662056390e+02 1.317273395163247152e+01 4.686130507850062799e+01
2.282830190162932524e+02 1.302627434328183753e+01 4.680510883143260514e+01
2.282627029917410368e+02 1.297290223144877963e+01 4.680265989952638961e+01
2.283704638591572120e+02 1.303034316500858303e+01 4.687025042013785736e+01
2.285262383956575150e+02 1.314933204820576407e+01 4.697175864765037545e+01
2.286657410153406431e+02 1.328848530191510946e+01 4.709706644918353646e+01
2.287743533921077130e+02 1.339137301951057246e+01 4.714971174498755602e+01
2.288568745338042447e+02 1.346513417450774242e+01 4.721969053588920673e+01
2.289164172800230119e+02 1.352414332317813006e+01 4.726175037969678527e+01
2.289762981585829493e+02 1.357545631015610255e+01 4.727022615549145002e+01
2.290086746110916351e+02 1.362895648540077076e+01 4.724212073009624646e+01
2.290238231646491158e+02 1.365740565995344724e+01 4.724197244614596514e+01
2.290559434903345846e+02 1.367282831414628852e+01 4.726374884293583989e+01
2.291064117081412519e+02 1.369953065883008492e+01 4.726037201297709345e+01
2.291315885255183105e+02 1.369679302256612097e+01 4.729201827936696390e+01
2.291362089186056039e+02 1.371711691066116678e+01 4.727543519092682089e+01
2.291497600496077212e+02 1.372655428540616285e+01 4.726955550762539104e+01
2.291674002228752727e+02 1.374046152256162756e+01 4.732317363601232785e+01
2.291985645664267111e+02 1.377885246196292002e+01 4.731677945233794702e+01
2.292168001222219118e+02 1.381434737088062725e+01 4.729987395864225874e+01
2.292527623502556651e+02 1.386318221850763521e+01 4.735062189390058762e+01
2.292812261285307329e+02 1.389913545963531050e+01 4.739290304027032619e+01
2.292983136070745047e+02 1.391367964375904265e+01 4.740138218615476973e+01
2.291626719869150577e+02 1.371840203823029825e+01 4.729322814159769450e+01
2.278442322036792405e+02 1.220464196166185822e+01 4.615598460542988590e+01
2.262040477024974621e+02 1.083072488384423870e+01 4.483774478085429394e+01
2.256632201881858180e+02 1.041315166302696937e+01 4.440064638321965163e+01
2.255888220862203752e+02 1.032001136843618916e+01 4.435361565698777042e+01
2.259781775453164698e+02 1.062511907650553056e+01 4.468577956916772109e+01
2.266259806961257368e+02 1.136937981361156780e+01 4.532420488348476084e+01
2.271902595418475244e+02 1.200498660950994356e+01 4.581940250554941230e+01
2.274927902545990435e+02 1.239262556954517258e+01 4.608499928104751575e+01
2.276744189965220642e+02 1.258414440160685821e+01 4.626455991120936773e+01
2.278330322719797323e+02 1.271853122500516697e+01 4.641216535008492627e+01
2.279182427453200717e+02 1.275524835314946159e+01 4.646786057713910623e+01
2.278877310758225292e+02 1.272475690419059369e+01 4.639538342634781287e+01
2.278320369721316183e+02 1.261685449300369299e+01 4.631294990698552283e+01
2.277799578514105008e+02 1.253825950589990335e+01 4.628600042238458911e+01
2.278204022988505812e+02 1.260279897189794518e+01 4.632261083101920462e+01
2.279789032379822515e+02 1.281123565465117409e+01 4.637516064094614165e+01
2.281531975411824931e+02 1.301266367402694257e+01 4.648407183234027684e+01
2.283404768003019569e+02 1.322677334124181137e+01 4.660787095701562777e+01
2.284444317129941737e+02 1.340677769989125778e+01 4.671090695856137387e+01
2.285928706874084355e+02 1.344278149236562392e+01 4.678688001581695488e+01
2.286710545235591781e+02 1.347390314811319989e+01 4.685822032298940343e+01
2.287343436862491330e+02 1.354110835512658007e+01 4.690958610804058537e+01
2.287572119921274805e+02 1.354163521249539492e+01 4.692727233920178520e+01
2.287881921041043256e+02 1.357745814348494307e+01 4.696186294069540423e+01
2.288241307415096344e+02 1.360766875162887679e+01 4.701764691344710911e+01
2.288371112039758088e+02 1.359646432647632430e+01 4.709716642851365265e+01
2.288967382024390531e+02 1.357495641350552162e+01 4.720241208559129120e+01
2.289518099628840844e+02 1.352260206878577975e+01 4.720403534550160174e+01
2.289415379292371142e+02 1.356060320113594564e+01 4.726788506645817023e+01
2.289878339758971038e+02 1.356160861125340311e+01 4.730134668787576402e+01
2.290052730671411894e+02 1.355481563362181241e+01 4.734853243823749125e+01
2.290520386796437720e+02 1.355774087155015195e+01 4.735968743540661308e+01
2.290686813063366571e+02 1.356481356663341487e+01 4.734825047405929865e+01
2.290727725953286154e+02 1.359333351307145499e+01 4.737275889029683640e+01
2.291203964573616361e+02 1.358630013570228101e+01 4.740824930576150820e+01
2.291719947786075693e+02 1.356540333234477380e+01 4.749322836627034405e+01
2.291264491386050395e+02 1.348841924815543791e+01 4.747559942663539090e+01
2.282130177581263979e+02 1.246085416048816796e+01 4.667692971340756714e+01
2.263684507921957731e+02 1.081636942474814234e+01 4.515893680407646116e+01
2.255416408293116888e+02 1.026149537623682306e+01 4.438386782957230992e+01
2.253156852965229575e+02 1.012391595445435932e+01 4.418032564054173150e+01
2.255735937738714654e+02 1.030972922451987372e+01 4.437363848372920927e+01
2.263907787603461657e+02 1.091814164262669351e+01 4.502323901575404363e+01
2.271215164505315727e+02 1.158504983239420127e+01 4.564286933937253110e+01
2.275590686869231547e+02 1.198695101237496985e+01 4.596707422285729905e+01
2.276693863291184812e+02 1.236144774563461013e+01 4.615237748600289081e+01
2.277547316060499725e+02 1.260140824818239835e+01 4.631324085806978985e+01
2.277994886450441641e+02 1.273877984776181016e+01 4.637214328723050727e+01
2.277409704061182936e+02 1.273594784898403098e+01 4.636896753929524806e+01
2.277177426239968270e+02 1.260854385160820712e+01 4.625663008995893222e+01
2.276700592237110641e+02 1.248014567774752237e+01 4.616722273148022992e+01
2.276948552209430829e+02 1.248297767652530332e+01 4.615700461926972054e+01
2.277803319313759971e+02 1.257433968707593053e+01 4.623860909654633389e+01
2.279402763922964255e+02 1.275437549989664987e+01 4.639125281964178527e+01
2.281136843618847365e+02 1.294898807437563448e+01 4.652412534936597410e+01
2.282709653285163540e+02 1.315341996710792394e+01 4.657178515902329963e+01
2.283855483810088742e+02 1.328562521905583615e+01 4.663621116533211364e+01
2.284327779425377116e+02 1.339057880168594394e+01 4.665563074600307658e+01
2.284906086831486505e+02 1.340707314442856735e+01 4.666662510222605675e+01
2.285528553647335741e+02 1.339743693438659911e+01 4.682011808794586472e+01
2.286304865061605369e+02 1.334609473996387230e+01 4.691805963710873328e+01
2.286891036010532616e+02 1.335272595328606293e+01 4.701691560396502467e+01
2.287355131074025110e+02 1.335203283815480901e+01 4.706861278117782632e+01
2.287660449974387404e+02 1.334648454701499887e+01 4.710214629784404394e+01
2.287831908908719925e+02 1.338430706460686714e+01 4.712167596811445947e+01
2.288314213690652821e+02 1.346366706209053454e+01 4.714480264754253369e+01
2.288467395504749504e+02 1.349753871109792946e+01 4.718458768074914644e+01
2.288711356303865330e+02 1.352818406082337965e+01 4.720561928769782156e+01
2.288966696772802152e+02 1.355950792195770838e+01 4.719006182991381593e+01
2.289434712374070955e+02 1.356669070664042565e+01 4.718738597862913764e+01
2.289549475164685077e+02 1.361368436188473474e+01 4.713980817448976524e+01
2.290000134803591152e+02 1.362283640236175941e+01 4.711809693276895672e+01
2.290324079066799641e+02 1.365084634187988044e+01 4.712784772586341830e+01
2.290275414970388113e+02 1.365084521851662203e+01 4.717386180834524367e+01
2.289532074267791870e+02 1.354292708024408398e+01 4.713345106180295119e+01
2.279081021451744675e+02 1.233566768218705434e+01 4.630530879009283751e+01
2.263112334079246466e+02 1.086006376209862268e+01 4.501400609312231893e+01
2.256618294644702587e+02 1.039413087631321098e+01 4.449390912440573942e+01
2.256961897764956575e+02 1.041934139458808595e+01 4.450160079264511381e+01
2.262995504300234586e+02 1.085493673218121202e+01 4.502403548030519431e+01
2.270084005104562550e+02 1.187451920052483523e+01 4.558915460174525691e+01
2.274850424181966844e+02 1.254972005787567468e+01 4.598814964097310565e+01
2.276975423058603667e+02 1.289974656924860419e+01 4.615134736189371978e+01
2.278218109963782751e+02 1.308781779946617796e+01 4.630339907255129361e+01
2.279202131244776410e+02 1.318873176781429457e+01 4.643902047217204654e+01
2.280211192292829310e+02 1.318375976202672639e+01 4.640861776891069468e+01
2.280231626270523861e+02 1.305690733601143094e+01 4.638666051063600548e+01
2.279525244219172748e+02 1.284252469152444931e+01 4.619801861188248893e+01
2.278996342329226366e+02 1.280058167749588804e+01 4.615935357184581989e+01
2.279234641377512958e+02 1.283501388476989113e+01 4.621826835800239053e+01
2.280353398847878736e+02 1.284864589792672085e+01 4.646103052851994875e+01
2.282397964915118678e+02 1.294695029342248382e+01 4.676319165475901940e+01
2.284045298500085437e+02 1.304825743891150580e+01 4.697299322387281961e+01
2.285470464533175061e+02 1.315340761011206716e+01 4.716134080145228324e+01
2.286245686285082570e+02 1.321682146612385722e+01 4.724821272905376901e+01
2.287150948567936553e+02 1.332341066566013232e+01 4.717209363457442350e+01
2.287613605726456569e+02 1.338831522471758717e+01 4.714620460489067710e+01
2.287705317102980871e+02 1.344861961122644267e+01 4.709467930225661547e+01
2.287923238341736010e+02 1.347882909600711798e+01 4.707273103088799360e+01
2.288110334492644142e+02 1.351621013183791220e+01 4.707681782642689683e+01
2.288638023150270158e+02 1.350688059996585011e+01 4.716857301411842940e+01
2.288923548389995801e+02 1.347440529149029942e+01 4.724573234297628233e+01
2.289406482255353978e+02 1.349008182577983916e+01 4.731184451753794917e+01
2.289807174696467200e+02 1.352154049050533402e+01 4.738275120649213790e+01
2.290174155006156127e+02 1.355042103654974639e+01 4.738608871873680073e+01
2.290334155635239597e+02 1.358367371240103161e+01 4.744004610282817680e+01
2.290578341107006963e+02 1.358804022539160528e+01 4.748219132224349437e+01
2.290591810232491241e+02 1.362570434876385050e+01 4.750315552739658642e+01
2.290773469305222250e+02 1.364638883646527034e+01 4.755042665336604557e+01
2.290703292802386954e+02 1.365866719689412534e+01 4.756233430391918660e+01
2.290866427614965062e+02 1.373445939266488658e+01 4.737430463814222747e+01
2.289614765037340476e+02 1.363731992486946432e+01 4.716919311063779929e+01
2.276676248955272115e+02 1.221631482929371870e+01 4.601083596200336245e+01
2.260426821870534582e+02 1.085308318280265638e+01 4.464238179971781051e+01
2.255577431182766759e+02 1.047584656655253355e+01 4.425472037241738832e+01
2.255717458413092231e+02 1.048135666334151139e+01 4.440460848543671801e+01
2.260707202106530644e+02 1.088392736782507875e+01 4.495476216153065252e+01
2.269457741320895536e+02 1.162578747764507092e+01 4.570258171344351439e+01
2.275160169133572481e+02 1.218848575126041389e+01 4.620414768182757825e+01
2.278248732846242888e+02 1.245098541425143601e+01 4.646644738615836445e+01
2.279539005419104285e+02 1.278401431614138239e+01 4.645974652431407748e+01
2.280732769854322157e+02 1.299501339049005644e+01 4.651306696143718256e+01
2.280903667107025115e+02 1.309931991588255862e+01 4.646693267908656821e+01
2.280129827091926984e+02 1.304775080208136728e+01 4.636638829725090716e+01
2.279138369146154162e+02 1.295649101758737487e+01 4.625254104769351216e+01
2.278823962237020737e+02 1.280823178129465312e+01 4.622399975735353905e+01
2.279586478750460685e+02 1.283993084575773125e+01 4.629624100186028812e+01
2.281078338860280610e+02 1.296999946078563504e+01 4.646805379561978100e+01
2.282952389618326094e+02 1.315345366800571547e+01 4.659917050856901710e+01
2.284320376461495528e+02 1.334990968159391755e+01 4.675155136466168670e+01
2.285666075777592141e+02 1.344981936318783511e+01 4.678005221392431423e+01
2.286560362801398298e+02 1.350574375634700175e+01 4.680606144347685671e+01
2.286967806655702589e+02 1.356342845973416722e+01 4.680651752896030615e+01
2.287233369730302854e+02 1.358322549046039995e+01 4.681975187152318796e+01
2.287813373414934404e+02 1.357160766762826576e+01 4.689180102091253133e+01
2.288247631950248433e+02 1.353890206968446996e+01 4.696410629712509177e+01
2.288817851140887853e+02 1.356036392476162256e+01 4.701553386715555405e+01
2.289310243724892757e+02 1.356138169187493858e+01 4.708482965319529256e+01
2.289422580050865861e+02 1.358400173447287251e+01 4.705939670899499561e+01
2.289714654498395703e+02 1.361489197738894497e+01 4.712017627816271670e+01
2.290023208684945928e+02 1.360585901341745085e+01 4.720048551760085331e+01
2.290593675015502413e+02 1.357940605537731571e+01 4.728484672831684321e+01
2.290830232850736365e+02 1.358106189282215759e+01 4.733538796473538213e+01
2.290957734580715908e+02 1.360625556064813502e+01 4.735765077781672261e+01
2.291188271188877934e+02 1.361374839359053901e+01 4.739372084872341162e+01
2.291656859705409204e+02 1.364931407439360811e+01 4.740243253080262065e+01
2.291645626072811979e+02 1.367495933424999777e+01 4.739125955982134286e+01
2.292247501640110272e+02 1.367228909978161866e+01 4.736774532006865712e+01
2.292125740296388301e+02 1.369518324301492740e+01 4.739103039371635617e+01
2.291165332111114026e+02 1.366629371006443527e+01 4.727967027041600545e+01
2.278074499204658707e+02 1.230715672265509220e+01 4.614204591410315004e+01
2.261258121916367827e+02 1.083010591068812722e+01 4.475144913860505369e+01
2.255975607290178289e+02 1.045468464946572773e+01 4.428404689367591374e+01
2.255767088601907062e+02 1.043133666747548816e+01 4.428123623880006932e+01
2.258972965139791427e+02 1.087667493462025803e+01 4.471286161063330411e+01
2.266606791404923058e+02 1.168181859031391312e+01 4.542116011970558986e+01
2.272633758863336197e+02 1.235019501586188895e+01 4.594091221590143448e+01
2.275628825051899469e+02 1.266181149065811162e+01 4.623593886207795123e+01
2.277210576689763002e+02 1.283472967386517816e+01 4.634129348539178750e+01
2.279014686851257636e+02 1.296364234809881921e+01 4.637709394911613714e+01
2.280082140321551378e+02 1.301555858114726760e+01 4.638116501756940124e+01
2.280388840958723051e+02 1.297702272788547084e+01 4.635824391361786212e+01
2.280119368579979096e+02 1.290212585263271450e+01 4.629109487476746665e+01
2.279520672130705634e+02 1.283804696557116287e+01 4.622370318945296930e+01
2.279871914121125656e+02 1.278473214526434987e+01 4.638001132350165534e+01
2.281120161674440396e+02 1.285866180475047926e+01 4.658763019780180059e+01
2.282632141220242090e+02 1.298315853801011954e+01 4.678108121467022329e+01
2.284395720435325643e+02 1.313791418403386224e+01 4.697410872358972966e+01
2.285442020975438879e+02 1.324827451403305467e+01 4.706762871496229650e+01
2.286300865888400722e+02 1.333620689655172420e+01 4.717880235996153715e+01
2.286980803968617693e+02 1.341713510914597407e+01 4.717021424784089589e+01
2.287461738247373546e+02 1.347959522975025415e+01 4.713108301205144102e+01
2.288072892795197504e+02 1.353642505369676385e+01 4.709693052222911547e+01
2.288186902932427529e+02 1.356996418717928066e+01 4.707843546952090463e+01
2.288338287365308759e+02 1.358710221706972909e+01 4.710490752473646126e+01
2.289027302220664524e+02 1.363695820189983188e+01 4.707177280202744640e+01
2.289543476404878106e+02 1.366977276607982184e+01 4.710285176997115286e+01
2.289838864774024216e+02 1.369870835692396227e+01 4.708345802665516544e+01
2.289996236733079797e+02 1.372176763455645165e+01 4.710471430625578648e+01
2.290540730905071314e+02 1.369714238853989663e+01 4.715460399198367725e+01
2.290925437886998566e+02 1.369821070699990173e+01 4.719662676480368191e+01
2.291329960996827708e+02 1.370311081753884608e+01 4.726448127578118630e+01
2.291383421854358176e+02 1.369651892193074616e+01 4.729381790730904811e+01
2.291645401400159869e+02 1.370255025927223969e+01 4.731495623376740411e+01
2.291937475847689996e+02 1.371073620734589760e+01 4.727521276500139180e+01
2.292362725009660949e+02 1.371772352682142149e+01 4.727432867811598527e+01
2.292684984227979896e+02 1.377466568709390415e+01 4.726618654120945706e+01
2.292912858465216175e+02 1.377388607299165102e+01 4.727390067671402818e+01
2.290989480826436022e+02 1.351081574146468611e+01 4.707222664078437901e+01
2.276118139620572833e+02 1.190558356474616453e+01 4.584207422285729905e+01
2.261184788762772655e+02 1.073977739433645162e+01 4.478044202097543547e+01
2.258283298733744857e+02 1.049391249449551999e+01 4.455278683957473618e+01
2.259807949817116537e+02 1.061599512011000002e+01 4.473466272141489952e+01
2.266360022197657997e+02 1.113731880150620590e+01 4.530149272509952851e+01
2.273683227287841646e+02 1.209527805487404883e+01 4.587769382509683425e+01
2.277957826696503218e+02 1.270737735119930178e+01 4.621634740682824827e+01
2.279981374637153806e+02 1.300528093068399293e+01 4.634148782723571713e+01
2.281220399378105981e+02 1.319487207139198226e+01 4.644790290546673361e+01
2.282296221904684899e+02 1.331267468298688783e+01 4.656033584068013198e+01
2.282490002066988382e+02 1.337378789104275079e+01 4.655757910724074833e+01
2.282622839772451471e+02 1.322561740044754863e+01 4.664083942196219823e+01
2.282511952585083463e+02 1.307433519362289154e+01 4.666328197316509829e+01
2.282555033566094096e+02 1.300334986924051606e+01 4.668755897657113252e+01
2.283027632489462917e+02 1.302282561807446548e+01 4.674899908333558329e+01
2.284260332695263003e+02 1.311773520979932250e+01 4.684772136996396341e+01
2.285773379436161576e+02 1.326403530056707325e+01 4.696072609707655943e+01
2.286858784251345753e+02 1.340645866472549486e+01 4.707812429789796482e+01
2.287943559983104649e+02 1.348349667035129862e+01 4.716287419230181399e+01
2.288108963989467384e+02 1.356828026565294287e+01 4.717759923791036414e+01
2.288696280768919564e+02 1.352643723095449957e+01 4.723777668437087129e+01
2.289197008708312069e+02 1.345791207211093443e+01 4.733655401579898125e+01
2.289643714108543975e+02 1.343926873545244582e+01 4.735317979204299377e+01
2.289997865609806524e+02 1.346815489831315737e+01 4.738325896668553838e+01
2.290207114484196609e+02 1.346675743441805295e+01 4.742234976139764058e+01
2.290239838055952362e+02 1.355110179468514353e+01 4.737039533399836699e+01
2.290449232967566218e+02 1.363368022790793788e+01 4.735527598788564774e+01
2.290641395486775878e+02 1.369850502817395110e+01 4.733132588318819245e+01
2.290942018728712242e+02 1.370491044548093384e+01 4.736074789032380039e+01
2.291094279384936101e+02 1.374126809738211463e+01 4.733990500840275928e+01
2.291230453479280698e+02 1.377506223432458832e+01 4.734562854421108113e+01
2.291423312483711356e+02 1.374510662964061325e+01 4.736592659495115498e+01
2.291306943283635746e+02 1.377082266138236655e+01 4.736158142586251785e+01
2.291512148050290705e+02 1.374078280445391087e+01 4.736641862805891634e+01
2.291778306507418677e+02 1.376329275745239222e+01 4.738597525904756935e+01
2.292391763949924837e+02 1.381341048592201126e+01 4.738681890485562320e+01
2.292597766304494371e+02 1.382177954220700400e+01 4.737047396942654842e+01
2.292454941899652283e+02 1.378497366836519156e+01 4.737595822886054719e+01
2.288726409371545572e+02 1.335399984722259603e+01 4.700822975924078406e+01
2.273092439315916806e+02 1.175899252289414321e+01 4.568193991354596051e+01
2.262051002938718227e+02 1.083264134156533842e+01 4.478665758989152579e+01
2.260474328902788557e+02 1.073066579493677786e+01 4.468099404168127364e+01
2.264146333791665597e+02 1.103940196633504911e+01 4.504928643965742197e+01
2.272017279573661312e+02 1.170959037682097126e+01 4.576113140654067024e+01
2.279323757784907514e+02 1.239429825743891200e+01 4.634197424352718286e+01
2.282628546457810899e+02 1.274644118519317360e+01 4.662113563038652586e+01
2.283900418340477927e+02 1.304023325514724974e+01 4.672737434058576866e+01
2.284601835126221090e+02 1.324179720147744810e+01 4.677253916044323745e+01
2.285009683391298836e+02 1.334797749678718048e+01 4.683426909492868617e+01
2.285139577885021538e+02 1.339807163462834616e+01 4.685555458197406153e+01
2.284910984695299021e+02 1.336232396897720065e+01 4.684151141786416872e+01
2.284807758845362287e+02 1.314912871945575290e+01 4.686955056482704407e+01
2.284831282072020997e+02 1.306617508290420915e+01 4.690280998085788866e+01
2.285566040279313142e+02 1.309044085267764856e+01 4.698931344531018084e+01
2.286794606508317429e+02 1.321493533921077024e+01 4.707277933550816584e+01
2.287729121170454789e+02 1.341590277965005029e+01 4.711041986825195949e+01
2.288428010388863356e+02 1.355889905907093329e+01 4.715227975339929856e+01
2.289054757218732448e+02 1.367865519937451069e+01 4.715595315125861475e+01
2.289651442847770682e+02 1.373212953726420693e+01 4.717286313840734380e+01
2.289761161737348800e+02 1.373438749741626452e+01 4.720359274037726749e+01
2.290292130615692940e+02 1.378028587348233636e+01 4.714632143466968728e+01
2.290566029045680523e+02 1.381274096141921248e+01 4.712946649232068808e+01
2.290838298598941378e+02 1.384125416767769323e+01 4.715852789984992199e+01
2.291227386697581494e+02 1.385757214238853940e+01 4.715943445400051814e+01
2.291629494576402237e+02 1.389507113136160577e+01 4.718112210509288218e+01
2.291745919944640661e+02 1.391857750757146839e+01 4.726878263370269195e+01
2.291849774878002677e+02 1.391136551544399858e+01 4.727255713425539341e+01
2.292076199976634143e+02 1.393522799780719446e+01 4.732859835719357022e+01
2.292295952297502595e+02 1.395103147214508432e+01 4.733356811625461802e+01
2.292171786956404560e+02 1.395782220305015642e+01 4.733983423651739741e+01
2.292504122743163180e+02 1.395350848813279043e+01 4.738381840158888281e+01
2.292867395954095002e+02 1.397166653186307528e+01 4.741565676309616606e+01
2.293416170140105805e+02 1.396784709677999103e+01 4.750026848381907740e+01
2.293759717092196695e+02 1.397696318963270556e+01 4.756315098900901717e+01
2.293917617031984264e+02 1.399804422456480957e+01 4.757562593800832218e+01
2.292748027374115907e+02 1.387422038589774687e+01 4.747180358218076179e+01
2.283026082248164528e+02 1.274107038544840087e+01 4.670962520108202654e+01
2.268602277731345396e+02 1.140642945728074231e+01 4.552184492194871979e+01
2.262476184698893746e+02 1.089903885039497489e+01 4.498050066053759366e+01
2.264190100024264609e+02 1.106609307738624892e+01 4.515674062890368390e+01
2.270070771885363001e+02 1.183901530470105001e+01 4.568564364221329299e+01
2.277247816181823055e+02 1.266763612915981341e+01 4.625628971089123098e+01
2.281276983185498750e+02 1.314262444618191239e+01 4.661266210131837795e+01
2.283160425260395527e+02 1.340492302714944373e+01 4.680333841093526814e+01
2.284456573023105364e+02 1.354617360006470506e+01 4.690561389555417549e+01
2.286011038167389984e+02 1.358941859211129355e+01 4.697221810322360369e+01
2.286906706928005804e+02 1.356147605438875559e+01 4.701210086903381580e+01
2.286503576788618943e+02 1.346043065253924986e+01 4.697318194890045362e+01
2.285287715798082218e+02 1.325713672678906896e+01 4.687850826346014088e+01
2.284060059493318136e+02 1.311479649151186777e+01 4.673590403781690128e+01
2.284206613464182567e+02 1.312615369406774413e+01 4.680310475137724069e+01
2.285950724793975155e+02 1.326647075211417004e+01 4.699584355593899687e+01
2.287544417783289816e+02 1.345385111392700850e+01 4.721067779245639429e+01
2.288863403521069699e+02 1.362424397652620200e+01 4.731917446280768758e+01
2.289744030447637897e+02 1.368685238108076518e+01 4.741120712122437908e+01
2.290435842477510278e+02 1.374841493444051999e+01 4.742376969255793995e+01
2.290967979653644591e+02 1.377469489453865670e+01 4.744363524844301594e+01
2.291352057552146562e+02 1.379818666702614216e+01 4.742873271143943015e+01
2.291628404914040118e+02 1.382487328462430298e+01 4.744664249188931393e+01
2.291873893487189093e+02 1.385429529175990560e+01 4.745603942555696619e+01
2.292330843960349682e+02 1.384292123875513347e+01 4.746980511894170007e+01
2.292588161548623589e+02 1.392244749400123993e+01 4.735647236975726315e+01
2.292633376919827697e+02 1.396596321659342266e+01 4.731399688154358785e+01
2.292868362046498305e+02 1.399489768407430290e+01 4.723385277650463365e+01
2.292704193739721177e+02 1.402100352286718277e+01 4.724375297691263853e+01
2.293164873778904109e+02 1.405489763913977264e+01 4.724920915226515206e+01
2.293637652440394277e+02 1.398333041258885778e+01 4.742311814186729890e+01
2.293992320688756479e+02 1.394427444213780554e+01 4.753258202798522802e+01
2.294423546143269164e+02 1.390457590790218667e+01 4.763939477681018531e+01
2.294622134300324490e+02 1.390454445373091374e+01 4.765786960897971625e+01
2.293375796464551115e+02 1.373584674629065461e+01 4.754405044350381360e+01
2.281418279816307688e+02 1.243755785320787588e+01 4.643038742552101894e+01
2.266200493381143701e+02 1.112699284642276254e+01 4.509376039111015189e+01
2.260832041465584723e+02 1.071635639373432980e+01 4.465926594951156403e+01
2.260915866832025642e+02 1.075638407340504799e+01 4.465979280688037534e+01
2.265823638708401973e+02 1.113429583097427056e+01 4.504074438543042902e+01
2.272243536167803484e+02 1.198318549872835348e+01 4.576550465971079973e+01
2.276975737600316450e+02 1.265341659701814514e+01 4.626541591401328191e+01
2.279697972553988734e+02 1.303852124953942138e+01 4.650463724353616612e+01
2.281202470500480786e+02 1.322433788969471458e+01 4.664922083524304952e+01
2.282059001285127522e+02 1.336840585766538148e+01 4.676876465989053600e+01
2.282492012887223325e+02 1.331506857009337352e+01 4.679242269014046229e+01
2.281983241666891331e+02 1.313296464551148901e+01 4.674330812506178745e+01
2.281198740934458442e+02 1.296496117656574398e+01 4.664444204793615967e+01
2.280729377297277836e+02 1.291234171811670350e+01 4.658733475326449280e+01
2.281587166248775418e+02 1.294205130624679789e+01 4.658816379535017660e+01
2.283323863381053798e+02 1.310074658722241736e+01 4.665927493641763846e+01
2.285341996710792500e+02 1.331449116137787314e+01 4.678334479163858362e+01
2.286978074195896511e+02 1.350689295696170689e+01 4.689283451511148115e+01
2.288322212037062116e+02 1.364882091792258656e+01 4.700823874614686559e+01
2.289062384855265861e+02 1.374644680200947278e+01 4.709410414026763192e+01
2.290027713371617608e+02 1.371483311315413367e+01 4.719188392512109687e+01
2.290607323879108037e+02 1.370467566255964975e+01 4.725548762952378468e+01
2.291088550232311434e+02 1.369719069316006532e+01 4.734401090111707333e+01
2.291486501667071138e+02 1.373694202546889187e+01 4.733548794406549831e+01
2.291825645035183641e+02 1.376826363987670021e+01 4.735075894421827059e+01
2.291887137940021262e+02 1.377423768569194706e+01 4.741182497101722504e+01
2.292251208738867376e+02 1.377230213079543120e+01 4.746043402262903044e+01
2.292626951281982031e+02 1.375385875279717496e+01 4.746250325775345402e+01
2.292600675815337183e+02 1.378146203481527365e+01 4.749571436916412637e+01
2.293049111194988825e+02 1.382145826031472069e+01 4.744443283635742858e+01
2.293127184941540122e+02 1.383994544948010663e+01 4.748389995776154393e+01
2.293411047603641464e+02 1.387395414880519162e+01 4.750060661616025470e+01
2.293731644244336110e+02 1.392522894143233358e+01 4.750281290160236836e+01
2.293862122886953614e+02 1.393332165035543291e+01 4.752674390912440572e+01
2.293982929371905186e+02 1.394900829491430905e+01 4.752801106288138300e+01
2.292933730554582041e+02 1.384409964681459115e+01 4.743153999622550288e+01
2.281726687965634142e+02 1.259318522912117011e+01 4.644820621354686097e+01
2.264783527899849958e+02 1.108373662074357746e+01 4.502592497730806542e+01
2.258215009481185973e+02 1.055460893478202244e+01 4.450220853216863048e+01
2.256105086139494631e+02 1.051510024893729778e+01 4.441716993340702402e+01
2.258424033682923948e+02 1.081220399378106123e+01 4.465746182811643195e+01
2.265042058720444231e+02 1.139008002839862321e+01 4.526513057974531051e+01
2.271195887591778728e+02 1.196089909501855786e+01 4.577488811301932969e+01
2.274324162195680969e+02 1.228633406127272565e+01 4.600766358415788204e+01
2.275711302382428869e+02 1.246723598716669734e+01 4.615353342679715354e+01
2.277253118456409027e+02 1.265476350956656226e+01 4.625997883583618631e+01
2.278110952342437088e+02 1.278438390265383262e+01 4.630155338671555398e+01
2.278549210050955764e+02 1.284815611154547810e+01 4.631786799133661958e+01
2.278307889155500447e+02 1.282235582755924597e+01 4.630277335921562099e+01
2.278057311746784990e+02 1.272122392673874103e+01 4.627012617616133383e+01
2.278412373172288028e+02 1.274434611271377626e+01 4.628732823775758476e+01
2.279683660906059970e+02 1.287159957941279487e+01 4.635154305177356804e+01
2.281456620204362196e+02 1.308203697213160410e+01 4.651098424595364378e+01
2.283480381584031988e+02 1.328314707970486985e+01 4.665525778940084223e+01
2.284997023087361754e+02 1.345153698561196265e+01 4.680363722556235473e+01
2.286457181885992043e+02 1.355987189165386120e+01 4.691939419266129363e+01
2.287447909645646291e+02 1.364246043514599194e+01 4.698765536113882035e+01
2.287945009121709745e+02 1.368574249818015076e+01 4.703235510860675817e+01
2.288334995910957730e+02 1.366840787971924875e+01 4.706574932822876889e+01
2.288947509728325826e+02 1.363531247472432639e+01 4.711855414161566813e+01
2.289678695640451735e+02 1.354437734221239609e+01 4.720571702030142092e+01
2.290255396637099636e+02 1.355085353140474247e+01 4.722597912341718285e+01
2.290615344692782571e+02 1.356782755025927223e+01 4.727079682402739280e+01
2.291017856982376770e+02 1.357472724740053671e+01 4.730749485499627127e+01
2.291349945629218325e+02 1.364968478426932030e+01 4.734048354048152163e+01
2.291556318693663457e+02 1.365564422636219000e+01 4.735925157046183642e+01
2.291766095548785529e+02 1.368671083731003968e+01 4.742407412400132927e+01
2.292129166554330482e+02 1.370100675815337077e+01 4.748456611217456214e+01
2.292339022044880608e+02 1.371220781321614446e+01 4.750493718152651468e+01
2.292268643336658442e+02 1.375339143368112715e+01 4.751817264745265845e+01
2.292686882711888643e+02 1.380793296666756476e+01 4.744356110646787528e+01
2.292697655765549598e+02 1.385053764165610701e+01 4.741820118087945701e+01
2.292688095944209294e+02 1.389199873284624331e+01 4.738048313607074391e+01
2.292434564090120830e+02 1.386318895868719281e+01 4.730580194656385373e+01
2.285161157693241023e+02 1.300761078608467436e+01 4.669507315341547127e+01
2.266793516845955310e+02 1.122134412660753355e+01 4.522294716597917130e+01
2.257180021209098300e+02 1.042872372453335572e+01 4.442005697698453304e+01
2.254995888490469440e+02 1.023862931708500668e+01 4.424090974450226099e+01
2.256824465503761132e+02 1.036905853171928449e+01 4.440533530146576169e+01
2.261903662613572124e+02 1.106222646104625618e+01 4.480293400016176264e+01
2.268007299614461658e+02 1.181915648899553339e+01 4.531819826013498442e+01
2.271177486901584359e+02 1.225044709857737324e+01 4.555938884545217604e+01
2.272469365883907244e+02 1.242410894826238099e+01 4.567012100869033731e+01
2.273870963755807679e+02 1.258872547698003963e+01 4.577286942924159518e+01
2.275509636210042004e+02 1.274230608503410522e+01 4.588990815381988142e+01
