2.270984447156895385e+02 1.204982534691558804e+01 4.608818040173022013e+01
2.271119422210472294e+02 1.206562456055483956e+01 4.610363649658849994e+01
2.271307338804484175e+02 1.209448928738166629e+01 4.613045488550520190e+01
2.273789538814608875e+02 1.240443016970317380e+01 4.645150044155449365e+01
2.277942333545204576e+02 1.269383792418762447e+01 4.676465426564143257e+01
2.280054809006586822e+02 1.292788655705615319e+01 4.690466472795180408e+01
2.282724486868675626e+02 1.317499170327537783e+01 4.701159966475607632e+01
2.284021970851778178e+02 1.329463328477171302e+01 4.712323701632907813e+01
2.284995674453400625e+02 1.334048182876685296e+01 4.724894223792193770e+01
2.286173359357861727e+02 1.340266057677704659e+01 4.732536322779149884e+01
2.286893672552184853e+02 1.347560425467288425e+01 4.737251337319511180e+01
2.287357051653438873e+02 1.352009607325867258e+01 4.743876567237219177e+01
2.287913050325962843e+02 1.353042901097417605e+01 4.746045527924806606e+01
2.288308581906952952e+02 1.354884380220608442e+01 4.749361292826567649e+01
2.288730888002654922e+02 1.356191156535287767e+01 4.750438010811053857e+01
2.289171790011305916e+02 1.360010574808331540e+01 4.753846699028579792e+01
2.289510330125266364e+02 1.362375506943936720e+01 4.754315703027882734e+01
2.289573733976071708e+02 1.365674734645434540e+01 4.757967049347230670e+01
2.289985150269151291e+02 1.367717810114691623e+01 4.764956660160534341e+01
2.290033175648691497e+02 1.369560751711375168e+01 4.772553422469217566e+01
2.290379511871347233e+02 1.370380636850957146e+01 4.774286678553951191e+01
2.290400020249632860e+02 1.372321901665532273e+01 4.772798218032298223e+01
2.288633543517023838e+02 1.349491677963336933e+01 4.759050404711414473e+01
2.274797745540862195e+02 1.201034081257277286e+01 4.624324759113741123e+01
2.259540142084924810e+02 1.077852526422958590e+01 4.492306826938762043e+01
2.255265073320545923e+02 1.041091905209218105e+01 4.452488511145735828e+01
2.256534826556268740e+02 1.051316732384225539e+01 4.459550795641828813e+01
2.264008257350335498e+02 1.110379174377464473e+01 4.522309133146961813e+01
2.271076335491419229e+02 1.210982613440131317e+01 4.595562855423245452e+01
2.275096360128472668e+02 1.270772804742914097e+01 4.635717427621624154e+01
2.276923057019591567e+02 1.301227802746075213e+01 4.654347652448799266e+01
2.278404497668479678e+02 1.319089891495716671e+01 4.669328330924002302e+01
2.280072853679527043e+02 1.320519065591936148e+01 4.683634809119084963e+01
2.281225136544400129e+02 1.317934537436508968e+01 4.692663445475050565e+01
2.281716392640383333e+02 1.312171266895787447e+01 4.695523031145060600e+01
2.281633144149262193e+02 1.307947755946923429e+01 4.694595935448670332e+01
2.281284557967386775e+02 1.302970508659530502e+01 4.692799680505790860e+01
2.281633706639067043e+02 1.310450835578605222e+01 4.693724863736844810e+01
2.282575314572423508e+02 1.313931184997271906e+01 4.702431868422385008e+01
2.283787705097845162e+02 1.326510931989357722e+01 4.710233827011885666e+01
2.284677473970784263e+02 1.332847717135126864e+01 4.717488820515128367e+01
2.285522648651993052e+02 1.341971076774233396e+01 4.720202158835871131e+01
2.286035650603832892e+02 1.339350549271294533e+01 4.731719025092669995e+01
2.286281334900805007e+02 1.338379804366045889e+01 4.736396915305910227e+01
2.286404981409712036e+02 1.338494777282161685e+01 4.737345160618964002e+01
2.286545513862561165e+02 1.339380023737069791e+01 4.741679932051231816e+01
2.286657843076594361e+02 1.343961615695715572e+01 4.740183596672310529e+01
2.286719525708596450e+02 1.346055315247411066e+01 4.741892440699512434e+01
2.287013201635720350e+02 1.349308643780831396e+01 4.742976358553501370e+01
2.287480371918258868e+02 1.350503372126380164e+01 4.741491947958443376e+01
2.287699056704597353e+02 1.352958640124647793e+01 4.741312513710688847e+01
2.287811577165163897e+02 1.357175288697892412e+01 4.744120125322728398e+01
2.288352444861936874e+02 1.359945100995044420e+01 4.746225074670521593e+01
2.288384641778367836e+02 1.365596323566635384e+01 4.751667501026543761e+01
2.288752723856880209e+02 1.367196044571692148e+01 4.756655660616151238e+01
2.288858966931224472e+02 1.367612062031375686e+01 4.762975908561656979e+01
2.289175074951766362e+02 1.371585377515032533e+01 4.763006395509081159e+01
2.288959191364656647e+02 1.370435423357951699e+01 4.764514993165748535e+01
2.283657128714542068e+02 1.302960721336925687e+01 4.707263768344198951e+01
2.267834909242270101e+02 1.145874531024125176e+01 4.576900568677192638e+01
2.258209482453130477e+02 1.060349418666786647e+01 4.492945927855057420e+01
2.258083248491120969e+02 1.061569346555593718e+01 4.493129862021250887e+01
2.262847998380029253e+02 1.130222802211709876e+01 4.546586080627288595e+01
2.271562832923653161e+02 1.223050044717939500e+01 4.621362800299244356e+01
2.276562298558338568e+02 1.285906592943002913e+01 4.664293934672434006e+01
2.278560284844837156e+02 1.312428662230496990e+01 4.677802127336442339e+01
2.279837417946799576e+02 1.330548033816886999e+01 4.689486053065288473e+01
2.280958190132803907e+02 1.341303513873810971e+01 4.695886287061046716e+01
2.281857352585484477e+02 1.340054224017189632e+01 4.706085239705030432e+01
2.282744084013477277e+02 1.337126464582829399e+01 4.710191190284675855e+01
2.282920930808129185e+02 1.331526203587559998e+01 4.708821640107773021e+01
2.282686867550525562e+02 1.327369291431592835e+01 4.705340278207457771e+01
2.282533206585630694e+02 1.323792531260370886e+01 4.705424876674110379e+01
2.283418790534421703e+02 1.328750878890320131e+01 4.708278387454227243e+01
2.284503293377807438e+02 1.338949269044498536e+01 4.712975739814715581e+01
2.285373611353294336e+02 1.348039329287156640e+01 4.716408615093851608e+01
2.286021982101574395e+02 1.353091612714519520e+01 4.724830774942203959e+01
2.286519425585411227e+02 1.358694461162891365e+01 4.729647150145403600e+01
2.287054432138417610e+02 1.359479471934571215e+01 4.737759040617388706e+01
2.287411129423279306e+02 1.361277189350943040e+01 4.743296302754512794e+01
2.287670234726995488e+02 1.362590828041241764e+01 4.751555228061491221e+01
2.287835370483909969e+02 1.363436475213886823e+01 4.755558692998689452e+01
2.288147349829284281e+02 1.365466050927826913e+01 4.756549012549147193e+01
2.288605846519031957e+02 1.365555711802723593e+01 4.759933851198947252e+01
2.289060495778514053e+02 1.367165557624268146e+01 4.757281936764896102e+01
2.289416383078056754e+02 1.366998160658338080e+01 4.756646885775194988e+01
2.289650052592796783e+02 1.370611820160759642e+01 4.757032191291532541e+01
2.289829621838104288e+02 1.370952576484551244e+01 4.759622794336852536e+01
2.290082101011919065e+02 1.376634848493370988e+01 4.758345829981831798e+01
2.290665841681619384e+02 1.382021925852594002e+01 4.757397134676934058e+01
2.290850225839656673e+02 1.383315764901761113e+01 4.764146787339479516e+01
2.290905619835640437e+02 1.387425765408002043e+01 4.764318459227926184e+01
2.290458732935465491e+02 1.376110158003386275e+01 4.762306320697937423e+01
2.283008769216058056e+02 1.288056203981302872e+01 4.700750361399699528e+01
2.269213864248710593e+02 1.152309639387786078e+01 4.585697571731512312e+01
2.262716285767320414e+02 1.097498270343850102e+01 4.534377351910496401e+01
2.263694241791867512e+02 1.106416996191943980e+01 4.543685095707640187e+01
2.270994808219101060e+02 1.168720054449013190e+01 4.608707904669228128e+01
2.277190779667118647e+02 1.265019659018680365e+01 4.662113724188748876e+01
2.280089660874896538e+02 1.312197816414577467e+01 4.685116969754923133e+01
2.281633650390086814e+02 1.340895933761200531e+01 4.699790866290548763e+01
2.282592740506578366e+02 1.355619891889459439e+01 4.712225040921133257e+01
2.283980886596430366e+02 1.352972814867730555e+01 4.720458316693009948e+01
2.284783818293293507e+02 1.354525511725099918e+01 4.722922809524077081e+01
2.285167335092051530e+02 1.349348580556977417e+01 4.721948914675921571e+01
2.284590344300009690e+02 1.338585450638707108e+01 4.712706869687986710e+01
2.283517822489467335e+02 1.324059376423802270e+01 4.706079277313098430e+01
2.283506685191330803e+02 1.324287522288658536e+01 4.702711088361523650e+01
2.284532925340728298e+02 1.337246387409228277e+01 4.707587424977922552e+01
2.285911801598595900e+02 1.350857853201410741e+01 4.720557764890511265e+01
2.287079642931471994e+02 1.363872517310623778e+01 4.727475152012869586e+01
2.287675814625859800e+02 1.371343956890781435e+01 4.731935358671623959e+01
2.288213734876055412e+02 1.377800214871105489e+01 4.735611229546464784e+01
2.288470083979727860e+02 1.379783891416968089e+01 4.744323521636170682e+01
2.288524589241820024e+02 1.383203491936708573e+01 4.747866532419099883e+01
2.288895618766909763e+02 1.389857633830386874e+01 4.750682018888407754e+01
2.289286447933131114e+02 1.388747841445373865e+01 4.751384681152654110e+01
2.289505076470489087e+02 1.392252827917494074e+01 4.757309161271452069e+01
2.289944977247287454e+02 1.383057807077246792e+01 4.763411500666550324e+01
2.290404340171334354e+02 1.378547988817702752e+01 4.765055995860075200e+01
2.290743499024080165e+02 1.373205010659181724e+01 4.766637154701570722e+01
2.291063206979373490e+02 1.375177099915064005e+01 4.771376918793346533e+01
2.291575455194874564e+02 1.382980970969901158e+01 4.767019422772962400e+01
2.291727203694433115e+02 1.388437122077162300e+01 4.766400121497797926e+01
2.291527902306770557e+02 1.391881584646278291e+01 4.760669025373915275e+01
2.288844960935083179e+02 1.360100798173033176e+01 4.735613029513839933e+01
2.273850490209864859e+02 1.200470353974834126e+01 4.606637154701571291e+01
2.260391976645423426e+02 1.088835477356972881e+01 4.501647195144587954e+01
2.256848504620853646e+02 1.055875262260871494e+01 4.471943233528892137e+01
2.259101625033046332e+02 1.071784723901879310e+01 4.493879435935223654e+01
2.267617461933502341e+02 1.138347292455324222e+01 4.573098362592178034e+01
2.275564959135115544e+02 1.211284782963308793e+01 4.638083934728683033e+01
2.278535602792199484e+02 1.274840956007672332e+01 4.662903009882946037e+01
2.280151838497927201e+02 1.306888925138231805e+01 4.673368470196477631e+01
2.280955816425827152e+02 1.326609030211327500e+01 4.679687930656256611e+01
2.281512400087748347e+02 1.340508153289721704e+01 4.683442100111935247e+01
2.281472294564661070e+02 1.339788166339485009e+01 4.684167036972454667e+01
2.280960417592431213e+02 1.332423487324292211e+01 4.676223780943970354e+01
2.280003757431896645e+02 1.317010029193220788e+01 4.665541087067796866e+01
2.279606707128433243e+02 1.304306196950180308e+01 4.656407940106085874e+01
2.280372806992873222e+02 1.309800709862133772e+01 4.658745535237174096e+01
2.282185779132753112e+02 1.332113105449963797e+01 4.674571298395216701e+01
2.283790922539529049e+02 1.347584725026858976e+01 4.686816026459520401e+01
2.285151967870582439e+02 1.365927855057627127e+01 4.691484466844038792e+01
2.285717472620808621e+02 1.376290154740945404e+01 4.691908471658950930e+01
2.286305454463637830e+02 1.383154105331840888e+01 4.696409065085695289e+01
2.286722124411494974e+02 1.387229793959984470e+01 4.697077752965727626e+01
2.287042856098233301e+02 1.391155860300032110e+01 4.696783345801857479e+01
2.287665161068955513e+02 1.382575078326705409e+01 4.718015873462293541e+01
2.288298108346786250e+02 1.376954005208655651e+01 4.731165872618559121e+01
2.288590704293484634e+02 1.377370022668339189e+01 4.739444147574825195e+01
2.288907892294452040e+02 1.375928923788256419e+01 4.744266822663838923e+01
2.289137264387082951e+02 1.370921639545283277e+01 4.750160703337252244e+01
2.289438983918416568e+02 1.369210095567017760e+01 4.753034463750344685e+01
2.289819384523655401e+02 1.371221334113319124e+01 4.756937580506353669e+01
2.290197883913353962e+02 1.375356534162818356e+01 4.761402399581507439e+01
2.290567552213116187e+02 1.377327385941129734e+01 4.765307766296735537e+01
2.290608175226824130e+02 1.375347196832057506e+01 4.762065350065530112e+01
2.287928507545800869e+02 1.343121368425197382e+01 4.736247630511697082e+01
2.272439405785770248e+02 1.178215444845062265e+01 4.600861734381064139e+01
2.257347365578998790e+02 1.057456083608484576e+01 4.479837440446392094e+01
2.252616837569819097e+02 1.018337617630680469e+01 4.442900647425765470e+01
2.251914591548028284e+02 1.029719936326154084e+01 4.435683903229254099e+01
2.257568469071498214e+02 1.091729599901001713e+01 4.477026341397561993e+01
2.266410763804906026e+02 1.178579938238619462e+01 4.552704282234884658e+01
2.271407304492606158e+02 1.232982152198491477e+01 4.593543967015597929e+01
2.273822961958814517e+02 1.261155016565324694e+01 4.611211884284597318e+01
2.275534404688914947e+02 1.279979975362946476e+01 4.625204380670600557e+01
2.277174141218690409e+02 1.288863489349255609e+01 4.637117577243912336e+01
2.277830420573627066e+02 1.285380214983603508e+01 4.641104842474729963e+01
2.277230626444895734e+02 1.274083057244587458e+01 4.637470595845450561e+01
2.276209201208228023e+02 1.259443472587059354e+01 4.633420331756487087e+01
2.275896018134671408e+02 1.256527862932484396e+01 4.631136398152783329e+01
2.276481963764406657e+02 1.263514098806959041e+01 4.637607280868034110e+01
2.277838160433342125e+02 1.282878935319297398e+01 4.650276238743172996e+01
2.279476681985138953e+02 1.305250279838677940e+01 4.664827175007452809e+01
2.281185447263768253e+02 1.326969361180328555e+01 4.680732136730021864e+01
2.282346898712460757e+02 1.338905282341757541e+01 4.687188057216462767e+01
2.283312727456814741e+02 1.336882006513631893e+01 4.698715948273437704e+01
2.284007087371541331e+02 1.338482065012571631e+01 4.708731191747149580e+01
2.284730134266316384e+02 1.332932653095662623e+01 4.716196556437414245e+01
2.284777405909517825e+02 1.336011609789572496e+01 4.721645170181290752e+01
2.285414144368633345e+02 1.339001355600429655e+01 4.716819682643252065e+01
2.285814085869693599e+02 1.342590265551436879e+01 4.717198575775814362e+01
2.286322857898200596e+02 1.346903437375197576e+01 4.718402078962319024e+01
2.286556786158250816e+02 1.350530146641092166e+01 4.720469453991146480e+01
2.287120097198238398e+02 1.354030745692734250e+01 4.724922235784476499e+01
2.287226599017892852e+02 1.360973669852233847e+01 4.733295121525922156e+01
2.287523953628340507e+02 1.363396875931623775e+01 4.736738459115428412e+01
2.287481035656228698e+02 1.362739212851766979e+01 4.740698387341729614e+01
2.288251489191758310e+02 1.372770656031859460e+01 4.743838317930487847e+01
2.287856688847514590e+02 1.365108419909889115e+01 4.742288208526220217e+01
2.282768653568154207e+02 1.303018770284788630e+01 4.692644433319646424e+01
2.265218499164702735e+02 1.129772135380046194e+01 4.544698364842137295e+01
2.252702032275664976e+02 1.034142456167981905e+01 4.446221924727614550e+01
2.250140172459374241e+02 1.012612146404846492e+01 4.426958336380153014e+01
2.252969057435834088e+02 1.034955928923788271e+01 4.450643544585754086e+01
2.261871853572654061e+02 1.102793549366917780e+01 4.520496565999741279e+01
2.268118640349643726e+02 1.191005900518053195e+01 4.583825493162936482e+01
2.271385783632671576e+02 1.243707932793718030e+01 4.614234704495981276e+01
2.273428431609677034e+02 1.276690872477936267e+01 4.631615301972652077e+01
2.274862915609654692e+02 1.298615937586131253e+01 4.647549063173229911e+01
2.275641154004083546e+02 1.309104797475545823e+01 4.655405808269725298e+01
2.276922843273465560e+02 1.296680635163487594e+01 4.656234018258419383e+01
2.277397550919389460e+02 1.281345813107137488e+01 4.652462299120828249e+01
2.277259695918011460e+02 1.268962712550835015e+01 4.650316175519319017e+01
2.277098520089323301e+02 1.265792632508535753e+01 4.642897272486936089e+01
2.277939329849646413e+02 1.269701374162593233e+01 4.657268324511618118e+01
2.279355904174236969e+02 1.286059252676045261e+01 4.671317857363835202e+01
2.280924946985335851e+02 1.302591840522890543e+01 4.686142726163087957e+01
2.282415983710295393e+02 1.318135908786653232e+01 4.701604670915339312e+01
2.283394007233618765e+02 1.330378386891737641e+01 4.707720285069832755e+01
2.283980931595614834e+02 1.335609429579088925e+01 4.713121312176216549e+01
2.284627288630393593e+02 1.336401302726387996e+01 4.719284737964124332e+01
2.285259122178410394e+02 1.336501425911655438e+01 4.721998976268555026e+01
2.285791226284023594e+02 1.339093491430467786e+01 4.726389546689465959e+01
2.286473380169984466e+02 1.342979508496408414e+01 4.731999482509379362e+01
2.286770802279208681e+02 1.344773288484146256e+01 4.737567906581693222e+01
2.287653798774897211e+02 1.350999600632238540e+01 4.735651616314454060e+01
2.287930431260933517e+02 1.355713940184834065e+01 4.729265894555661021e+01
2.287990471422705525e+02 1.359608732091730765e+01 4.727488089278381977e+01
2.288180266732665586e+02 1.361933839949150915e+01 4.728716454514261613e+01
2.288297793352495546e+02 1.361800417367435223e+01 4.730045505425214003e+01
2.288589894308165640e+02 1.364986472120192751e+01 4.732638020935870315e+01
2.289119635956598415e+02 1.366934486812426464e+01 4.741395874699770729e+01
2.289515493781675275e+02 1.367459064804450364e+01 4.743539185852256423e+01
2.288233860761273775e+02 1.352240228145864798e+01 4.734356877281599196e+01
2.275169967544338192e+02 1.214810694056170171e+01 4.620685225080295311e+01
2.257929418779284561e+02 1.066541531434742751e+01 4.480981769705424256e+01
2.250904944847874560e+02 1.009924120125322666e+01 4.426720853184536253e+01
2.250330575258323336e+02 1.002901772405375169e+01 4.422657426834138761e+01
2.256382200572614636e+02 1.046658416816195292e+01 4.470487959905726427e+01
2.266516579386998558e+02 1.128449384354908602e+01 4.549706774064720349e+01
2.270701289789122654e+02 1.212608771466017110e+01 4.588668642880848125e+01
2.272533589078697958e+02 1.258505014596610394e+01 4.601810992175767012e+01
2.274052469048998546e+02 1.289089272756931237e+01 4.619303750119529184e+01
2.275189182196072579e+02 1.307980267857645096e+01 4.630902402393956407e+01
2.275607314617422503e+02 1.314536986517119388e+01 4.632964490018618164e+01
2.275807560987957174e+02 1.298569925920092771e+01 4.629367817708303789e+01
2.275488753016351495e+02 1.281598483527486110e+01 4.615498506589567995e+01
2.275800642363357156e+02 1.266490794854343349e+01 4.610069467490901474e+01
2.276162930796879209e+02 1.275764226773389787e+01 4.611514616297579749e+01
2.277611747037084911e+02 1.288830977438533942e+01 4.632184541655182386e+01
2.279296482751250039e+02 1.307622636839707297e+01 4.649936719896951587e+01
2.280964298772084646e+02 1.326513069450616200e+01 4.665606223387201368e+01
2.282156608411472405e+02 1.336836107345554403e+01 4.675094526411708529e+01
2.282656144357383425e+02 1.341351887997030090e+01 4.681756543162655504e+01
2.283616111957970816e+02 1.345167368841439703e+01 4.689249919845202896e+01
2.284465471563327981e+02 1.345345003121818372e+01 4.696947592824879791e+01
2.285087922781399641e+02 1.347691710587745639e+01 4.702634252254178193e+01
2.285702397894038143e+02 1.349230232702032239e+01 4.708341273814411920e+01
2.286140791198159548e+02 1.354191392781005909e+01 4.711885409576951389e+01
2.286494653534404620e+02 1.361888390772917212e+01 4.714664446706903789e+01
2.286859675668378600e+02 1.360771173522479849e+01 4.718255719115091296e+01
2.287378910007256252e+02 1.360574977078540471e+01 4.720758461252889759e+01
2.287530928501921039e+02 1.361262114624172526e+01 4.725438713923310274e+01
2.287929565026634009e+02 1.363219691643088893e+01 4.727060034536874156e+01
2.288304779475872124e+02 1.368729391779774041e+01 4.728935375546318198e+01
2.288855097001366801e+02 1.371300195183962245e+01 4.732548360060973636e+01
2.289533212210528745e+02 1.377663529848521584e+01 4.734945354115456695e+01
2.289662371119523527e+02 1.379188327211569209e+01 4.736275417508057473e+01
2.288748178939256661e+02 1.369087810283438600e+01 4.728412372525747998e+01
2.278497072240565728e+02 1.251942446043165447e+01 4.642651914434051008e+01
2.262770937276761742e+02 1.101017544057013886e+01 4.511020300257057869e+01
2.255406393259122240e+02 1.038307243181217387e+01 4.453089812747143839e+01
2.256349677412096923e+02 1.040689050010968586e+01 4.461434236504463513e+01
2.263788143839892939e+02 1.098413441256377254e+01 4.521480473166423764e+01
2.273055455869862271e+02 1.180799860502528453e+01 4.593629802959821262e+01
2.276177263037107537e+02 1.251783711420230460e+01 4.628551307507551371e+01
2.277984081538522219e+02 1.295367108971149861e+01 4.640944645378302624e+01
2.279051113448568628e+02 1.319322987270855663e+01 4.654266091427092533e+01
2.279798617400059584e+02 1.330987450852453335e+01 4.661686906924811780e+01
2.279907470427098417e+02 1.339409160708962077e+01 4.662201022606465273e+01
2.280141601183478599e+02 1.330332712719581956e+01 4.657683441987614259e+01
2.279293512805080297e+02 1.313418306793189316e+01 4.644048239125665845e+01
2.278940505453338687e+02 1.299597932287477242e+01 4.637998098784459700e+01
2.279254014770982337e+02 1.305650210089942043e+01 4.637667242281233371e+01
2.280890736355403590e+02 1.312812055281498047e+01 4.654408626343647626e+01
2.282697217362935191e+02 1.328877664092338406e+01 4.671525641097755255e+01
2.284231745799607438e+02 1.341793217497932922e+01 4.680270670094104446e+01
2.285508665155444135e+02 1.353393107249931049e+01 4.693824086938424500e+01
2.286178613012639005e+02 1.360155134688183765e+01 4.698205432526535219e+01
2.286828232488286119e+02 1.365636710334625192e+01 4.701576546425096126e+01
2.287227555250561011e+02 1.365834481750018270e+01 4.711186347247456041e+01
2.287733368582694311e+02 1.367294367789583731e+01 4.720820222633464880e+01
2.287976341678807159e+02 1.366672591559277983e+01 4.725705784082663286e+01
2.288232027044509778e+02 1.368043941703556676e+01 4.731279158065260049e+01
2.288586080627288766e+02 1.367652111305482521e+01 4.727168707567175687e+01
2.288966976223555889e+02 1.368584944397882808e+01 4.727673035926223832e+01
2.289408485721196200e+02 1.370701143541773348e+01 4.729504952722732014e+01
2.289757218150421068e+02 1.376389602938446721e+01 4.731896209381204699e+01
2.289980942845410823e+02 1.378490614857605756e+01 4.731250921077055693e+01
2.290523565510375192e+02 1.383747757071903095e+01 4.735085751570753132e+01
2.290581389462315940e+02 1.387970480535040352e+01 4.739573632727906727e+01
2.290536862769362187e+02 1.387258818433915941e+01 4.740591401780842773e+01
2.287657263712095244e+02 1.351037399947125905e+01 4.715604704664728075e+01
2.272299593319871178e+02 1.186189525314853732e+01 4.581918765222380330e+01
2.258691929958769435e+02 1.075192062143873706e+01 4.474797981786580436e+01
2.255038029935707300e+02 1.043121930915002160e+01 4.454837018579038244e+01
2.257516337516382521e+02 1.062227122133411328e+01 4.482218347292455007e+01
2.266935555543055898e+02 1.127448152502235956e+01 4.558410741305313962e+01
2.274451701812904503e+02 1.204061063893216854e+01 4.619621219365399156e+01
2.277516495013528015e+02 1.261331525866093628e+01 4.655628441734493350e+01
2.279187157232775292e+02 1.287950343400025943e+01 4.673277121852166260e+01
2.280409571326519824e+02 1.309788560082348496e+01 4.687447365016509337e+01
2.281218926656954409e+02 1.319231526428583479e+01 4.695796176194306781e+01
2.281030222577215909e+02 1.321903240503765886e+01 4.694443275715627806e+01
2.280838244806813009e+02 1.312388725454351146e+01 4.681395874699771298e+01
2.280443714457675526e+02 1.297628655480619386e+01 4.666261524009877348e+01
2.280121801542346986e+02 1.292280952407737615e+01 4.660324894111294469e+01
2.280959135115676020e+02 1.297361022831461241e+01 4.664006727378066586e+01
2.282404868911750953e+02 1.314909467265905718e+01 4.675395008465471847e+01
2.283967386841113409e+02 1.332551285007959230e+01 4.688052716544512322e+01
2.285205989391442358e+02 1.347266918287106030e+01 4.693998346279973788e+01
2.286045730421136000e+02 1.358039610532059172e+01 4.703187067234406271e+01
2.286702583515673837e+02 1.367353766712978391e+01 4.706372559497359020e+01
2.287245746170850680e+02 1.371638026560768608e+01 4.708432959652606087e+01
2.287534438438303255e+02 1.368224838424803558e+01 4.714222892210078442e+01
2.287956823282578114e+02 1.368967549963156927e+01 4.719588932450599117e+01
2.288188389085447909e+02 1.367788683830105612e+01 4.726914687171294815e+01
2.288595654203767538e+02 1.370387724222498527e+01 4.729103447500013857e+01
2.288868068016267330e+02 1.372162267058909535e+01 4.730976876044121582e+01
2.289037062453243152e+02 1.379014405363902718e+01 4.734498062222622394e+01
2.289482126886450146e+02 1.375185649760098094e+01 4.741781067718147824e+01
2.289789775060326917e+02 1.375400295869637368e+01 4.747372441374500340e+01
2.290043705457838712e+02 1.375791451279945576e+01 4.749536677147726493e+01
2.290193777737778476e+02 1.377925762595553039e+01 4.748381435586480137e+01
2.290683605109657321e+02 1.378295655891236926e+01 4.760217458558563663e+01
2.291066323172892396e+02 1.380744511505728944e+01 4.758983918416478787e+01
2.290725184356033424e+02 1.375109151146635433e+01 4.756882793999358938e+01
2.281790551296257661e+02 1.274251016700322303e+01 4.677062678238957005e+01
2.262907588549957438e+02 1.093581878828446285e+01 4.524582379444372293e+01
2.251441087630286688e+02 1.012699669818484516e+01 4.437711453979896703e+01
2.248627828620606124e+02 9.859577795152462798e+00 4.406515994397601332e+01
2.251269809484703046e+02 1.006246899274950657e+01 4.425218892907565760e+01
2.259466084677215179e+02 1.070260826522519260e+01 4.487227094008920858e+01
2.268074361152204119e+02 1.140702212272402605e+01 4.553154161580821579e+01
2.271444653815649701e+02 1.201699281700519251e+01 4.592626208649968333e+01
2.273189204695664785e+02 1.233028501358412932e+01 4.611541278314330583e+01
2.274705035971223026e+02 1.260959832603034059e+01 4.626316423014832679e+01
2.275471574577710783e+02 1.273541717056378353e+01 4.631527778559013342e+01
2.275370810154065850e+02 1.274093182061075069e+01 4.635204549417542097e+01
2.274587498101597021e+02 1.268090403361439122e+01 4.628528470421473884e+01
2.274715397033428701e+02 1.251618676911481032e+01 4.624863849342730759e+01
2.274983468424634907e+02 1.246924586991860728e+01 4.627952480861284101e+01
2.276260657775577840e+02 1.252808342848785905e+01 4.636662635489732054e+01
2.278082247259268343e+02 1.271692250577958205e+01 4.651695175524943693e+01
2.279995725077482973e+02 1.294509424516680696e+01 4.667402928321924094e+01
2.281554733070463215e+02 1.315559030492572390e+01 4.680152209741198277e+01
2.282801919215214355e+02 1.329536452151804760e+01 4.694459475422007699e+01
2.283639174039970499e+02 1.340282482380006890e+01 4.699529196033321909e+01
2.284456370478285123e+02 1.348198063910091626e+01 4.703751357006654388e+01
2.284817140189334168e+02 1.355194874592898024e+01 4.708344761251202470e+01
2.285546588218088573e+02 1.354439563282915415e+01 4.713833311771224288e+01
2.286158622124974045e+02 1.355305910080379839e+01 4.716606948999049109e+01
2.286543893891923176e+02 1.357657679954550822e+01 4.723185042271109069e+01
2.286997778165270745e+02 1.358917544619503737e+01 4.727101996276317664e+01
2.287218937906750398e+02 1.362049937844876624e+01 4.730232364538392886e+01
2.287549513165074018e+02 1.363369426429146003e+01 4.730927826933136515e+01
2.287720847559637889e+02 1.364939335474544535e+01 4.732379050629707251e+01
2.288222183472924485e+02 1.363750907014810387e+01 4.733626428020992449e+01
2.288399345261867097e+02 1.368350948639055886e+01 4.735778964006277647e+01
2.288592988002092454e+02 1.376388252962915004e+01 4.737027578875132861e+01
2.289069158121509133e+02 1.378088209651200025e+01 4.731632964152525034e+01
2.289496436627086098e+02 1.379431210309313194e+01 4.730371637014079056e+01
2.289908415409970814e+02 1.380618851283320403e+01 4.726723440637638163e+01
2.285400352118617775e+02 1.325764620516253167e+01 4.687162857673204996e+01
2.266647234518874257e+02 1.134823181329838349e+01 4.541877590968663725e+01
2.251924536367778273e+02 1.020221958477002566e+01 4.433193310871240556e+01
2.247283939228601355e+02 9.808549845034058023e+00 4.397135126925824267e+01
2.248206017515932444e+02 9.887584162537054411e+00 4.411358581625707842e+01
2.255495592892378909e+02 1.040549777535282239e+01 4.471228308986899691e+01
2.265349694286791191e+02 1.114813506505194596e+01 4.548504058363942448e+01
2.269592689882495904e+02 1.190533521579921405e+01 4.583561010456685381e+01
2.271609677074603155e+02 1.233005439276413107e+01 4.598278893695052005e+01
2.272912785955754487e+02 1.258724948110315545e+01 4.608881601520972282e+01
2.273903937991123883e+02 1.276286217312311244e+01 4.617743515898774120e+01
2.274926825701284088e+02 1.271530928501920954e+01 4.618435153362845114e+01
2.275127859557545378e+02 1.264122712775830948e+01 4.614342140048711371e+01
2.274558462377869432e+02 1.255105663709845309e+01 4.606858100696924652e+01
2.274649113234822551e+02 1.251468379635619144e+01 4.603114843543460921e+01
2.275306416321204210e+02 1.255829925582598783e+01 4.612039306787564641e+01
2.276908758528751662e+02 1.275955473307046262e+01 4.622829886208312189e+01
2.278842227234631252e+02 1.295275423132955694e+01 4.642713225822782164e+01
2.281016621573733971e+02 1.310654794381851751e+01 4.663210579308250203e+01
2.282345616235705847e+02 1.328441396999679469e+01 4.675465094695158541e+01
2.283085695321772164e+02 1.337373847599012322e+01 4.681670707218431460e+01
2.284173168111327925e+02 1.339355836675460232e+01 4.691812285902317825e+01
2.284899319949825838e+02 1.344099988187714168e+01 4.696991804523543124e+01
2.285180058611437630e+02 1.343876454739257831e+01 4.698941619183152341e+01
2.285543269528239705e+02 1.346457045466050850e+01 4.702118561601071178e+01
2.286177094290165996e+02 1.352364763388663604e+01 4.706772152254740149e+01
2.286573897098114969e+02 1.353833874261029102e+01 4.712748156439664626e+01
2.286867831770549060e+02 1.356577137039391090e+01 4.713732963590035041e+01
2.287274748145189847e+02 1.361462248496746064e+01 4.714520224320934005e+01
2.287681709519015101e+02 1.362556066171300628e+01 4.716842857223213059e+01
2.287920092698319934e+02 1.366079952300864520e+01 4.719347174332465045e+01
2.288117346623092487e+02 1.362211934908679822e+01 4.725872168566944964e+01
2.288659913039076059e+02 1.363169292556572465e+01 4.734717433246522234e+01
2.288942001676219604e+02 1.365528824790050599e+01 4.738820683875104578e+01
2.289224697802352466e+02 1.369284456719221943e+01 4.743063206979373803e+01
2.289587537475883323e+02 1.371002750575145868e+01 4.746283573610228501e+01
2.289958038260556634e+02 1.372191854022645785e+01 4.747875644753938928e+01
2.287577896400627822e+02 1.337114764794888089e+01 4.726395734077319588e+01
2.271818045797919865e+02 1.171152485361202800e+01 4.595402433330895775e+01
2.256343748769553486e+02 1.048333173961222009e+01 4.469021323988502559e+01
2.252373830724318111e+02 1.014298153345970555e+01 4.433363295290272532e+01
2.252362299683318270e+02 1.030054167768209261e+01 4.434928254425388872e+01
2.259098373841974023e+02 1.095663316102395690e+01 4.486690591233033842e+01
2.268220338506364442e+02 1.187237331323369816e+01 4.562486429933457543e+01
2.272996641935864943e+02 1.239744967122470953e+01 4.598791434405251266e+01
2.275361315326159684e+02 1.266639292162829555e+01 4.617747565825369094e+01
2.277399373386357411e+02 1.284706464695327455e+01 4.634145043621084170e+01
2.278751598877270226e+02 1.295201399474634485e+01 4.649545451988682743e+01
2.279275569380305058e+02 1.292871229208970618e+01 4.660339293850299214e+01
2.279085222830336193e+02 1.291562877922837593e+01 4.665788245088057806e+01
2.278813157761515527e+02 1.285113819812015912e+01 4.662001001231852371e+01
2.278991253283534206e+02 1.277755215686715751e+01 4.659160202721325561e+01
2.279706470320225549e+02 1.282127111446104983e+01 4.665565949117172551e+01
2.281063701970401780e+02 1.292590096804495481e+01 4.675590642419606269e+01
2.282902683638859003e+02 1.311213571754012008e+01 4.683150055405246093e+01
2.283880088423397297e+02 1.322980858471940202e+01 4.696302192022769617e+01
2.284867213031763811e+02 1.332570747155207869e+01 4.703388438584550357e+01
2.285629825459413667e+02 1.340056811470292075e+01 4.707061722006288562e+01
2.286119574082719623e+02 1.345318791096911326e+01 4.714251579190127472e+01
2.286296657123089631e+02 1.349189058448315670e+01 4.715489056760846154e+01
2.286544805125407152e+02 1.352999364386520575e+01 4.716858044447944565e+01
2.287118780972094783e+02 1.355767039222414105e+01 4.717668479758804523e+01
2.287744258385316698e+02 1.355980672850304636e+01 4.721800192371513560e+01
2.288265742683413748e+02 1.361762393056625875e+01 4.721978501639657821e+01
2.288582953183973530e+02 1.362916509638262852e+01 4.725693409306956028e+01
2.289087281543021959e+02 1.367895219399148310e+01 4.730649731973608141e+01
2.289190903414875606e+02 1.373464543455149922e+01 4.725590248676742533e+01
2.289642267733897256e+02 1.375725752470736474e+01 4.727485164331396561e+01
2.289819440772635915e+02 1.379632581659457458e+01 4.726147113583566295e+01
2.289904972972364874e+02 1.382471917696491737e+01 4.727071509328893484e+01
2.290151332257102865e+02 1.384507343304402660e+01 4.724914135931286552e+01
2.290345976229180849e+02 1.390737592881129103e+01 4.730681793892485842e+01
2.290923878254706665e+02 1.390294688408772572e+01 4.739908539157728029e+01
2.291122875897874280e+02 1.385485850568958455e+01 4.747362316558012196e+01
2.289846800276745000e+02 1.367573812724644355e+01 4.741149279169314923e+01
2.278041657994948821e+02 1.238603000320619252e+01 4.646016615948835948e+01
2.261935752414487411e+02 1.095008802965446293e+01 4.511977095415145556e+01
2.255512895078776694e+02 1.048105028096365743e+01 4.455659491171722664e+01
2.256228123365264082e+02 1.058905169843796656e+01 4.460164697014866420e+01
2.263563057919575101e+02 1.112412237528194758e+01 4.517930712505835800e+01
2.272785415764339234e+02 1.197048503495874172e+01 4.594198142658664352e+01
2.278114747920193963e+02 1.246786102001901142e+01 4.633853111412355474e+01
2.279864316209268793e+02 1.285728396172819288e+01 4.650487059922038924e+01
2.280943419150527802e+02 1.310930976876044163e+01 4.662243771831635542e+01
2.281321389799809936e+02 1.325628047991630076e+01 4.670934126818951171e+01
2.281668682255134115e+02 1.334299390823541387e+01 4.671736912268465147e+01
2.281272925678221952e+02 1.333927022572715870e+01 4.668202451330569858e+01
2.281261923377638823e+02 1.320705249717348906e+01 4.665137781877703560e+01
2.281201995713827557e+02 1.312549035048739654e+01 4.661846654029395864e+01
2.281584781275839475e+02 1.312292539697718041e+01 4.665813219635393949e+01
2.282688408772590947e+02 1.324877461596008565e+01 4.672362288433522082e+01
2.284203688808140384e+02 1.342135661291139037e+01 4.683174804956659898e+01
2.285222042850473372e+02 1.348809377830026790e+01 4.702670926589455291e+01
2.286024659553045524e+02 1.353032213791125038e+01 4.717034328752791339e+01
2.286315736777270899e+02 1.357257524707364738e+01 4.725994003858679804e+01
2.286709715886399579e+02 1.359580720099448214e+01 4.730291988457709351e+01
2.287362294058420105e+02 1.362364257147839197e+01 4.728282437380822500e+01
2.287700766673603994e+02 1.362710863365601455e+01 4.730324162874548222e+01
2.288354919817078326e+02 1.365509475140763129e+01 4.733353282971746268e+01
2.288828446234412013e+02 1.370948751553878076e+01 4.733556004297422248e+01
2.289014405363902824e+02 1.372712382088074712e+01 4.734161580821347570e+01
2.289330265888930853e+02 1.376965592498635971e+01 4.734753770087917246e+01
2.289617214437988366e+02 1.381623908066666218e+01 4.738710098379466729e+01
2.290153672214691198e+02 1.382777574656459407e+01 4.737010366687103868e+01
2.290280974907329892e+02 1.386241274376901877e+01 4.736014534736558090e+01
2.290608613968871907e+02 1.391574465212818090e+01 4.739143328027179791e+01
2.290758517501870415e+02 1.393283984227785943e+01 4.740706149701036765e+01
2.291016475326384807e+02 1.395580405105157418e+01 4.751046512281964596e+01
2.291444563817280766e+02 1.399682080762286240e+01 4.757294649034486156e+01
2.291783115181037260e+02 1.404703652246302958e+01 4.762545603860930044e+01
2.291390868540507597e+02 1.397830476822607615e+01 4.758931719362586676e+01
2.285249346105601944e+02 1.325034283753606879e+01 4.706183337926999855e+01
2.270399210264313865e+02 1.166325760345593743e+01 4.580201708844027308e+01
2.260889588876201515e+02 1.087430490322362964e+01 4.501144666752914958e+01
2.260403935178674999e+02 1.077139964338146427e+01 4.497163926403833756e+01
2.266147136083158387e+02 1.125095820138260017e+01 4.547119770954151363e+01
2.273495322897272501e+02 1.234300965794994909e+01 4.621179766116738818e+01
2.277980841597245956e+02 1.298318042985470910e+01 4.661867241156254238e+01
2.280411180047361768e+02 1.332477486345560003e+01 4.687457939824840736e+01
2.281535124675865234e+02 1.353482768124827729e+01 4.695928923788256526e+01
2.282487813658377434e+02 1.365733008589219288e+01 4.706815351471754383e+01
2.282858618187545403e+02 1.375695153025351480e+01 4.708948875301635439e+01
2.283524628616106327e+02 1.363026082652251958e+01 4.697803364814012639e+01
2.283120085948442295e+02 1.345186718490727351e+01 4.680768698567338504e+01
2.282333286459183057e+02 1.328298637087202749e+01 4.663773519104966425e+01
2.282408705092220202e+02 1.323866779914614078e+01 4.661787030110079399e+01
2.283725111232358813e+02 1.334795956823282559e+01 4.673680089548376770e+01
2.285421197990786482e+02 1.353008814215242417e+01 4.686456595474206921e+01
2.286834003633684063e+02 1.369713973934222473e+01 4.703044532317851889e+01
2.287664418582413077e+02 1.379174377464408430e+01 4.707067346904337057e+01
2.288455897986848981e+02 1.386210674931516884e+01 4.711891484466843849e+01
2.288698038598050459e+02 1.390099504446481937e+01 4.717542707038435168e+01
2.289212345526237300e+02 1.384687340041961789e+01 4.723569335305797523e+01
2.289474252029181969e+02 1.385827169382555013e+01 4.722972871116711246e+01
2.289932681220152801e+02 1.385058808309099376e+01 4.724691614964478958e+01
2.290290075992372749e+02 1.386057677704591562e+01 4.729148334186442781e+01
2.290574662084249837e+02 1.389196820807622856e+01 4.732643533335958352e+01
2.290573447106271203e+02 1.395097901350538017e+01 4.730054955253935844e+01
2.290570848403372679e+02 1.396703022257721649e+01 4.727485276829357730e+01
2.290714710795866722e+02 1.396920930808129135e+01 4.731082849123359324e+01
2.290916183394176073e+02 1.398541126442083282e+01 4.732467136533150409e+01
2.291078945444113799e+02 1.404111912971577425e+01 4.734287016047834129e+01
2.291536260905270979e+02 1.406189525314853661e+01 4.737462158498377107e+01
2.291885375827563109e+02 1.408653568154077185e+01 4.740968044954185245e+01
2.291287899156827734e+02 1.401371012650395720e+01 4.735225474038283267e+01
2.283751986995235654e+02 1.311697537982124118e+01 4.670786979485996682e+01
2.265692498073472336e+02 1.125203030695068662e+01 4.524098300718299726e+01
2.253978749135171995e+02 1.036867606774627149e+01 4.439680280794910772e+01
2.251314797419296667e+02 1.008869564239148175e+01 4.417820914495924711e+01
2.254079828553107347e+02 1.025444001327475974e+01 4.442394069107497501e+01
2.262430675943998608e+02 1.085516562512304439e+01 4.511692250577958418e+01
2.270445064433207278e+02 1.157889200758236292e+01 4.577451583690045567e+01
2.273449929970019241e+02 1.219532908466034016e+01 4.604819975137950649e+01
2.275192377138164375e+02 1.258183270428223466e+01 4.616127820183259445e+01
2.276432048419122509e+02 1.285259842165360666e+01 4.628509795759951828e+01
2.276722754400076383e+02 1.295886962048812840e+01 4.635015552843104558e+01
2.276864513080700476e+02 1.281796592436762161e+01 4.628281424899173402e+01
2.276029440716386887e+02 1.263584747526451046e+01 4.620905721083805417e+01
2.275598708523407936e+02 1.247416990567045936e+01 4.614577710778991815e+01
2.275717011379168753e+02 1.248767303592622468e+01 4.614560498590962823e+01
2.276924024502055772e+02 1.261363925278854303e+01 4.625788245088057948e+01
2.278867179282375446e+02 1.283754731945483485e+01 4.645324753488843328e+01
2.280962431305932512e+02 1.303567872832304886e+01 4.665654597510420132e+01
2.282568283449862463e+02 1.322178860508153342e+01 4.681911340356955975e+01
2.283725662472367617e+02 1.335048177251787394e+01 4.690657944324759399e+01
2.284718895720015155e+02 1.344032601909090374e+01 4.698202282583628175e+01
2.285359459109803595e+02 1.350408086353434811e+01 4.703234203880055020e+01
2.285888987012110363e+02 1.349115822275721222e+01 4.714311878097209529e+01
2.286257451583689999e+02 1.349518114984165962e+01 4.717325023483949309e+01
2.286781815829588140e+02 1.349466928411922595e+01 4.721877928462546947e+01
2.287155477806964825e+02 1.351441042631102363e+01 4.727434540248957973e+01
2.287616336953892642e+02 1.355864237460695954e+01 4.727820970744905082e+01
2.287944448506870856e+02 1.363391701025418890e+01 4.725340278207457345e+01
2.288162537054015786e+02 1.367243406213262347e+01 4.726030115704153189e+01
2.288410021318363476e+02 1.369401229602713421e+01 4.720420854872005378e+01
2.288496048509120726e+02 1.376049409104459897e+01 4.722699838565426234e+01
2.289183861042518515e+02 1.374604260297782155e+01 4.727564025402039505e+01
2.290084530967876333e+02 1.369120547190082249e+01 4.735460257282836949e+01
2.290569430929064367e+02 1.369110984863399416e+01 4.738014298490839593e+01
2.289205573148986730e+02 1.350944026639517226e+01 4.724843599709755182e+01
2.274866774289716034e+02 1.200020924620741170e+01 4.601149954157080657e+01
2.255374781332088219e+02 1.038221407236993876e+01 4.449390879790303899e+01
2.244730584258160206e+02 9.608928963162542303e+00 4.373247534888430010e+01
2.241962189435316475e+02 9.351962245684296349e+00 4.355121075930498620e+01
2.244472232690782505e+02 9.482124636490963709e+00 4.377306123826505768e+01
2.252141871178585006e+02 1.001539309600013539e+01 4.435064714452050794e+01
2.260072527435440293e+02 1.060756211293670326e+01 4.498591525528599533e+01
2.262605812769643592e+02 1.122107874294778362e+01 4.521623570572783279e+01
2.263769862921234619e+02 1.160515915649028784e+01 4.530850540833947093e+01
2.265213695501768996e+02 1.190746142726163015e+01 4.545816819570145384e+01
2.265868028641980914e+02 1.206630629819834510e+01 4.552066756290042093e+01
2.265633751638251567e+02 1.209163746407096340e+01 4.552044031701925064e+01
2.265843751582002596e+02 1.195835437982686500e+01 4.545530287263543556e+01
2.265849635225361567e+02 1.187759996850057043e+01 4.539125778345267292e+01
2.266423667321029711e+02 1.186931449367480162e+01 4.541774542836411399e+01
2.267908415409970644e+02 1.201077842964096298e+01 4.553989233945134885e+01
2.270294632159792059e+02 1.225769232932653097e+01 4.571573790225052392e+01
2.273026195150212914e+02 1.260197771415393042e+01 4.583721545046996226e+01
2.275281093030188799e+02 1.287311579977612830e+01 4.592741181566083952e+01
2.276535017802802372e+02 1.304889611375793734e+01 4.599894701908527850e+01
2.277592453636777918e+02 1.318599400385867959e+01 4.601147704197861543e+01
2.278660948020317107e+02 1.330429123472137043e+01 4.611620701874778661e+01
2.280248485496200317e+02 1.326341060068286204e+01 4.629088935263048654e+01
2.281354137956249417e+02 1.323111693600553451e+01 4.643746069602488546e+01
2.282201258852183230e+02 1.323128793290621630e+01 4.654544186386621618e+01
2.282877484095600664e+02 1.327989942682288849e+01 4.663955990797666828e+01
2.283214257991573959e+02 1.332557359897851867e+01 4.668115040414892292e+01
2.283776376553174998e+02 1.334285216080458625e+01 4.680115085414077214e+01
2.284093643302715009e+02 1.337629667962268165e+01 4.691344631878547489e+01
2.284674841518497601e+02 1.342051062824486252e+01 4.697462833486142841e+01
2.285198215782338877e+02 1.347005473025801336e+01 4.702473042676101755e+01
2.285330828378735646e+02 1.350735230423948607e+01 4.708384585529387323e+01
2.285920373943222330e+02 1.351583802543578905e+01 4.712579971988007799e+01
2.286627491126723442e+02 1.351196472063943865e+01 4.715062126998947889e+01
2.287243248716117137e+02 1.350771567265343265e+01 4.721586783739545012e+01
2.287490789229445340e+02 1.351042799849252773e+01 4.722419943638521289e+01
2.285759884352096094e+02 1.329249469853358967e+01 4.701930015018477604e+01
2.270317682991995696e+02 1.171782361444698850e+01 4.565313616190706369e+01
2.252366608355223434e+02 1.023206416883694025e+01 4.412413025013921697e+01
2.245934357439771532e+02 9.751988120215321132e+00 4.356335828913100983e+01
2.244961812567147206e+02 9.656930718130734448e+00 4.351583240053773949e+01
2.249284940460454152e+02 9.951907121683419177e+00 4.384304059488921723e+01
2.256092484573717059e+02 1.068443421962976991e+01 4.448212463649096549e+01
2.261489641750243322e+02 1.126978473515167600e+01 4.496441801992338583e+01
2.264213813624627960e+02 1.156040746761464888e+01 4.523010220439754647e+01
2.266242725600598362e+02 1.180201146354222352e+01 4.537972674245279592e+01
2.267885398327155428e+02 1.197925425101669994e+01 4.553502342770037359e+01
2.269224112812955241e+02 1.201155691553090676e+01 4.574006896125007415e+01
2.269502466517794232e+02 1.195411658163695812e+01 4.584288647268268591e+01
2.269213718001361144e+02 1.189791485029333806e+01 4.581771842885347468e+01
2.269163487661786007e+02 1.186502269646362606e+01 4.581075818000798705e+01
2.269255477244474832e+02 1.190339012605396540e+01 4.585076132995089182e+01
2.270465156569037219e+02 1.206623092456449164e+01 4.597215112976077478e+01
2.272494732282977452e+02 1.229043936078658561e+01 4.612356663535473444e+01
2.274875009140459383e+02 1.252932090605857773e+01 4.625142956783908232e+01
2.276280671162835176e+02 1.269838734172943084e+01 4.641209353080475353e+01
2.277878254706633356e+02 1.284469318993593312e+01 4.650873940409829999e+01
2.279116024772050935e+02 1.294199492634196069e+01 4.657585681259526922e+01
2.279868467384028747e+02 1.299828103115630995e+01 4.663813568379072905e+01
2.280524195498956601e+02 1.303114618547538761e+01 4.671779886489557043e+01
2.281031741299688917e+02 1.305754383201804458e+01 4.675084964085026229e+01
2.281484781838329070e+02 1.313846474032658129e+01 4.675250673581541605e+01
2.281883767106721166e+02 1.310091404593291742e+01 4.683242641227127478e+01
2.282736321654170126e+02 1.315622141848679050e+01 4.687482239384411287e+01
2.283152181616708276e+02 1.316650935701790459e+01 4.692682345132494248e+01
2.283418363042169972e+02 1.323509373892598262e+01 4.697943649771347907e+01
2.284067746272098702e+02 1.328904326109089240e+01 4.699823490699230888e+01
2.284366248361748433e+02 1.333066188175339306e+01 4.701668907251055884e+01
2.284312058093946973e+02 1.334501774655334394e+01 4.703557523019895115e+01
2.284437920812685263e+02 1.337842964096275722e+01 4.703941816054584280e+01
2.284973613603253568e+02 1.342870385474263273e+01 4.708896451251820992e+01
2.285732929840646648e+02 1.341088192776505927e+01 4.709220782873310185e+01
2.286503574622709891e+02 1.341511860097535802e+01 4.708056091483341987e+01
2.286925059483296820e+02 1.341135891911959099e+01 4.708157227150257995e+01
2.283241414999353083e+02 1.294997103177504982e+01 4.677525832344289114e+01
2.264702527266693153e+02 1.109804197298923967e+01 4.519745754608197785e+01
2.247140954320202866e+02 9.785994003858679235e+00 4.383458749810159816e+01
2.240698263593972399e+02 9.294524161749567526e+00 4.333387144857999118e+01
2.240114016683447744e+02 9.270960338843858395e+00 4.325123269640737789e+01
2.245539309600013382e+02 9.636330091517091745e+00 4.372342713788312807e+01
2.255514368802065519e+02 1.035000703112256026e+01 4.444452894291291045e+01
2.261632075418633008e+02 1.089336543275153169e+01 4.496063471349582130e+01
2.263209589326193338e+02 1.133842986595867863e+01 4.519141753055725985e+01
2.264266687666286089e+02 1.168406635129738191e+01 4.535674340902571089e+01
2.265530726005591191e+02 1.193435068989374592e+01 4.551370281413649366e+01
2.265825920655188099e+02 1.206547831320557229e+01 4.559129940769823719e+01
2.265564745388989820e+02 1.206286723553135687e+01 4.559320174821831273e+01
2.266021914602797835e+02 1.190326300335806486e+01 4.555795501206540621e+01
2.266696058633937128e+02 1.186279073691789421e+01 4.554610785179518473e+01
2.267729284906711200e+02 1.189703174129968843e+01 4.562601627845495500e+01
2.269550368149577366e+02 1.207389541064568128e+01 4.574443613209510318e+01
2.271848026504519567e+02 1.231493016689072562e+01 4.592401437723940916e+01
2.273787300105185523e+02 1.254320652938165459e+01 4.612571422142973887e+01
2.275246443658208761e+02 1.269992293889673185e+01 4.629485378077522029e+01
2.276546650091967194e+02 1.282783874542273850e+01 4.641975014202867555e+01
2.277379663743594733e+02 1.291749287044172334e+01 4.648661893003189505e+01
2.278218234794494208e+02 1.294763444912561035e+01 4.642414431238433536e+01
2.278865424314184338e+02 1.296496588499333491e+01 4.638369567051596931e+01
2.279625123044644681e+02 1.301130942001676161e+01 4.641030031330681993e+01
2.280266068927500669e+02 1.307479651931308773e+01 4.641037793689989144e+01
2.280588791828148203e+02 1.312150679768929251e+01 4.641296651498191750e+01
2.281000253120412253e+02 1.311128410797554267e+01 4.649665262317120806e+01
2.281766420483628792e+02 1.311421130492009901e+01 4.658981443461337335e+01
2.282340891321344714e+02 1.312908803527936108e+01 4.664185599136015981e+01
2.282937063015732804e+02 1.318644512068218688e+01 4.668714879542807950e+01
2.283128770791029467e+02 1.320829897458108526e+01 4.674471737699754215e+01
2.283227791496279053e+02 1.326314960541340149e+01 4.674488724891861580e+01
2.283804411045049676e+02 1.333163048919738358e+01 4.667801058605812869e+01
2.284394654096894612e+02 1.336819457647330189e+01 4.665127769559176585e+01
2.285040876134119969e+02 1.342325107857420008e+01 4.667775521568671593e+01
2.285717877613468261e+02 1.347919293962796949e+01 4.670372649495728012e+01
2.285647982630314914e+02 1.346947986567743527e+01 4.668784628278612558e+01
2.281940038586800483e+02 1.299089891495716564e+01 4.646170063167605235e+01
2.264414374989453336e+02 1.120663062981983416e+01 4.514105781832704167e+01
2.248784065788807709e+02 9.936178781759581469e+00 4.394659609294581770e+01
2.244167363216541560e+02 9.574111969220558294e+00 4.361113279821802990e+01
2.244756233793262368e+02 9.801599721005056054e+00 4.371763799281138319e+01
2.252348271187584601e+02 1.055764451769311663e+01 4.443823018207795172e+01
2.261645507675173405e+02 1.145488888013904827e+01 4.510380074361152225e+01
2.266509750760767474e+02 1.194054145268617084e+01 4.551185447263768680e+01
2.268843318464852814e+02 1.224249835471732162e+01 4.569178596137945192e+01
2.270396544062638782e+02 1.244882636502213380e+01 4.581705806582255747e+01
2.272185216642948262e+02 1.251185447263768324e+01 4.593335283297989946e+01
2.272174596835432396e+02 1.247623424325434094e+01 4.593889110759867123e+01
2.271895973135486884e+02 1.238568575944561090e+01 4.592485923692633065e+01
2.271308475033889920e+02 1.230976201056355812e+01 4.588294924654490359e+01
2.271284186724115557e+02 1.224887698910457168e+01 4.584451656813720177e+01
2.272278229957082090e+02 1.228793628115490399e+01 4.590215152350363326e+01
2.274082438505802202e+02 1.246151725999966331e+01 4.605396864681827651e+01
2.276104668102890685e+02 1.264116750383899301e+01 4.622256934093069702e+01
2.277634842868473015e+02 1.280578802009213568e+01 4.635825875656004058e+01
2.278776438427053392e+02 1.294282628627356146e+01 4.648400672737806616e+01
2.279886838301055718e+02 1.302577215787963816e+01 4.657628430484697191e+01
2.280486103689370623e+02 1.309694624284934861e+01 4.667277380597476366e+01
2.281249222357844815e+02 1.315480394417851251e+01 4.673178011148547739e+01
2.281405707021560261e+02 1.315319409835696796e+01 4.676312429337217935e+01
2.281675072139317422e+02 1.321751030762567503e+01 4.678645637047828387e+01
2.282460004162424525e+02 1.323372688870014180e+01 4.674505037096202642e+01
2.283067853145161621e+02 1.327305617585681219e+01 4.671349244294947312e+01
2.283389226070277402e+02 1.328289187258480908e+01 4.671715425157918844e+01
2.283868681130154528e+02 1.333954472075193642e+01 4.673066975661065925e+01
2.284248193001501761e+02 1.340190459047929750e+01 4.673878985943380115e+01
2.284831798673648962e+02 1.341335350796766868e+01 4.672594709220895481e+01
2.285276053121537245e+02 1.342023725819969471e+01 4.676194306478195273e+01
2.285609632075418745e+02 1.345559761729318637e+01 4.680128472671432860e+01
2.286121261552134456e+02 1.352009269831984284e+01 4.682566640979631956e+01
2.286521236802582848e+02 1.350981375962560627e+01 4.688059128928288288e+01
2.286888846389659307e+02 1.354503462124749014e+01 4.691828260612776091e+01
2.286135245048683373e+02 1.339624819300150271e+01 4.685379427497876748e+01
2.273799922376406926e+02 1.203322627277380619e+01 4.582611865159943676e+01
2.254900399930251353e+02 1.041821454486137455e+01 4.432724756863781579e+01
2.246014298490839849e+02 9.755040189896558189e+00 4.362473267672023525e+01
2.244449620600626645e+02 9.571349019299026040e+00 4.360025424539180250e+01
2.248159510858865815e+02 9.894701908527908429e+00 4.404278972443624696e+01
2.257219297900225570e+02 1.059685793194998382e+01 4.480161209578076154e+01
2.264938064247585601e+02 1.127502039025542580e+01 4.547706897812476967e+01
2.269046107289305496e+02 1.163386976111057969e+01 4.580721111929846501e+01
2.270664412957515026e+02 1.198477115102288693e+01 4.595617191938396218e+01
2.271617034441250667e+02 1.225954404576417112e+01 4.605114494799781966e+01
2.271839982900309849e+02 1.235707527801058525e+01 4.605267604524667746e+01
2.270887777659029894e+02 1.229181296089008413e+01 4.598453153036601293e+01
2.269670493472305850e+02 1.222110574245841796e+01 4.587765734246066529e+01
2.269703927866307538e+02 1.205670909714761407e+01 4.579511646351409837e+01
2.270184789150696645e+02 1.207214494237291902e+01 4.582161760818085128e+01
2.271596492313576903e+02 1.222603652808792773e+01 4.589297056490850935e+01
2.273934661184266020e+02 1.247785083895354319e+01 4.603887704535355141e+01
2.275932658720560653e+02 1.268692267452652445e+01 4.619874227279630219e+01
2.277698629212345622e+02 1.285130132016357152e+01 4.639013167886331956e+01
2.279035847475264518e+02 1.294088007154870290e+01 4.655324584741901361e+01
2.280012914765919732e+02 1.301393287246668606e+01 4.665760795585580212e+01
2.280359307237556266e+02 1.306053965271879491e+01 4.669532964715014600e+01
2.280789679437060329e+02 1.311378718760722428e+01 4.672535422795461812e+01
2.281470078354829809e+02 1.310371637014079127e+01 4.677358097884475541e+01
2.281969648050128967e+02 1.313933659952413358e+01 4.679698505464588720e+01
2.282928119427835441e+02 1.311459379798741232e+01 4.681448861239390169e+01
2.283278168083203354e+02 1.317282836748583996e+01 4.687900619301274929e+01
2.283725369977669288e+02 1.319367536463401613e+01 4.692564672265314840e+01
2.284341003819305911e+02 1.316778845883418292e+01 4.696331891484467036e+01
2.284597757915637715e+02 1.321710756492538508e+01 4.698980993469493228e+01
2.284769216057958943e+02 1.324915710902739896e+01 4.700255482869373225e+01
2.285129817022066447e+02 1.327289417879300970e+01 4.705761808067228458e+01
2.285435271485704334e+02 1.333820149509790198e+01 4.707214494237292257e+01
2.285810879677805758e+02 1.336599074141781252e+01 4.705960479466309465e+01
2.286423149830409329e+02 1.343069506865188067e+01 4.702570015918461621e+01
2.286802110461747759e+02 1.342330845253429850e+01 4.704704777225912693e+01
2.285022583965665604e+02 1.322700288557269843e+01 4.684682052637796090e+01
2.268802020463378994e+02 1.154698533589078657e+01 4.549163408913213402e+01
2.250342927534438502e+02 9.992539135228174274e+00 4.395460819772641514e+01
2.242604710289625984e+02 9.402913697189237752e+00 4.334712933328083295e+01
2.241429117847239070e+02 9.283512861329388244e+00 4.321593196123320268e+01
2.246077533594703652e+02 9.579033755013190543e+00 4.358712910828491260e+01
2.255984779025880016e+02 1.028863714345177449e+01 4.435606954623947473e+01
2.261555070564346011e+02 1.114868518008111131e+01 4.492531260370905954e+01
2.263891180722349361e+02 1.157914737795377391e+01 4.521461011019174947e+01
2.265053734651059472e+02 1.184365258379691888e+01 4.534762319932951158e+01
2.266300920795810612e+02 1.209278156833407358e+01 4.549616775695940163e+01
2.266938379241876191e+02 1.219818765784870074e+01 4.557589056198356303e+01
2.267636676585237012e+02 1.213283534235941907e+01 4.553693476805732843e+01
2.267688459396673295e+02 1.203846417783677758e+01 4.549074085532199518e+01
2.267618541913927857e+02 1.197682542003926187e+01 4.543295177774902527e+01
2.267881247152395474e+02 1.199794691221221576e+01 4.543506898937457095e+01
2.268886607680235841e+02 1.210880240295644583e+01 4.550935701790405119e+01
2.271095077651717702e+02 1.230914777169663843e+01 4.563095493894173416e+01
2.273459121053431033e+02 1.253437656442477000e+01 4.577230750192652664e+01
2.275410229439591490e+02 1.273116587261855948e+01 4.591906784189536239e+01
2.276935375546318312e+02 1.289689336880769055e+01 4.599083816605823927e+01
2.278085813444631356e+02 1.303423762944296627e+01 4.607384253660402607e+01
2.278945905355465413e+02 1.306803876679735232e+01 4.620375405695772031e+01
2.279697864226210982e+02 1.308730516759383811e+01 4.630693381182466339e+01
2.280299739567220456e+02 1.311313244947435308e+01 4.635815525843594287e+01
2.280814676483988706e+02 1.316392752881353978e+01 4.642223072206816425e+01
2.281430760317469151e+02 1.312621708731529324e+01 4.652870104229360493e+01
2.281946743465274778e+02 1.311684713214573073e+01 4.661860603776556644e+01
2.282532149104797554e+02 1.311966520606813980e+01 4.668344311259358648e+01
2.282999094391414019e+02 1.315830263076481721e+01 4.676705272216941012e+01
2.283457039841152891e+02 1.320680612663895381e+01 4.682400031499429360e+01
2.283708270287600897e+02 1.327139908089165843e+01 4.682521304301359777e+01
2.284236718209482433e+02 1.326660104285609876e+01 4.689447016272830382e+01
2.284808466596543042e+02 1.327624436807082908e+01 4.694672209066210655e+01
2.285240796260567890e+02 1.333014214117369178e+01 4.697580506353322249e+01
2.285675960873209078e+02 1.336190256551600086e+01 4.703089306506319645e+01
2.286252715419533104e+02 1.336449789347568107e+01 4.710604282797374509e+01
2.286519841827866912e+02 1.337378347517451260e+01 4.717076515488156474e+01
2.283502432768406152e+02 1.298716173269359508e+01 4.687653911272857954e+01
2.265047749759535520e+02 1.110791029412591868e+01 4.529980706599693008e+01
2.246975931061249412e+02 9.777826651891935228e+00 4.392203778806509007e+01
2.239918000236245632e+02 9.220052761543696462e+00 4.336823170080042189e+01
2.238446616905068538e+02 9.170068792503135668e+00 4.324683290115366674e+01
2.242714902042400524e+02 9.586220124760238548e+00 4.357810227189632002e+01
2.252087883407113225e+02 1.032099943188529778e+01 4.428132927590687729e+01
2.259408226975886009e+02 1.096259105303716375e+01 4.488400560239845305e+01
2.262359104741226474e+02 1.142602640327144137e+01 4.508508895776264325e+01
2.264254852880791589e+02 1.171048424747301375e+01 4.521220490378611601e+01
2.265992012644770739e+02 1.192591559277988011e+01 4.532369600800985410e+01
2.266818940156709630e+02 1.195447320017324699e+01 4.539962875672878084e+01
2.266586586868112931e+02 1.200995269460741000e+01 4.539024530180390826e+01
2.266695451144948095e+02 1.187033710014006083e+01 4.544356033546891638e+01
2.266778992130767563e+02 1.179164927635686588e+01 4.551853347658073545e+01
2.267380226233399583e+02 1.175495806638504703e+01 4.561239840027899817e+01
2.268752633858511274e+02 1.187762921797042459e+01 4.573912735331671797e+01
2.270910805991641439e+02 1.211171610014568500e+01 4.592807667861020349e+01
2.273107092433949674e+02 1.233943334777057110e+01 4.607016272830055215e+01
2.274834622372469539e+02 1.256169331930858668e+01 4.622030025705784340e+01
2.276293642177735421e+02 1.267114483549985593e+01 4.634074057407709546e+01
2.277036792458136745e+02 1.279609182083574659e+01 4.638356742284046419e+01
2.277900788048216612e+02 1.287941456061108880e+01 4.643095268898251504e+01
2.278419144902998710e+02 1.295379933738700906e+01 4.647621061868253634e+01
2.279299283950478525e+02 1.293333033338770655e+01 4.652784268285137159e+01
2.280183877917212669e+02 1.290922877022853932e+01 4.663761594321103132e+01
2.280922539528970958e+02 1.298008111102986284e+01 4.669591238658799170e+01
2.281403828305612080e+02 1.302356382290570913e+01 4.676294317165501724e+01
2.281877939712342709e+02 1.306008066103801823e+01 4.680886258936556743e+01
2.282543173904973060e+02 1.309632975402320909e+01 4.678510751992619987e+01
2.282971588639955769e+02 1.313580641350875489e+01 4.678022510841991277e+01
2.283643831455554789e+02 1.315351584252535488e+01 4.676289592251140448e+01
2.283910406623880078e+02 1.316651948183439202e+01 4.677057503332751764e+01
2.284154403451437361e+02 1.321518722473155094e+01 4.678972106130576236e+01
2.284383685545699620e+02 1.321243439962650612e+01 4.689894083169742345e+01
2.284746221474735819e+02 1.324527930431260891e+01 4.703078281706144281e+01
2.285207114371052057e+02 1.327219781641457708e+01 4.708475146387971932e+01
2.285664677327723382e+02 1.329534877180351060e+01 4.711352619233776551e+01
2.283854416388703044e+02 1.304994121981539124e+01 4.687718035110613357e+01
2.268114376676922745e+02 1.140569914670296647e+01 4.545863393725988999e+01
2.249707370303913194e+02 9.951440255145374891e+00 4.396971892384450342e+01
2.242329776522800557e+02 9.382597690416861980e+00 4.340205871268583593e+01
2.242095510768867257e+02 9.340068961250077351e+00 4.341734156068421413e+01
2.248264257710328877e+02 9.766876100370680547e+00 4.390751205134407087e+01
2.257090588983074610e+02 1.079477109477390684e+01 4.463827293130312057e+01
2.263489653000039254e+02 1.164453119287212957e+01 4.512251027950118498e+01
2.266325141606808415e+02 1.203796806182887913e+01 4.540017662179872815e+01
2.268107188057216490e+02 1.229247219894139498e+01 4.552330001518722469e+01
2.270378004398670271e+02 1.241984576529550388e+01 4.559895601892215922e+01
2.271724863736844782e+02 1.246400908983524758e+01 4.560307119433460343e+01
2.271748375810688572e+02 1.243719182589815553e+01 4.558359217239187444e+01
2.271244688690017597e+02 1.237790990038305594e+01 4.550307400678362768e+01
2.270837041078630421e+02 1.233948734679183978e+01 4.544539855215123936e+01
2.270847492139205031e+02 1.235263835842975411e+01 4.545248029879458329e+01
2.272056248980487112e+02 1.239991675150887929e+01 4.565062970733655590e+01
2.274465831556803153e+02 1.256632148542307625e+01 4.593056963342539234e+01
2.276522901772405305e+02 1.270796541812679692e+01 4.613829824334433738e+01
2.277897086865300480e+02 1.284611291420343093e+01 4.630911177234912657e+01
2.279008521720543854e+02 1.298557551144385513e+01 4.631299070204352830e+01
2.279668569757173202e+02 1.304104825600036044e+01 4.630258351567378128e+01
2.280211113673564682e+02 1.309670099729442327e+01 4.634705845956541737e+01
2.280795934323690517e+02 1.314489287381666216e+01 4.636042771724762446e+01
2.281522479905051739e+02 1.323610509559514270e+01 4.639794803719182426e+01
2.281934256191606494e+02 1.327664261085267761e+01 4.638304093238310344e+01
2.282289772247877977e+02 1.326156338416366154e+01 4.651769761673069326e+01
2.282812224028439516e+02 1.328282437380822500e+01 4.660225220917870814e+01
2.283446060040161854e+02 1.331589089947744675e+01 4.668757516270017760e+01
2.284114129181408543e+02 1.335431570302788273e+01 4.676031746924586940e+01
2.284492853567029158e+02 1.336387915469032173e+01 4.685275929373779746e+01
2.284715037039953529e+02 1.336312879329062220e+01 4.695151337882001030e+01
2.285008240475641514e+02 1.336368453321783534e+01 4.701663844842812523e+01
2.285591598652274286e+02 1.336724284372345828e+01 4.702294958403879122e+01
2.285845461551009521e+02 1.345107519926201256e+01 4.708537807752234272e+01
2.286651858185070409e+02 1.349989256444727026e+01 4.706225524662365700e+01
2.287015361596571097e+02 1.355560830459947930e+01 4.702408243850580050e+01
2.286598466652791899e+02 1.347773946597217964e+01 4.697620218133546643e+01
2.279277504345233751e+02 1.267318217357310317e+01 4.637373060113285561e+01
2.263124102125648847e+02 1.110147991067661977e+01 4.501344013139761557e+01
2.253694073044925972e+02 1.034841181003594279e+01 4.429269831984295536e+01
2.253608630843565948e+02 1.032306826938761724e+01 4.430999038142433477e+01
2.260556696159882222e+02 1.092331126498332239e+01 4.491115923523886266e+01
2.270420686125063980e+02 1.177379135003178057e+01 4.572712382088074889e+01
2.275831815548343116e+02 1.234062245121807244e+01 4.618908769778547452e+01
2.278453625528037207e+02 1.257867713647690167e+01 4.639273938159870880e+01
2.279288889138884429e+02 1.278902357394772160e+01 4.654641047131021026e+01
2.279836787958218167e+02 1.298279568682817597e+01 4.662128236425714789e+01
2.280263582722563172e+02 1.306779914614047655e+01 4.666935161800192589e+01
2.280271176334929066e+02 1.312155629679211977e+01 4.670073742413418927e+01
2.280459565420376862e+02 1.304358058510189444e+01 4.666727378066272536e+01
2.280262592740506591e+02 1.291690900602426595e+01 4.657322436030847257e+01
2.280367429590338588e+02 1.283840342893785014e+01 4.656103745619610379e+01
2.281229456466101624e+02 1.290679431435305169e+01 4.660098435715852361e+01
2.282278016210956082e+02 1.305229692711819567e+01 4.668275575005203137e+01
2.283476468239013286e+02 1.318173145611735819e+01 4.678973906097952096e+01
2.284296150882265124e+02 1.326089289631625512e+01 4.686949561539196907e+01
2.284982084699714733e+02 1.332266440170771915e+01 4.695769289181633610e+01
2.285415775589067380e+02 1.336868056766471113e+01 4.697499057829576685e+01
2.285842930346887556e+02 1.339718305105719942e+01 4.701300251432942900e+01
2.286234614497612370e+02 1.342598702898509977e+01 4.694850293338433289e+01
2.286401212728019345e+02 1.349544552004994991e+01 4.688728491796086217e+01
2.286720729436779038e+02 1.350577733278584347e+01 4.688391447905006970e+01
2.287107306180075454e+02 1.354384664277960049e+01 4.691839960400717757e+01
2.287374848830864948e+02 1.358369117059753250e+01 4.692331801486098186e+01
2.287643392713507069e+02 1.362383269303243871e+01 4.692334838931044061e+01
2.287909540389580343e+02 1.363311714975166034e+01 4.693866948661555227e+01
2.288174191842772984e+02 1.364534455312997530e+01 4.697866363672158485e+01
2.288304239485659366e+02 1.366212137405009486e+01 4.699704580354480754e+01
2.288634612247653024e+02 1.370254189142821843e+01 4.706090977101040096e+01
2.289089958994493088e+02 1.376347978692886187e+01 4.708641193378370104e+01
2.289452382425568544e+02 1.376561274826893744e+01 4.706874187905344087e+01
2.287930476260117700e+02 1.359717067628149323e+01 4.691304582604440299e+01
2.275105033721263794e+02 1.218267643898954411e+01 4.586324185374139972e+01
2.258858696936117951e+02 1.076972567372216361e+01 4.458026110776742001e+01
2.252978372267002669e+02 1.031586952486486197e+01 4.411977320411067893e+01
2.253018871532953540e+02 1.029770447910631681e+01 4.417642717725740908e+01
2.259438713923310047e+02 1.080999319387336044e+01 4.483310814991478566e+01
2.269116204768788521e+02 1.165228117740366010e+01 4.565665622310595495e+01
2.274918197107677429e+02 1.222182910434748315e+01 4.619562382931809452e+01
2.277389023573947782e+02 1.257568581569459099e+01 4.638933744325883879e+01
2.279128129552651956e+02 1.275320759811228477e+01 4.657994836343591061e+01
2.279986725240605097e+02 1.291359031617551878e+01 4.666031465679684231e+01
2.280480883783981483e+02 1.300141072443062029e+01 4.670049105359965580e+01
2.280135762539304096e+02 1.296075283635484077e+01 4.668193001501848016e+01
2.279112964827512542e+02 1.283617034441250837e+01 4.657607055872112056e+01
2.278500897171238648e+02 1.273836686710053456e+01 4.638206332510223007e+01
2.278951654001271265e+02 1.276748133940072272e+01 4.629487628036741853e+01
2.280316974254841682e+02 1.289546126976448548e+01 4.636472063943840993e+01
2.281882102136898709e+02 1.308344648753241302e+01 4.646107964293147319e+01
2.283334394564098488e+02 1.328253412906891029e+01 4.660533915322784537e+01
2.284566134738807932e+02 1.339362699051079630e+01 4.667096708872151822e+01
2.285415696840494775e+02 1.347742447168145041e+01 4.673514830043705359e+01
2.286011249796097502e+02 1.349408091978332891e+01 4.672116142894910240e+01
2.286156383415550692e+02 1.353599316012397225e+01 4.675742177173038527e+01
2.286638380929345544e+02 1.353295009027961449e+01 4.689819159527733206e+01
2.287170788779453403e+02 1.353607528363548340e+01 4.697051990932664012e+01
2.287359987850220193e+02 1.355498056597724243e+01 4.702463480349418745e+01
2.287819564520393101e+02 1.357301286414183750e+01 4.705858218819783900e+01
2.288150421023619003e+02 1.358645637047828458e+01 4.710541958926994255e+01
2.288443343214404138e+02 1.362427930993750813e+01 4.711671100961294911e+01
2.288831843672833486e+02 1.365774182842936035e+01 4.710407298867708192e+01
2.288886922674526545e+02 1.370294463412850661e+01 4.707027972617996170e+01
2.289124934610560160e+02 1.370918939594219843e+01 4.710689668749753878e+01
2.289618463165355138e+02 1.374886967673710991e+01 4.714299840815385068e+01
2.289916942755412492e+02 1.376914743420275578e+01 4.717094515161912938e+01
2.289805997266299471e+02 1.366270636344716216e+01 4.715161125204605952e+01
2.280160770836028519e+02 1.248778890882602788e+01 4.632230103329376902e+01
2.260646987023360168e+02 1.072050331587739969e+01 4.473107249931094742e+01
2.250564706014703518e+02 9.947440952632733868e+00 4.395213661752380574e+01
2.248432059668918441e+02 9.718123984002790650e+00 4.378541463935966505e+01
2.250631664801075544e+02 1.005930105016846632e+01 4.405870031105686024e+01
2.258446211912409183e+02 1.078280018674661456e+01 4.472956840157272040e+01
2.266337493882923297e+02 1.158480377543157047e+01 4.539602319707955047e+01
2.270837097327610934e+02 1.203241966239361993e+01 4.578093384557404733e+01
2.273130345762482989e+02 1.227391453529904730e+01 4.598661724256248107e+01
2.274998183157930214e+02 1.248286037315573616e+01 4.614027933243709612e+01
2.275886467057784444e+02 1.260506690816228925e+01 4.621977826651892229e+01
2.275789055073376801e+02 1.260822810086567181e+01 4.618960293844673970e+01
2.274987360854084386e+02 1.251852560172346962e+01 4.614375101951277003e+01
2.274118595350459202e+02 1.240968269950107228e+01 4.606708253412907084e+01
2.274468767753584473e+02 1.240158847120896013e+01 4.600395205336903359e+01
2.275376030059455275e+02 1.249842559103616324e+01 4.608073191173409811e+01
2.277347174332465158e+02 1.269891270720718168e+01 4.619902464267835285e+01
2.279202445705671494e+02 1.294203655058752034e+01 4.633278021835854332e+01
2.280754613822624606e+02 1.312930065642560251e+01 4.644006614880105133e+01
2.282015535968410518e+02 1.326359059742042135e+01 4.656010822303845487e+01
2.282793673114674675e+02 1.332577272036944294e+01 4.664553467468402204e+01
2.283501904027989440e+02 1.340817860176284348e+01 4.668143052407175020e+01
2.284235739477221898e+02 1.347093783925166299e+01 4.672581321963539125e+01
2.284669587863720039e+02 1.345167481339400695e+01 4.680397117802240103e+01
2.285419848015254729e+02 1.344254897879975985e+01 4.682899859940038567e+01
2.285731309870008658e+02 1.343377076290492234e+01 4.685772945365365416e+01
2.286052727794308623e+02 1.346404283922353962e+01 4.686966661229265441e+01
2.286551060012037340e+02 1.350503259628419173e+01 4.692010169815672072e+01
2.286827861245014901e+02 1.352707657173713685e+01 4.696545637610318380e+01
2.287247906131701427e+02 1.355357434146506179e+01 4.701668344761251461e+01
2.287492892941315574e+02 1.356430327200319574e+01 4.705738970981150970e+01
2.287923951378381275e+02 1.357855676365865882e+01 4.711904421732356241e+01
2.288223690945601732e+02 1.362994470725218044e+01 4.715049977219162969e+01
2.287870042355482383e+02 1.359023967690585621e+01 4.710639494659159254e+01
2.280031263183354895e+02 1.268039329287156747e+01 4.640790298175845408e+01
2.260812100280682273e+02 1.089012774143468576e+01 4.478276531237871438e+01
2.248198198907644780e+02 9.942556291167223392e+00 4.378389704186611908e+01
2.244907689798122306e+02 9.641912240340642981e+00 4.353858736310404254e+01
2.246167284467969125e+02 9.721368425197292495e+00 4.366920312069343879e+01
2.251805659772416561e+02 1.028884526467957805e+01 4.421005956767033496e+01
2.259889999493759092e+02 1.111585715008915543e+01 4.484669565364127664e+01
2.264866166800726717e+02 1.168731979232876483e+01 4.530316063021357564e+01
2.267425157919012690e+02 1.199939251101073800e+01 4.547567625336790798e+01
2.269691350594270602e+02 1.222214297365860247e+01 4.566581693206810399e+01
2.271097440108898127e+02 1.238355617304436329e+01 4.574281616145707119e+01
2.271294289041011041e+02 1.236704259735292233e+01 4.569492352951102987e+01
2.270934768057329052e+02 1.223919766454232949e+01 4.563447162520179035e+01
2.270427053509655195e+02 1.222481367525213614e+01 4.558671174084969380e+01
2.270684280097423198e+02 1.218322767899831760e+01 4.563705682834498845e+01
2.271789088822765166e+02 1.225154769069810534e+01 4.575633841636620502e+01
2.273379382498692109e+02 1.243879942176048026e+01 4.591886984548405337e+01
2.275669897233112522e+02 1.268957762640552112e+01 4.609059573295233747e+01
2.277356376665672997e+02 1.288049116609761491e+01 4.624771151022887494e+01
2.278854804506668188e+02 1.302640102148148493e+01 4.637301398912144634e+01
2.279825616910693498e+02 1.310601695344271889e+01 4.651110411123798372e+01
2.280705024721426923e+02 1.316867044284822263e+01 4.662234996990679292e+01
2.281216327954055885e+02 1.321081667894769396e+01 4.666245999291263047e+01
2.281807639736529723e+02 1.326282111136735686e+01 4.670859203176942742e+01
2.282300459554170686e+02 1.324345571236521302e+01 4.665170068792502889e+01
2.283055703365376417e+02 1.328875076639235964e+01 4.665112244840562283e+01
2.283422165473250800e+02 1.328521045556049351e+01 4.663174804956660324e+01
2.284059477671967215e+02 1.333553866836163593e+01 4.667427115383533476e+01
2.284306590693043688e+02 1.338268093890798305e+01 4.668505970829279050e+01
2.284683953853336504e+02 1.342539753966959282e+01 4.669147659198677047e+01
2.285301691406843361e+02 1.340450891827585700e+01 4.677488145527362207e+01
2.285950770892277717e+02 1.341330513384444956e+01 4.682653151911621592e+01
2.286549653787525074e+02 1.345470213352382949e+01 4.689061373262609322e+01
2.286808826590018100e+02 1.350169590676168951e+01 4.692877866588668212e+01
2.284505970829278851e+02 1.323297315236161431e+01 4.671727912431587271e+01
2.269814232117042820e+02 1.159895939386098540e+01 4.548779003380563779e+01
2.252816431452179984e+02 1.017435383983665353e+01 4.406450858078197541e+01
2.246143502399019098e+02 9.633396144694877705e+00 4.362861835629229290e+01
2.246284608591469407e+02 9.652008932338102198e+00 4.364505880830910201e+01
2.252597127927056420e+02 1.008503833368020253e+01 4.411849972719244306e+01
2.260766291110973611e+02 1.111510341375062616e+01 4.482034750620145047e+01
2.266220113510442502e+02 1.186596992929503180e+01 4.533086212812392546e+01
2.268968494946029182e+02 1.223433887760784344e+01 4.558948819052654500e+01
2.270850608332723937e+02 1.251008037979311638e+01 4.575435170237539495e+01
2.273231875172262448e+02 1.259162677676467190e+01 4.594082382256821262e+01
2.274131858860058060e+02 1.260192146517344369e+01 4.603632109168021458e+01
2.274465291566590395e+02 1.257066615667591059e+01 4.604141724931235302e+01
2.274233422019225941e+02 1.251920171446892560e+01 4.606019878389704303e+01
2.274112126717703291e+02 1.249943132280727376e+01 4.605404852037057140e+01
2.274754557573643865e+02 1.258889870121103982e+01 4.611703500374055409e+01
2.276706430945939132e+02 1.274476575112076127e+01 4.630268926375709526e+01
2.278505982079074954e+02 1.293113099825065682e+01 4.643459649793847177e+01
2.279970458035448075e+02 1.308541745180868610e+01 4.658439878277206248e+01
2.281157986511494471e+02 1.318123759006867957e+01 4.667249931094998772e+01
2.282325805344778189e+02 1.320442004488668708e+01 4.675058639562158191e+01
2.283234777619655631e+02 1.325179518621225050e+01 4.678373841974114100e+01
2.283647678885820085e+02 1.326701616033209419e+01 4.681976026684516512e+01
2.284013252259802869e+02 1.328046079164815119e+01 4.683996827557500353e+01
2.284588848077128489e+02 1.330884290222239663e+01 4.688837277324348207e+01
2.284952081493522940e+02 1.334624172436874545e+01 4.690402798949268970e+01
2.285508293912172917e+02 1.335519768704192245e+01 4.694412901266164795e+01
2.285551875622254272e+02 1.338214994853218265e+01 4.694682333882698089e+01
2.286033220647875623e+02 1.343156017797177348e+01 4.698711560852959224e+01
2.286372075756127060e+02 1.346006603630309151e+01 4.702360207221244082e+01
2.286673041551121912e+02 1.351532053481530582e+01 4.704044751688875436e+01
2.287226014028495626e+02 1.354437425821656937e+01 4.711877422221721901e+01
2.287571360269095067e+02 1.355947485951817200e+01 4.714739932838717351e+01
2.287289586626242510e+02 1.354874030408198848e+01 4.708921088305274338e+01
2.282133355082939090e+02 1.292642858348192370e+01 4.664576192056519233e+01
2.266005602398456631e+02 1.134311428105365671e+01 4.532347213706751887e+01
2.255093322683526367e+02 1.041544034514374495e+01 4.438439878277205963e+01
2.253768265450188721e+02 1.031132460724149347e+01 4.425876330991501106e+01
2.258401347725572350e+02 1.061152766606105224e+01 4.457439321412299194e+01
2.266579173252484907e+02 1.136350003656183816e+01 4.529585276266867311e+01
2.272542566415983742e+02 1.218683661358637949e+01 4.582242309358142762e+01
2.275291071599327211e+02 1.268178714260804085e+01 4.611109173646227788e+01
2.277252237303198967e+02 1.300172909366017748e+01 4.626685978816634304e+01
2.278478690073742428e+02 1.321265039571157729e+01 4.636981004719289245e+01
2.278856728221801120e+02 1.326281211153047934e+01 4.639757454396139025e+01
2.278243636834082508e+02 1.317923850130216401e+01 4.633342258171570904e+01
2.277369662674863946e+02 1.288936950517771862e+01 4.622485867443652552e+01
2.276809546576968160e+02 1.272418087422165556e+01 4.612256427852245366e+01
2.277185649760098158e+02 1.271980020362130936e+01 4.613784712652083186e+01
2.279006553006226738e+02 1.288439709530264743e+01 4.625949342168173217e+01
2.281044982309695683e+02 1.308653793149999167e+01 4.649862921234552715e+01
2.282752622608715285e+02 1.326854613260134741e+01 4.666684291347219471e+01
2.284125581473835780e+02 1.339329062160748407e+01 4.683141843054094977e+01
2.285012099155702856e+02 1.350882265258942105e+01 4.691006688003779601e+01
2.285451673688414473e+02 1.354667259155927717e+01 4.695766139238726566e+01
2.285693409306956312e+02 1.360320731686738149e+01 4.695754551948746069e+01
2.286338078872320523e+02 1.360440767011097840e+01 4.700314206805001760e+01
2.287060698274843844e+02 1.359264150837265994e+01 4.705730983625921482e+01
2.287422120474066389e+02 1.362603877804714791e+01 4.710987000860609442e+01
2.287953549591913713e+02 1.365815132100730622e+01 4.717058965806244686e+01
2.288329157784015138e+02 1.369318881095280105e+01 4.720067273780662731e+01
2.288642577103290137e+02 1.367647048897238804e+01 4.716078658574313209e+01
2.289260494653534295e+02 1.367511826348147430e+01 4.718342680038924186e+01
2.289580416354953627e+02 1.366173888098278155e+01 4.724767438590175317e+01
2.290285317328623478e+02 1.368343073781787744e+01 4.726632879779054264e+01
2.290530236639460782e+02 1.370708343411275720e+01 4.732177679279563165e+01
2.290152265990178932e+02 1.372783705795332487e+01 4.717606943374151030e+01
2.280945376615048872e+02 1.268733216710447209e+01 4.631321344800625184e+01
2.260763501161541456e+02 1.091734774807206598e+01 4.464832124917735712e+01
2.249330142141173781e+02 1.005858781309588679e+01 4.378299030830066130e+01
2.245742469667737282e+02 9.741278314330552135e+00 4.351084649090735468e+01
2.246470893965046969e+02 9.883382363694657613e+00 4.359591069911857630e+01
2.252701976026684463e+02 1.042334557686142027e+01 4.411709912757831376e+01
2.260790961913815238e+02 1.113370157665892357e+01 4.478952306489444624e+01
2.265614964478768911e+02 1.164457619205651895e+01 4.515373183861042605e+01
2.268278286206062546e+02 1.189570651531940904e+01 4.538067060034536837e+01
2.270215163600159656e+02 1.210989250819828911e+01 4.558277431221559084e+01
2.271617810677181524e+02 1.224317446746277760e+01 4.567711285232955021e+01
2.271204279422435377e+02 1.225109207395616018e+01 4.565170968776190819e+01
2.270673637790314956e+02 1.217282724250623005e+01 4.558745760233095723e+01
2.270188681580146408e+02 1.202987045859793724e+01 4.561112492336076230e+01
2.270239845652797612e+02 1.196197231425180441e+01 4.566172988114590225e+01
2.271313548691929896e+02 1.207220119135340752e+01 4.581286751677625801e+01
2.273231785173893797e+02 1.226783964540642735e+01 4.598202957571393767e+01
2.275684690714980718e+02 1.254130193890235745e+01 4.619377773777850393e+01
2.277868939875464775e+02 1.278783447050022204e+01 4.637943762269308934e+01
2.279533774700333595e+02 1.295720240070648721e+01 4.655781326463457503e+01
2.280670904089863313e+02 1.306325760345593778e+01 4.664979384748651370e+01
2.281499057829576884e+02 1.315756914405926459e+01 4.672621483735607484e+01
2.281787390103554287e+02 1.319119815953335895e+01 4.672986202125086663e+01
2.282555346184350356e+02 1.316503563372913810e+01 4.676374303215754225e+01
2.283235958848245843e+02 1.318390829166221323e+01 4.687186594742970414e+01
2.283705862831236288e+02 1.315910699118578542e+01 4.688947637824064429e+01
2.284296510875740296e+02 1.318841271001963023e+01 4.694589073073050400e+01
2.284623553698089324e+02 1.320843622209347501e+01 4.696554749945157425e+01
2.284960698837333553e+02 1.328219663518598637e+01 4.700760148722304166e+01
2.285508485158706549e+02 1.331748387060484617e+01 4.705424089188383618e+01
2.285974429213470387e+02 1.335002053087787743e+01 4.710015693465555842e+01
2.286644017077190369e+02 1.335983597797289946e+01 4.705695546768215110e+01
2.286969259932163823e+02 1.344782288321024133e+01 4.713499867814896049e+01
2.287671652201303800e+02 1.349006586755615089e+01 4.716534500312182132e+01
2.286999116891006452e+02 1.340984919648331442e+01 4.706546706340947850e+01
2.274541103942491134e+02 1.207527351066761945e+01 4.597835989222695474e+01
2.253765250504834512e+02 1.030303913241572467e+01 4.431902396769058328e+01
2.241750232027044376e+02 9.395363959028243173e+00 4.336125570224039905e+01
2.237847587762471733e+02 9.046281661144892183e+00 4.311756824407557787e+01
2.238378240644388200e+02 9.173992721381925008e+00 4.322088974637334502e+01
2.243745293366557689e+02 9.644930560633588001e+00 4.373430119079091583e+01
2.251308643780831460e+02 1.024965884993334519e+01 4.435359459109803737e+01
2.256303868242387978e+02 1.063949240920008243e+01 4.470491222346594640e+01
2.258256371603264654e+02 1.093698989205820560e+01 4.484299897064365581e+01
2.260041140504328325e+02 1.120724149374792589e+01 4.498063910091629936e+01
2.261710261501510217e+02 1.143659108678655123e+01 4.510799016767821001e+01
2.262727906806689191e+02 1.155692228078366135e+01 4.517542257046591203e+01
2.262794978091021960e+02 1.157351010512934408e+01 4.518970868653005368e+01
2.262557719891327110e+02 1.155250448585619338e+01 4.516031634426626340e+01
2.263259448422497258e+02 1.161703556623036171e+01 4.513473543292028012e+01
2.264665886680803908e+02 1.173515167537588333e+01 4.522657201838216423e+01
2.267262868360510879e+02 1.198879070316850459e+01 4.544790725668097053e+01
2.269083929103784953e+02 1.224275710002756234e+01 4.554740270332600005e+01
2.271762134311315720e+02 1.249446341285064221e+01 4.579122853398282444e+01
2.273247309892508099e+02 1.258047035397483349e+01 4.591010175440570151e+01
2.275042057362710182e+02 1.268083203491936750e+01 4.605480675662753498e+01
2.275948509683261989e+02 1.275706177825526844e+01 4.609821746980836110e+01
2.276688825015046689e+02 1.283187854720133281e+01 4.613846586530619476e+01
2.277158740247832895e+02 1.289752448236875715e+01 4.620029474465775365e+01
2.278095600767236135e+02 1.292342488792390576e+01 4.621943514773794703e+01
2.278829244969934962e+02 1.295623716820132643e+01 4.625267154532824065e+01
2.279445081307901262e+02 1.298531676613361441e+01 4.627560425467288496e+01
2.279954303328252081e+02 1.305621748105815527e+01 4.628520933058088360e+01
2.280693988671455372e+02 1.304964985009646661e+01 4.645332740844072106e+01
2.281380912470961562e+02 1.305315416158082087e+01 4.657521782417693856e+01
2.282067971268020870e+02 1.308482008763591153e+01 4.666704990972038303e+01
2.282518424353558544e+02 1.311622839336036961e+01 4.672756818782659849e+01
2.282971971133023317e+02 1.319124878361579611e+01 4.677708079041067180e+01
2.283236330091517061e+02 1.320533915322784857e+01 4.678967606212137298e+01
2.283970863028107487e+02 1.319092928940662901e+01 4.689232370163291108e+01
2.284451330569633285e+02 1.320007537363385275e+01 4.694136718771972028e+01
2.284443691958083207e+02 1.315343596897306178e+01 4.691425855406370715e+01
2.276562748550182391e+02 1.222994920717061973e+01 4.622999533133462080e+01
2.255469752110743116e+02 1.041055905861706243e+01 4.441226227774621549e+01
2.242067791271283284e+02 9.457141089317756766e+00 4.340092473323920785e+01
2.238278522451780645e+02 9.143240278769948048e+00 4.305706909062273269e+01
2.239816313329320963e+02 9.214863230603945965e+00 4.321836191719025067e+01
2.247670830966188760e+02 9.771520016199707115e+00 4.375797526169838392e+01
2.258056316479263899e+02 1.052044144199886411e+01 4.453055275873124685e+01
2.261541312063718863e+02 1.119741592183641643e+01 4.491693825549411656e+01
2.263482678126459007e+02 1.158113859186302186e+01 4.510438685798819591e+01
2.265112852329551458e+02 1.182959258863433050e+01 4.530344187511601461e+01
2.266416051209071725e+02 1.202453018039047983e+01 4.541413536879644397e+01
2.267679403310814905e+02 1.195183849792722519e+01 4.557696266755164771e+01
2.267848094003296069e+02 1.189215832963027530e+01 4.557297798977393199e+01
2.268023017082815329e+02 1.180430529696649167e+01 4.558636524712989768e+01
2.268548630056080242e+02 1.182461230390199169e+01 4.559283725482475802e+01
2.269539815840837775e+02 1.192049431604052145e+01 4.572985639635281530e+01
2.270940302957008896e+02 1.210551408755716274e+01 4.580955107688673422e+01
2.272898768709817148e+02 1.233317846114039185e+01 4.593159898976831101e+01
2.274515701902903118e+02 1.254167318217357341e+01 4.605695546768215110e+01
2.276012037281824405e+02 1.269879683430737849e+01 4.612201753843211804e+01
2.276732395475331998e+02 1.279560357968511752e+01 4.621432549035048964e+01
2.277858983805918456e+02 1.282255471619576959e+01 4.624736839144790679e+01
2.278857695704265325e+02 1.284942485417451863e+01 4.630069467490901758e+01
2.279435923973877891e+02 1.289422491717337671e+01 4.632417299936438582e+01
2.279894409413829237e+02 1.293029738835983622e+01 4.632756368790815316e+01
2.280243119343462013e+02 1.297478808196601463e+01 4.636712359588482713e+01
2.280210764929885556e+02 1.299245813669627303e+01 4.634430900939920406e+01
2.280568452196803833e+02 1.298728885538949562e+01 4.649544214511112017e+01
2.281224799050517333e+02 1.302543916391515388e+01 4.659239851277695266e+01
2.281650558833621005e+02 1.305343090656481841e+01 4.670013668502258497e+01
2.282310505622085657e+02 1.308488983637171543e+01 4.676693797424921684e+01
2.282663456724846753e+02 1.306941799179889863e+01 4.684571579640118699e+01
2.283099296325254102e+02 1.305880605914017778e+01 4.688703179754867278e+01
2.283625584286284891e+02 1.308644680815160299e+01 4.694119619081904204e+01
2.284179839240413799e+02 1.313802487329917135e+01 4.700135110051130027e+01
2.284666269173871171e+02 1.318264156462164038e+01 4.704200786360747344e+01
2.285075064264460138e+02 1.323012582896934930e+01 4.711066761914940315e+01
2.285589337443258842e+02 1.322758450003093778e+01 4.711329219657893930e+01
2.285074085532199604e+02 1.315714502674638986e+01 4.698923619509396588e+01
2.276167700710424526e+02 1.220391492904191111e+01 4.620012712269590338e+01
2.258476811357794247e+02 1.061853741400937068e+01 4.476011609789572532e+01
2.249046174788082055e+02 9.910277251224821171e+00 4.403096956367665626e+01
2.248263188979699692e+02 9.852130430135954242e+00 4.394434613372632725e+01
2.253374815081476754e+02 1.029797109927382515e+01 4.432713507067684588e+01
2.263942817286436764e+02 1.120387780471478933e+01 4.516882119011592778e+01
2.270324826612517768e+02 1.182868023017082848e+01 4.567246556156169390e+01
2.272596374190717654e+02 1.226450408086353505e+01 4.587211681788267725e+01
2.273937979874114887e+02 1.254740832822405139e+01 4.598635512231340527e+01
2.274845590923664531e+02 1.275398383404300873e+01 4.604301584533780556e+01
2.274980532227853303e+02 1.281971076774233431e+01 4.607710272751306491e+01
2.274311765599248645e+02 1.275885949567164168e+01 4.603264465831556862e+01
2.273791215034227378e+02 1.250908252287927347e+01 4.594989678312080628e+01
2.273076954230204478e+02 1.228805665397314684e+01 4.594164618266293587e+01
2.273443078844196066e+02 1.226465257817202037e+01 4.597966261861503767e+01
2.274844657190588464e+02 1.240212171154397858e+01 4.607292117830364475e+01
2.276661915502781426e+02 1.261429849083985388e+01 4.622067375028827740e+01
2.278593584241285726e+02 1.282016300954545152e+01 4.638386441745743127e+01
2.280025570786529556e+02 1.302781062093249531e+01 4.650270613845123790e+01
2.280933080587914219e+02 1.315429995331334645e+01 4.655398158408378606e+01
2.281558299255825943e+02 1.321258739685343286e+01 4.658188445334427996e+01
2.282110338000123875e+02 1.328772141004944274e+01 4.664405532649720953e+01
2.282722934396814196e+02 1.333037838689173782e+01 4.670977776027809369e+01
2.283413109387392410e+02 1.331318869845484087e+01 4.678525151731624732e+01
2.283720285069832983e+02 1.329493815424595482e+01 4.679412985639635281e+01
2.284332285227330317e+02 1.328823777569031606e+01 4.686351522378657108e+01
2.284732552972477322e+02 1.328186701616033183e+01 4.692454424263560497e+01
2.285002278083709655e+02 1.331066424421057448e+01 4.691530028518233308e+01
2.285719475084514158e+02 1.334540698949831494e+01 4.689777310286250867e+01
2.286272188816577682e+02 1.335028715104538755e+01 4.685566174113094462e+01
2.286367913331570776e+02 1.337271024462681623e+01 4.682953408969462572e+01
2.286686012566022157e+02 1.340541790180052928e+01 4.683841130379511952e+01
2.287215337971999247e+02 1.345031021312738773e+01 4.689133484455594214e+01
2.287860558777372262e+02 1.348795765576748984e+01 4.699978962881297662e+01
2.287757679392061050e+02 1.350018280918658320e+01 4.703376513800687064e+01
2.285016711572102679e+02 1.313043913579066313e+01 4.680225220917871098e+01
2.267852987664598459e+02 1.134896305004471806e+01 4.538491514841293650e+01
2.251259785916380167e+02 1.008042479230064004e+01 4.407775971560515416e+01
