0.033333333333333375	-0.29022810673367505
0.06666666666666675	-0.2310104380507318
0.1	-0.17080149184330667
0.13333333333333336	-0.10028709276930614
0.16666666666666663	-0.04011593843624345
0.2	0.021952461809573554
0.23333333333333336	0.08549654642706872
0.2666666666666667	0.14801121988982846
0.3000000000000001	0.20857335032739444
0.33333333333333337	0.269666462851066
0.36666666666666675	0.3309275428237962
0.40000000000000013	0.3942244356575806
0.43333333333333335	0.45545076722719025
0.46666666666666673	0.5191887438285484
0.5000000000000002	0.5787220603226567
0.5333333333333334	0.6400175568296879
0.5666666666666668	0.6996285692621899
0.6	0.7626934444088723
0.6333333333333335	0.8236830969740151
0.6666666666666667	0.8873384407976773
0.7000000000000002	0.9483955591317267
0.7333333333333333	1.0072036741237334
0.7666666666666667	1.0672145232728125
0.8	1.129772056010184
0.8333333333333335	1.190401176933785
0.8666666666666669	1.2547643793019647
0.9	1.3156853371139046
0.9333333333333335	1.3745866649821918
0.9666666666666668	1.4327096202649483
1.0000000000000002	1.497168653240604
1.035	1.552514939287938
1.0683333333333336	1.6197125204288687
1.1016666666666668	1.673230398830384
1.1350000000000002	1.7426198309727048
1.1683333333333334	1.800071966426521
1.2016666666666667	1.8657219925035267
1.235	1.9264556500433239
1.2683333333333335	1.9929155836445265
1.3016666666666667	2.059959730151987
1.3350000000000002	2.1221651563055266
1.3683333333333334	2.182571654223891
