2.418135008133340591e+02 4.568512529956770152e+00 5.837915736107242992e+01
2.418222230894631934e+02 4.574460423359450800e+00 5.838905218642290862e+01
2.418362227240393736e+02 4.581328971899618629e+00 5.840484878372409128e+01
2.419051441384069392e+02 4.617993752317159917e+00 5.847555474350264149e+01
2.419807230069767456e+02 4.752150412698299853e+00 5.847072440835933804e+01
2.420149167419096727e+02 4.895268825978440042e+00 5.841254042279179970e+01
2.420165079320027814e+02 5.059780497366642926e+00 5.829607133924279339e+01
2.420804854814990961e+02 5.109980150036631308e+00 5.830358558811060021e+01
2.421396788173040591e+02 5.089069393272299457e+00 5.827539118973832899e+01
2.421368742782436243e+02 5.106678918416473145e+00 5.820615402081496370e+01
2.422188569330298833e+02 5.148044539131390707e+00 5.825182135387748161e+01
2.422513973912997187e+02 5.175793688101907541e+00 5.829143968112337859e+01
2.423021859794333750e+02 5.214402665110362989e+00 5.833002737130784254e+01
2.423768353233557207e+02 5.267875166968525313e+00 5.835959654372934580e+01
2.424185823330004439e+02 5.321480711476613834e+00 5.842610367747623457e+01
2.424980726554780688e+02 5.356763622236925926e+00 5.852681341566604090e+01
2.425150471237066085e+02 5.354792817116025283e+00 5.851925659315025285e+01
2.425159731005500987e+02 5.370365902765335875e+00 5.852979534492637725e+01
2.425366071286025829e+02 5.385885771354676166e+00 5.858539652918334895e+01
2.426017022363582498e+02 5.430222677917935670e+00 5.863055830017614767e+01
2.426697828211782735e+02 5.440225711290354482e+00 5.865964142344991927e+01
2.426498796407493614e+02 5.418252387228615241e+00 5.868440509535610516e+01
2.426872610775745045e+02 5.451463380454083740e+00 5.872937351103100667e+01
2.427398998454931416e+02 5.538006737279792091e+00 5.871198749753870771e+01
2.427921448071679720e+02 5.581304137271632548e+00 5.873698709841075782e+01
2.428626130640786585e+02 5.596623554935083789e+00 5.883256671201942822e+01
2.428374591337326933e+02 5.589063184615302937e+00 5.882822419992584884e+01
2.428148099530093305e+02 5.598722080999912976e+00 5.873384019626451646e+01
2.428199134690604808e+02 5.574767308405279564e+00 5.878465539292816544e+01
2.426892052741654311e+02 5.467694583745026371e+00 5.865401638021106123e+01
2.424947944845839061e+02 5.282907212508137995e+00 5.844678205307869234e+01
2.422709280523088182e+02 5.105836314966943235e+00 5.820319515228061391e+01
2.420965233294721486e+02 4.993291102639743961e+00 5.801160841468152540e+01
2.420328579867276630e+02 4.972724482863219997e+00 5.794127142651876738e+01
2.420598638707606085e+02 4.989824898133678133e+00 5.797371964188466364e+01
2.421172052528785912e+02 5.046078878326287764e+00 5.809138610928300750e+01
2.421600325688407054e+02 5.054813571769414260e+00 5.807581657143769149e+01
2.421739488300229368e+02 5.069756922209075256e+00 5.816866792377188489e+01
2.421993014373927906e+02 5.098886166934821773e+00 5.816982982958123216e+01
2.422283632738425752e+02 5.093527208995811684e+00 5.819897858722897155e+01
2.421945402844274327e+02 5.112468934541242405e+00 5.820035513518020309e+01
2.422119617759597361e+02 5.105619898923063893e+00 5.823963464714428540e+01
2.422086410314175851e+02 5.125409549624021288e+00 5.823339760771576579e+01
2.422160399766554519e+02 5.127997672640577598e+00 5.822644036407564982e+01
2.422142501095384546e+02 5.151054850823711284e+00 5.822688206567340075e+01
2.422338268919995130e+02 5.180895430251060141e+00 5.821681871963301802e+01
2.422678450106345451e+02 5.198006488933512692e+00 5.826215078521772028e+01
2.422993849881769393e+02 5.232915106372033165e+00 5.827719347416932294e+01
2.423696190900237468e+02 5.293536433286206488e+00 5.835308277558898027e+01
2.424387711116511639e+02 5.334327309753445157e+00 5.840018164756470043e+01
2.424949825181957976e+02 5.379238960564384442e+00 5.846933012138811137e+01
2.425264941133062280e+02 5.383372152222078100e+00 5.852715400484984798e+01
2.425901204302067242e+02 5.439157822286950328e+00 5.855719858300708580e+01
2.426155386719505316e+02 5.439963173794500229e+00 5.861382153481548585e+01
2.426555827356761768e+02 5.431510530769217304e+00 5.861059125927528868e+01
2.426400930234208317e+02 5.421307046470910329e+00 5.864897849853387157e+01
2.426379164456680542e+02 5.419400101821974403e+00 5.866694812578383988e+01
2.426636717287916838e+02 5.455413860205879040e+00 5.866920452912658135e+01
2.427092397233422503e+02 5.482744368304628857e+00 5.872324467962442895e+01
2.427345337919461201e+02 5.467430272347173492e+00 5.874637636169152444e+01
2.427562569958260212e+02 5.463524140145353591e+00 5.867002052404613011e+01
2.427870022652728608e+02 5.458498675782157861e+00 5.871764092320955797e+01
2.427840451706404963e+02 5.481747435381184808e+00 5.872027161987409016e+01
2.427564060035939235e+02 5.487661624645884473e+00 5.870700460682348876e+01
2.427520989695403273e+02 5.520060170755806794e+00 5.865976204878585065e+01
2.427469138539972278e+02 5.535092216295418588e+00 5.867967587262673845e+01
2.426921889773277599e+02 5.520681036455459711e+00 5.862029982491587532e+01
2.426386597106056229e+02 5.451266477332193716e+00 5.853067520031788007e+01
2.424103443321170346e+02 5.253380613734613291e+00 5.828792912906733648e+01
2.421650349724779119e+02 5.065549226667423355e+00 5.800807834970349575e+01
2.419888829561722048e+02 4.942158377518275358e+00 5.783682052901305326e+01
2.418841712950726333e+02 4.821041670731858630e+00 5.775691511346764173e+01
2.418573215144156165e+02 4.807877543997204128e+00 5.769227057681971615e+01
2.418523776495443656e+02 4.770934260965818297e+00 5.769736522336086892e+01
2.418496813185058727e+02 4.760773350315488095e+00 5.775042972775926131e+01
2.418248715251477279e+02 4.741904354752016992e+00 5.775401123589526264e+01
2.418090926668665190e+02 4.739853724041161342e+00 5.774123204589439240e+01
2.418438700155571155e+02 4.803728387221519291e+00 5.776577398005069597e+01
2.418918310039043718e+02 4.882927789771326132e+00 5.783444172643238090e+01
2.419447535961428173e+02 4.906527781966157242e+00 5.789449008300087485e+01
2.419921309707324042e+02 4.987263383647107418e+00 5.792105071763205615e+01
2.420568819415002508e+02 5.010719689780018804e+00 5.801241199228707757e+01
2.420838966950431939e+02 5.021183937672179631e+00 5.799527609897663893e+01
2.420997216747763616e+02 5.011473598129597917e+00 5.797823599637414560e+01
2.421370179643055565e+02 5.078005566504472768e+00 5.804142415948088285e+01
2.422149738615540571e+02 5.125718208571849566e+00 5.814160527487498342e+01
2.422721910705321307e+02 5.193804115097857554e+00 5.820413177253609405e+01
2.423655745934660217e+02 5.307202574286581154e+00 5.834766705278600085e+01
2.424800249765401361e+02 5.422568290792207257e+00 5.846584440396005533e+01
2.425786574754891092e+02 5.541210404290004554e+00 5.858985434490686117e+01
2.426469101288030288e+02 5.580578611354036767e+00 5.869194417885189807e+01
2.426949385254262381e+02 5.600455183252946334e+00 5.866886216604077475e+01
2.426417587173978916e+02 5.566385621459956745e+00 5.863860471964365928e+01
2.426217224943190729e+02 5.522057584406692143e+00 5.856294957328787376e+01
2.426338382449723099e+02 5.511194208564753616e+00 5.851370427989335354e+01
2.426370383641785224e+02 5.513557046027434794e+00 5.848530056108520370e+01
2.426418367690858418e+02 5.536780970998476548e+00 5.847690290902188792e+01
2.426610818318731049e+02 5.522311252392550607e+00 5.851161284943651708e+01
2.426718174867711184e+02 5.501416460746209935e+00 5.851243593996406389e+01
2.425961321840813696e+02 5.450791071596458259e+00 5.844517489786759512e+01
2.425712869126832345e+02 5.430490537119786687e+00 5.842089904901114039e+01
2.426072793842431281e+02 5.461840707148293284e+00 5.848084984096968242e+01
2.426138268565214844e+02 5.465736195938118769e+00 5.850921453393385718e+01
2.425808535661638814e+02 5.433275563258232133e+00 5.844511103739562685e+01
2.425543390529846874e+02 5.411396256002440452e+00 5.841086408540273567e+01
2.424139684139010171e+02 5.297437243782029626e+00 5.828633084336622971e+01
2.421495629992425336e+02 5.107794702773850837e+00 5.799055929356126882e+01
2.419145493668056872e+02 4.925496116041573558e+00 5.771449934276930804e+01
2.417627494771423926e+02 4.817919603213600688e+00 5.759052487986248536e+01
2.417036200018093837e+02 4.796402171965607586e+00 5.749527166422164015e+01
2.417517903105924972e+02 4.788261735692150189e+00 5.754537552618368323e+01
2.417690556987488719e+02 4.826180664822991240e+00 5.756593859815620817e+01
2.418179018641936011e+02 4.881930856847882971e+00 5.761567348850245196e+01
2.418260831002130544e+02 4.905341041528819446e+00 5.764909912386980295e+01
2.418524486056243461e+02 4.944414780861016823e+00 5.765372900808721823e+01
2.418765435164768860e+02 4.954357501565468169e+00 5.768946781166127380e+01
2.418909032531588821e+02 4.999487342322286310e+00 5.775061066576316193e+01
2.418627177242966013e+02 4.955251548172969756e+00 5.771053112399752649e+01
2.418324620518014854e+02 4.909020114274766478e+00 5.771316891627004964e+01
2.418053319946286308e+02 4.895691014654204309e+00 5.768099742961600640e+01
2.417836513643967180e+02 4.862370039504797958e+00 5.768459490286999625e+01
2.417801674208706686e+02 4.882223550677719182e+00 5.766394668360151599e+01
2.418214035467396457e+02 4.911624202409313966e+00 5.774424058368471435e+01
2.418575556694794955e+02 4.913960431342010438e+00 5.780873079085872490e+01
2.419100170471982096e+02 4.936891662483214205e+00 5.784782404311291515e+01
2.419660989588969073e+02 5.015803692909181599e+00 5.785276790798415902e+01
2.419805810948168414e+02 5.008724050031132080e+00 5.790895625380279910e+01
2.420257765699476238e+02 5.005163828719118690e+00 5.788104035804438041e+01
2.420577174493417942e+02 5.028444518554127995e+00 5.788095521074842509e+01
2.420824953124639762e+02 5.026454200511238923e+00 5.790647101710219147e+01
2.420798397811714437e+02 5.015030271637613168e+00 5.790862453412898958e+01
2.421057618110829708e+02 5.031543525346398482e+00 5.794310564118574547e+01
2.421543135087958944e+02 5.045133388560815391e+00 5.797965334407135174e+01
2.421863625962120068e+02 5.127174582113037005e+00 5.800173665005703327e+01
2.422157171264916258e+02 5.159328329747094877e+00 5.805353813623212744e+01
2.422319199473505762e+02 5.150896973545799895e+00 5.813453450150692703e+01
2.422517841019354989e+02 5.181869302448516734e+00 5.812609959750163569e+01
2.422598606777370094e+02 5.188489504708822864e+00 5.811946697792733829e+01
2.422952996918732254e+02 5.228914957364265703e+00 5.806410704434222936e+01
2.423223747580841234e+02 5.278162024660785434e+00 5.805186002494106390e+01
2.423418788105632302e+02 5.321205756666767428e+00 5.809504566910696610e+01
2.423404827496900111e+02 5.320795985304996201e+00 5.809237594659845172e+01
2.422743924829129014e+02 5.245894747298790683e+00 5.800234155063869679e+01
2.420628050002749490e+02 5.085645762414209514e+00 5.779626735541368276e+01
2.418276973510321568e+02 4.914969781579446639e+00 5.758408384170407857e+01
2.416529892909536272e+02 4.802220570522361065e+00 5.742760972027339506e+01
2.416107473626512103e+02 4.772450947174972313e+00 5.741319499262943538e+01
2.416810417771659729e+02 4.786310443493238864e+00 5.746953412011799855e+01
2.417437119608890157e+02 4.860615650427776657e+00 5.756919903003038996e+01
2.418338510170667064e+02 4.913836258202079144e+00 5.764337474211899348e+01
2.418336789485728104e+02 4.932526089663650026e+00 5.766809584037720526e+01
2.418301524313987727e+02 4.910341671264029095e+00 5.769036717997477837e+01
2.418288752219594926e+02 4.909483102696508006e+00 5.768151186119571605e+01
2.418407213395088888e+02 4.922170049793429314e+00 5.764700946731496600e+01
2.418276920293261583e+02 4.894128206993076269e+00 5.765817618039874048e+01
2.418629057579084929e+02 4.908574864873015642e+00 5.765554725763620780e+01
2.418499509516097135e+02 4.920882196942147679e+00 5.764553358085179013e+01
2.418280876094719360e+02 4.901887254336746658e+00 5.763229140242918191e+01
2.418270516507045045e+02 4.911054779867631837e+00 5.762323208492023952e+01
2.418202487365383035e+02 4.910666295329848552e+00 5.763341783019855313e+01
2.418620329981249881e+02 4.938184837040492603e+00 5.765833937938264597e+01
2.419380305075665660e+02 4.972525805839330459e+00 5.776008685024186917e+01
2.419896758903657599e+02 5.062588584231075828e+00 5.774890062423611425e+01
2.420268426850490187e+02 5.104413645563736779e+00 5.776620149043245789e+01
2.420670463999545916e+02 5.124196200656698785e+00 5.781061644868367466e+01
2.420678003083041574e+02 5.151711194563345586e+00 5.780791302203718374e+01
2.420691520216274171e+02 5.154129022987995690e+00 5.780090610914109561e+01
2.420709560799604105e+02 5.157137560778317642e+00 5.785622169517623092e+01
2.421142180019122634e+02 5.206111447166989592e+00 5.792272350721712115e+01
2.421400389194098466e+02 5.221414899712450541e+00 5.798609615613175805e+01
2.421774061650189935e+02 5.245720904902888115e+00 5.804061703407133876e+01
2.422453022640311247e+02 5.293116018512440846e+00 5.810335107826632850e+01
2.423146352236624352e+02 5.332807075740293890e+00 5.815118789347364014e+01
2.423636800661310531e+02 5.378422965644840126e+00 5.816519462365781834e+01
2.423933201946325369e+02 5.404589794032238714e+00 5.816343668677680512e+01
2.424327806446005127e+02 5.449425167057221131e+00 5.819637982080042349e+01
2.424828383851105684e+02 5.489032850891119253e+00 5.821678678939703389e+01
2.424762359218702557e+02 5.423950160449435565e+00 5.824685797608425020e+01
2.423303839256096524e+02 5.283920110549572335e+00 5.809708565640582378e+01
2.420997677962283205e+02 5.105357361427210527e+00 5.789153476227052408e+01
2.418600550973960992e+02 4.896780190481596406e+00 5.766271559561420190e+01
2.418210860182818465e+02 4.860473738267855559e+00 5.767663185679644045e+01
2.418074358423994568e+02 4.870592075270209875e+00 5.763172730159349300e+01
2.418556877506745195e+02 4.931802337648054646e+00 5.762784423011765966e+01
2.419578183843655381e+02 4.973189245186960150e+00 5.770753855132519305e+01
2.420178152977760533e+02 5.011095757003808160e+00 5.776074674178550339e+01
2.420646037369019439e+02 5.016160247210982526e+00 5.780329023342776651e+01
2.420830292569656592e+02 5.102458805560828203e+00 5.782831466892780270e+01
2.421011035444335846e+02 5.154835035983602154e+00 5.780370887429953086e+01
2.420900911608237323e+02 5.141461588813064587e+00 5.781009314759396744e+01
2.420990724266447103e+02 5.158865341325353349e+00 5.783407275481658871e+01
2.421156921144734326e+02 5.164646487940126818e+00 5.780546503727855168e+01
2.421152078392277076e+02 5.147020997677961951e+00 5.790224913034454346e+01
2.421169214285587543e+02 5.134227616461100929e+00 5.792075802380221461e+01
2.421480285740134093e+02 5.107264306076146454e+00 5.799602645952221991e+01
2.421513102927115710e+02 5.101149665885558626e+00 5.803606520154187365e+01
2.421639724051805160e+02 5.146192585444424594e+00 5.805198242417899479e+01
2.421984375471192834e+02 5.190467405437718895e+00 5.805654667402244939e+01
2.422335306503656795e+02 5.206437845134807674e+00 5.807539970446792665e+01
2.422511809752558349e+02 5.213077560317103121e+00 5.809778812159743211e+01
2.422745698731127959e+02 5.245628661998939180e+00 5.807444889299645752e+01
2.422807661127953338e+02 5.257423336390357527e+00 5.809723821197773930e+01
2.423051554913797361e+02 5.276521165311701012e+00 5.808205006306221918e+01
2.423114351044562227e+02 5.305345298893617390e+00 5.800903980458695486e+01
2.423186087641402082e+02 5.331671778460926880e+00 5.794495582097071207e+01
2.423315351880069954e+02 5.357900693418291560e+00 5.793285071372947215e+01
2.423136294212289954e+02 5.342127156843092806e+00 5.791567579457505133e+01
2.423249185335506866e+02 5.346292278736768822e+00 5.792092831839412526e+01
2.423573153057586183e+02 5.367073540655172614e+00 5.798497150226438634e+01
2.423925751557929402e+02 5.356314825031176063e+00 5.801151617177757203e+01
2.424097483010453686e+02 5.376187849126087492e+00 5.804781552838331748e+01
2.424198896987737157e+02 5.378907240890569597e+00 5.805796756952365456e+01
2.423815024595151328e+02 5.355913923179399738e+00 5.809665105041607092e+01
2.422393987181784212e+02 5.235881070514378344e+00 5.795277340708035041e+01
2.420055026440009271e+02 5.045101458324833033e+00 5.773600613060531117e+01
2.417626536864344473e+02 4.875230828997620947e+00 5.753107078046366496e+01
2.416467522515251005e+02 4.754436972375024162e+00 5.743135974909930042e+01
2.416347287437758098e+02 4.755100411722653853e+00 5.744887880524152735e+01
2.416626428656322503e+02 4.751045271752916577e+00 5.743054730198375779e+01
2.417009360880848874e+02 4.790337201030991920e+00 5.746776553982498825e+01
2.417320982245014989e+02 4.804381183157155455e+00 5.749438648712413169e+01
2.417180773031013246e+02 4.771054886301751452e+00 5.744490881256773918e+01
2.416764633361065364e+02 4.735442029769623140e+00 5.740831853603415880e+01
2.416416203530419864e+02 4.750482944819230724e+00 5.733734649095575975e+01
2.415927582224792332e+02 4.768624640563107420e+00 5.722664791060952894e+01
2.415638755501313710e+02 4.771989732655229410e+00 5.715444300364182340e+01
2.415303736369780552e+02 4.749798218647612202e+00 5.713979944263999045e+01
2.415276879493515594e+02 4.736036286939291351e+00 5.714308470914215832e+01
2.415070823037310390e+02 4.750628404783149072e+00 5.715989243058277935e+01
2.415163065941258935e+02 4.740753092354659692e+00 5.718745709374540098e+01
2.415141583988051082e+02 4.772949413636694338e+00 5.717728553968307637e+01
2.415488967216517153e+02 4.802969157165943415e+00 5.724123115894339264e+01
2.416365505411287984e+02 4.850701312155308642e+00 5.729859205398338418e+01
2.416854694365555076e+02 4.811418252387228200e+00 5.737017786915343720e+01
2.417120584536186811e+02 4.809142336122498307e+00 5.740618453192934822e+01
2.417460535115276912e+02 4.811311818267287599e+00 5.743119655011539493e+01
2.417530533288158097e+02 4.805167021742716926e+00 5.749640341369700991e+01
2.417827821524172123e+02 4.822719782022922175e+00 5.751850445870267237e+01
2.417753016076873678e+02 4.869462099696840518e+00 5.751885036959247799e+01
2.417575182401473057e+02 4.917087820566265144e+00 5.751457171797086687e+01
2.417413828275643084e+02 4.928985381273625954e+00 5.749563354022943429e+01
2.417377179460343655e+02 4.927051828094705321e+00 5.750083994259652798e+01
2.417317576353176776e+02 4.964752567279668405e+00 5.747173375859676980e+01
2.417885242731880169e+02 4.983172765637389645e+00 5.751278007695187000e+01
2.418128710781244308e+02 4.999927270018040382e+00 5.748162503614325658e+01
2.418129846078523428e+02 5.004950960479237487e+00 5.745639837581533271e+01
2.418206425427820818e+02 5.015589050767300883e+00 5.747468553152312865e+01
2.417883273700660993e+02 5.020472602970576403e+00 5.745240354851355846e+01
2.417648054295592317e+02 4.994687163512964823e+00 5.736015354895703666e+01
2.415888449946694152e+02 4.893908243145198789e+00 5.718628809232804855e+01
2.413328514232902648e+02 4.715854603896553421e+00 5.693762073620480635e+01
2.410924007812264449e+02 4.557363555892990803e+00 5.673479810334398366e+01
2.409606193756219739e+02 4.480147375778077645e+00 5.660928389350201684e+01
2.409575150471237066e+02 4.448426460231778456e+00 5.664311752632914221e+01
2.409875383384569432e+02 4.451876699619853106e+00 5.667577506213091709e+01
2.410310645718066667e+02 4.451181330036241057e+00 5.669134459997623310e+01
2.410459210010483844e+02 4.501246166154304618e+00 5.673396614330644638e+01
2.410707556290345224e+02 4.512542374084000940e+00 5.674280017526151454e+01
2.410339950579090385e+02 4.494519529774057887e+00 5.667097843112559730e+01
2.410117343617234553e+02 4.535645673719109539e+00 5.664746181232471400e+01
2.410538024476299768e+02 4.554498704164589462e+00 5.663783839398008269e+01
2.410610523850999414e+02 4.557166652771100779e+00 5.669273888694745267e+01
2.410573396082160116e+02 4.575052906627120386e+00 5.673656845753899347e+01
2.410325493277798330e+02 4.521796820812837403e+00 5.673215321546345535e+01
2.410007680995655619e+02 4.537130429692281197e+00 5.671974831878438295e+01
2.409900626010015401e+02 4.512457226788049169e+00 5.668791387351014066e+01
2.409291255195315387e+02 4.488293133757532694e+00 5.663855682428968663e+01
2.409244300009401627e+02 4.497242469342539017e+00 5.660521278841429194e+01
2.409646142029237410e+02 4.515164201238538233e+00 5.663725123241841430e+01
2.410479450232292606e+02 4.554496930262590837e+00 5.668272166235904308e+01
2.410679298031500934e+02 4.592107200445604498e+00 5.670820908628081725e+01
2.411260676672656587e+02 4.625172733707153760e+00 5.674265294139559757e+01
2.411505723494799724e+02 4.593794181246662944e+00 5.678869279387790669e+01
2.411572847946442266e+02 4.608565463192420886e+00 5.682460011814187339e+01
2.412059322830650956e+02 4.638702284253604091e+00 5.686567481892895159e+01
2.412259330281039240e+02 4.679104676183059475e+00 5.688655364545730464e+01
2.412545159110139821e+02 4.707944774882967032e+00 5.693130564508832947e+01
2.412676516553166550e+02 4.721426430075443825e+00 5.694490792561673942e+01
2.413068406982787906e+02 4.719925708984281876e+00 5.698558527235604032e+01
2.413414211438474979e+02 4.801067534223004252e+00 5.699971972348415505e+01
2.413938754259582140e+02 4.819140047788919468e+00 5.707608620454154646e+01
2.414341181667077763e+02 4.813461787490088462e+00 5.708240306956001575e+01
2.414247998595069475e+02 4.807607910893354486e+00 5.707657934929726906e+01
2.414628465095817376e+02 4.843334297153419676e+00 5.708430114469896210e+01
2.414927243409510709e+02 4.893478958861439132e+00 5.714462800388129438e+01
2.415355818132471484e+02 4.910004629884217486e+00 5.718173448589659102e+01
2.414799274119301913e+02 4.839172723063741799e+00 5.710304241931850555e+01
2.412994311096289266e+02 4.723329826920381613e+00 5.693565170498590788e+01
2.410336420514112206e+02 4.525577005972728273e+00 5.668782340450819390e+01
2.407533921440976030e+02 4.316606028783334104e+00 5.642835121130897846e+01
2.405798850156724313e+02 4.215892742789531411e+00 5.627837311899866535e+01
2.405430534884669669e+02 4.202627503640933959e+00 5.627827023268272200e+01
2.405617184853005597e+02 4.203663462408355755e+00 5.627567146625417394e+01
2.405927670919892307e+02 4.205641363137251787e+00 5.630507034408377365e+01
2.406446395342442770e+02 4.224441176522761410e+00 5.630484151072590038e+01
2.406691388947526207e+02 4.227089612207284297e+00 5.638473983066331385e+01
2.407029689797757328e+02 4.246355961818533586e+00 5.637908285718847168e+01
2.407658112319926715e+02 4.274569873112789686e+00 5.644570529456529329e+01
2.408105383969957245e+02 4.372251560590283859e+00 5.647601595802237995e+01
2.408112869836392917e+02 4.434664528523457605e+00 5.640544836259976336e+01
2.407691851935948080e+02 4.436768376294283556e+00 5.629945594425690558e+01
2.408007180755292040e+02 4.435551479522962026e+00 5.633527279951891842e+01
2.407845241241802228e+02 4.424157706983320004e+00 5.635965330859331601e+01
2.407399175845131367e+02 4.417714894922915470e+00 5.636210306725394759e+01
2.407463497531615246e+02 4.429805810948168165e+00 5.637817461936497665e+01
2.407702477608922038e+02 4.452786711345344983e+00 5.637830943591690414e+01
2.408029088444979777e+02 4.469789562005857420e+00 5.643872321629719124e+01
2.408366147563811808e+02 4.508900553280033918e+00 5.645774299353058012e+01
2.408871922501769518e+02 4.562403211472179088e+00 5.654510057137383683e+01
2.409226419077251649e+02 4.555426454910072032e+00 5.656893826643653256e+01
2.409555211812768221e+02 4.573857296679787687e+00 5.653537604061526167e+01
2.409590672113728544e+02 4.551830755558078145e+00 5.655251548172969933e+01
2.409786706023639056e+02 4.591103171914164172e+00 5.657876036180505253e+01
2.409984762181828444e+02 4.615776374818397088e+00 5.657768182938965396e+01
2.409718836533157003e+02 4.605381309104196852e+00 5.657520368829703727e+01
2.409629733435746743e+02 4.618710408724759908e+00 5.658268778083085948e+01
2.410137459665903350e+02 4.668917157002744567e+00 5.666483540850302347e+01
2.410198198070349349e+02 4.672988262090472134e+00 5.664079194080844104e+01
2.410240150852625902e+02 4.583438141376441344e+00 5.664539699039787024e+01
2.410479237364052665e+02 4.602523552983791788e+00 5.667046045174188151e+01
2.410937560423536752e+02 4.591541325707919619e+00 5.670031877018922017e+01
2.411655529518616277e+02 4.631234156837771287e+00 5.676575446712870843e+01
2.411966530017082562e+02 4.680765048454133215e+00 5.677962992856496527e+01
2.411786674093403064e+02 4.655476301556244145e+00 5.673579858407142495e+01
2.411591722263711688e+02 4.646457783793276342e+00 5.675927795093032557e+01
2.411223956901276892e+02 4.625493809968974190e+00 5.669437087678654308e+01
2.409213664721878843e+02 4.466302070675803648e+00 5.649806378596807832e+01
2.406860033810572190e+02 4.288175701445197774e+00 5.625009534723244542e+01
2.404307796831456301e+02 4.141005695999318448e+00 5.600150604279716049e+01
2.403692820486439530e+02 4.110198339982509275e+00 5.592671833451888830e+01
2.404223696137683248e+02 4.137370970803346815e+00 5.596809105084180658e+01
2.404873973132480387e+02 4.195450296152938741e+00 5.600672663638024318e+01
2.405417124185557327e+02 4.221984322254132671e+00 5.612368886468497919e+01
2.405899359443988033e+02 4.258179018641936153e+00 5.623798314438320745e+01
2.406170961579056495e+02 4.283960910295549596e+00 5.624734402523198185e+01
2.406558488209760469e+02 4.287906068341348131e+00 5.630959556808324606e+01
2.407253148232572642e+02 4.365512506896044087e+00 5.635704035094877185e+01
2.407628523634583360e+02 4.343897511038105286e+00 5.638630441222644407e+01
2.407905642604868603e+02 4.351390473081924171e+00 5.640269171889330124e+01
2.407644187189234515e+02 4.355686863723526869e+00 5.638108559254535379e+01
2.407109621821832945e+02 4.320421691983204582e+00 5.633380400866374060e+01
2.405887917776094582e+02 4.258427364921797853e+00 5.615954651969297373e+01
2.404612464499786313e+02 4.215747282825613063e+00 5.606266663591902955e+01
2.404396882189846565e+02 4.246316935974554951e+00 5.608531049493639387e+01
2.404884847151734277e+02 4.313812133134892868e+00 5.614183056042885767e+01
2.406131243913298761e+02 4.395913639355080171e+00 5.626132237298418204e+01
2.406853825153575599e+02 4.418438646938510850e+00 5.634949594574698040e+01
2.407845720195342096e+02 4.467953573436881598e+00 5.642059748567130839e+01
2.408985079710286357e+02 4.513079866389701600e+00 5.650560464336587074e+01
2.409500327284918910e+02 4.542503578847282952e+00 5.652706530974990073e+01
2.409506340812695555e+02 4.533289931864424638e+00 5.650164706800607917e+01
2.409316302691541409e+02 4.518758126688532606e+00 5.646234804312000932e+01
2.408887337710140741e+02 4.515087923452581364e+00 5.635736497501459041e+01
2.408258471712471760e+02 4.518986960046404988e+00 5.629362867619015276e+01
2.408319334290057725e+02 4.539461336918980905e+00 5.632301336280375637e+01
2.408902469094192327e+02 4.609019582104167512e+00 5.637889482357658011e+01
2.409559806218945539e+02 4.664310333511314965e+00 5.644107541034787801e+01
2.409940237241653449e+02 4.663822510461587356e+00 5.646085796544084445e+01
2.410010661151013949e+02 4.647018336824963569e+00 5.649658967340690197e+01
2.410401504978455876e+02 4.646464879401272619e+00 5.656977732208206078e+01
2.410401274371196223e+02 4.675610089245009426e+00 5.658059102866803158e+01
2.410681958884499352e+02 4.693350883137109797e+00 5.654523893572975624e+01
2.410856794665521932e+02 4.691427973370183580e+00 5.659763822687851587e+01
2.410771452240349504e+02 4.701730796180433991e+00 5.658177067349737399e+01
2.409535326371359361e+02 4.635033854919651475e+00 5.641387971880105567e+01
2.406695664051343897e+02 4.454773481584236805e+00 5.613049177885118723e+01
2.404097110491033789e+02 4.272029645450207802e+00 5.591700976887830876e+01
2.402593409244512941e+02 4.185378080602559336e+00 5.581704506952809197e+01
2.402704508726710912e+02 4.162723578173200600e+00 5.580563533187045522e+01
2.403511776048420359e+02 4.208346563685742225e+00 5.587789345589813195e+01
2.404095035025694926e+02 4.250661221970131187e+00 5.595460052613933044e+01
2.404861892859867112e+02 4.300431590356359024e+00 5.603342208756335197e+01
2.404925327595351803e+02 4.270933374014819428e+00 5.607107315749234289e+01
2.404947962584859056e+02 4.235396795268648873e+00 5.605525704726916558e+01
2.405263096274983070e+02 4.213082882023099884e+00 5.607684011289112647e+01
2.405580234474366250e+02 4.259277063979323152e+00 5.612324893698922779e+01
2.405260701507284580e+02 4.251102923567884773e+00 5.610598177493086069e+01
2.405243264050634195e+02 4.235991052438317084e+00 5.607533584399596549e+01
2.405354824747352041e+02 4.240833804895614456e+00 5.607544582591989979e+01
2.405273739686977308e+02 4.272787101603785054e+00 5.607484979484823384e+01
2.405185594496646502e+02 4.240620936655733253e+00 5.608195782015826580e+01
2.405108961930289126e+02 4.244502234229567961e+00 5.605245428211073033e+01
2.405695076889782058e+02 4.329912067677908816e+00 5.606953695836119778e+01
2.406395732701351164e+02 4.363245460141309096e+00 5.611677242079083783e+01
2.406715283407452830e+02 4.380122363759891613e+00 5.618025327772741662e+01
2.406822072307793405e+02 4.413471721341283072e+00 5.618056903228324472e+01
2.407253095015512656e+02 4.440218615682358205e+00 5.624576880025686165e+01
2.407940659430329049e+02 4.449198107601347374e+00 5.634472414936964668e+01
2.408654388899630874e+02 4.441550816083614350e+00 5.643640827418848716e+01
2.408864986544953410e+02 4.455085688336062333e+00 5.643765000558779121e+01
2.408609065703556098e+02 4.441774327735489969e+00 5.642109417823103001e+01
2.408282135565138447e+02 4.419157077248110355e+00 5.640432548263438406e+01
2.408439019457931067e+02 4.444158452022159977e+00 5.641946573619593863e+01
2.408803006409108036e+02 4.503316309787149585e+00 5.642424108037727137e+01
2.408470949693913212e+02 4.492575333183142838e+00 5.637913075254244433e+01
2.408504884439154239e+02 4.480819684635702238e+00 5.637513237743667815e+01
2.408723588816612278e+02 4.513255482687603681e+00 5.634905424414922948e+01
2.408627691674545872e+02 4.525736657152639175e+00 5.636814675136457709e+01
2.408808008812745243e+02 4.516936329335549338e+00 5.636230529208183526e+01
2.409235820757846511e+02 4.571948578128853136e+00 5.638460324020939396e+01
2.409867223435374228e+02 4.602697395379695244e+00 5.645541563410787944e+01
2.410271832742328399e+02 4.634407667514000906e+00 5.652385277322969159e+01
2.409436590986094302e+02 4.590047700224753058e+00 5.646176797716633189e+01
2.407486416345442706e+02 4.472931142446104680e+00 5.624928644792089472e+01
2.404345598683055130e+02 4.316895174809172175e+00 5.594859764177468264e+01
2.402430529562963670e+02 4.149531069006561879e+00 5.580395189887339313e+01
2.402063260893088739e+02 4.099453815574504389e+00 5.579075761580475756e+01
2.402513406264357627e+02 4.075302139857981842e+00 5.577876071658545243e+01
2.402978257283198218e+02 4.092157756652575529e+00 5.580991575739406585e+01
2.403331263781001041e+02 4.088265815666747294e+00 5.577551270202526723e+01
2.403565294671730612e+02 4.108333968981549233e+00 5.582534160917745680e+01
2.403724750722421675e+02 4.130248754277321410e+00 5.580552889775051284e+01
2.403838138538198450e+02 4.195491095898916001e+00 5.582326969164261499e+01
2.403712404364508473e+02 4.244745258803432009e+00 5.586536438607912913e+01
2.403792886298203655e+02 4.288133127797221888e+00 5.591826391759160941e+01
2.404175463742330123e+02 4.340608696731940164e+00 5.591302558498853159e+01
2.404698232661438340e+02 4.380321040783781150e+00 5.596523152081940111e+01
2.405142382243950578e+02 4.414633627150634787e+00 5.601747116078825428e+01
2.405897071110409513e+02 4.406071002201412234e+00 5.610561457721706802e+01
2.406079552409047722e+02 4.427079323575689784e+00 5.616060021748038622e+01
2.406543569693948825e+02 4.458802013023988486e+00 5.614023404862975042e+01
2.407056954671482174e+02 4.478777923434841490e+00 5.618706151359962320e+01
2.407542294258411459e+02 4.504565136794452584e+00 5.628378352009564622e+01
2.408120408919888860e+02 4.543800301208559489e+00 5.634667544156855712e+01
2.408652455346451973e+02 4.563086163741798096e+00 5.641674102272546065e+01
2.409336542913350172e+02 4.600531461038903203e+00 5.647915576456063036e+01
2.409765773980050767e+02 4.655584509578184260e+00 5.651181152646040573e+01
2.410073475020799094e+02 4.676207894218675776e+00 5.657983357251445256e+01
2.410768525302051160e+02 4.691651485022058310e+00 5.662778036964569850e+01
2.411406863936394984e+02 4.757340849947404138e+00 5.666116875307106682e+01
2.411834019537756717e+02 4.779796675352873336e+00 5.669797544564853098e+01
2.411792829533339670e+02 4.779532363955021346e+00 5.667685359454631566e+01
2.412065726616867209e+02 4.780763451942333653e+00 5.665057146252897979e+01
2.412087652045575226e+02 4.796019009133821065e+00 5.663840072091377209e+01
2.412245866364866913e+02 4.801938520104518382e+00 5.663022303269833202e+01
2.412189332108158339e+02 4.812117169774838388e+00 5.663724591071241576e+01
2.412766683991776233e+02 4.853919170381512771e+00 5.669955599232964971e+01
2.413224439402620760e+02 4.872548689175117964e+00 5.672671088413049745e+01
2.413028547404870210e+02 4.867613693813871656e+00 5.671026503869767055e+01
2.411429658577082193e+02 4.750543257487197302e+00 5.654882399166975659e+01
2.408982401118267944e+02 4.564934569624766070e+00 5.633237246975053836e+01
2.406656549512265713e+02 4.419925176813682022e+00 5.605119835949543017e+01
2.404675633149971077e+02 4.288464847471036734e+00 5.590326912399397230e+01
2.403949149325296446e+02 4.258670389495661901e+00 5.590401593673556135e+01
2.404077420178844875e+02 4.275476337034284313e+00 5.589217336699016414e+01
2.404875764773499327e+02 4.324890151118711223e+00 5.600066521324962565e+01
2.405516072439062043e+02 4.385028976689153701e+00 5.606388353269035463e+01
2.405581547161845606e+02 4.407671061804519397e+00 5.606693287022665118e+01
2.406116148007287165e+02 4.440619517534134530e+00 5.612914006552794177e+01
2.406581034504167746e+02 4.461329823372578218e+00 5.619430612936357505e+01
2.407037601400672884e+02 4.468891967594358583e+00 5.620700017206849708e+01
2.407370261242547258e+02 4.497002992572672220e+00 5.623113765656902530e+01
2.407413331583083220e+02 4.479318963544540289e+00 5.626515932300804224e+01
2.407380106398641999e+02 4.471377204294971541e+00 5.625596696284917186e+01
2.406928595122833769e+02 4.443122493254737293e+00 5.625267814854300497e+01
2.407301753147345664e+02 4.463350297749450135e+00 5.626260135632546877e+01
2.407352007790977666e+02 4.493513727340618935e+00 5.625848058198176460e+01
2.407685714235031469e+02 4.540999309952121976e+00 5.627051650704505192e+01
2.408111468453813870e+02 4.548350359836020651e+00 5.631031754619684193e+01
2.408313409457381056e+02 4.563444491945597647e+00 5.633598590812251672e+01
2.408565409975360581e+02 4.601180709170541228e+00 5.638917458566083951e+01
2.409042057442494524e+02 4.618385784658940452e+00 5.640820323240422596e+01
2.409446578054348720e+02 4.659173113322180981e+00 5.640027389046864670e+01
2.409533108993860537e+02 4.662451284216352576e+00 5.638139957319918238e+01
2.409472157721174597e+02 4.662380328136391583e+00 5.634219988682504976e+01
2.409393751252818276e+02 4.638044166611971164e+00 5.634392944127408498e+01
2.409222729361093798e+02 4.648957211709881854e+00 5.632924862833027646e+01
2.409433344745436330e+02 4.609619160979832486e+00 5.635938012768546912e+01
2.409610930074557018e+02 4.588170911909800864e+00 5.642067376345726615e+01
2.409630921950085849e+02 4.593838528796638343e+00 5.646820191971674063e+01
2.409474109013373493e+02 4.590991416088226806e+00 5.645901488126386880e+01
2.409626079197628599e+02 4.612624150966155412e+00 5.644840162560379326e+01
2.409807194591727466e+02 4.612666724614132185e+00 5.649943501221331843e+01
2.409271085929586604e+02 4.598945592651788594e+00 5.645973331157346564e+01
2.407290151828271973e+02 4.495021544039778050e+00 5.622529974509028250e+01
2.404379267342996229e+02 4.288746897888879417e+00 5.598143788948235766e+01
2.402321381372964595e+02 4.132271002556192840e+00 5.576036890065971363e+01
2.401201055826469712e+02 4.058788886149195640e+00 5.565257774568986093e+01
2.400684672954558039e+02 4.046020339560320700e+00 5.559887995827782703e+01
2.401010467795696286e+02 4.066508907648888282e+00 5.562547429704698487e+01
2.401503293249061244e+02 4.114945301731860461e+00 5.560499105066441672e+01
2.401778815707547494e+02 4.156114019324887998e+00 5.561785716186323469e+01
2.401736313015651092e+02 4.122147343847841761e+00 5.566092395459520503e+01
2.402005272036741133e+02 4.133379691305574255e+00 5.573487970283593995e+01
2.402077735933400504e+02 4.181789476858561727e+00 5.573111193499003946e+01
2.402186085867500083e+02 4.156000489596952008e+00 5.574313189493533116e+01
2.402259507671239191e+02 4.143545923661901220e+00 5.571123536309112723e+01
2.401625958572292632e+02 4.124629032744456580e+00 5.570176627422041093e+01
2.401141541414403093e+02 4.104034030535949285e+00 5.564756647254265687e+01
2.400613770091657386e+02 4.091164371533130506e+00 5.561765316313334750e+01
2.400931475939680126e+02 4.100903093507696440e+00 5.563219915952523564e+01
2.401167937076148178e+02 4.098797471834870976e+00 5.564236893968556075e+01
2.401415538317170046e+02 4.143987625259654806e+00 5.563449991041795073e+01
2.401613150999859840e+02 4.198662832673146106e+00 5.560452628834067212e+01
2.401596618233229208e+02 4.187882830225161612e+00 5.556922209075637653e+01
2.401785450101023685e+02 4.200191936196293163e+00 5.554337988643479207e+01
2.401972082330339617e+02 4.245578992742967017e+00 5.553066987861188863e+01
2.402327785159181133e+02 4.267559412412701647e+00 5.561068882388523349e+01
2.402304777650253982e+02 4.261604423402024722e+00 5.562094375134151392e+01
2.402810321980951755e+02 4.309976957013033072e+00 5.574671872477733103e+01
2.403428828390946705e+02 4.332493095086468848e+00 5.579673743944341879e+01
2.403579822929102363e+02 4.338059599559362489e+00 5.583878778632995932e+01
2.403548141039400150e+02 4.349845404440785934e+00 5.584204999210613352e+01
2.403821552554507548e+02 4.341350187767526236e+00 5.585603188766233274e+01
2.404033498365349431e+02 4.367802614376766535e+00 5.583271926759134374e+01
2.404550324712760982e+02 4.372320742768245339e+00 5.590613752352637533e+01
2.404848712768014423e+02 4.404891357372070715e+00 5.594243688013212079e+01
2.404792391379545791e+02 4.400142621720720015e+00 5.592917164098351890e+01
2.404242251152592758e+02 4.306108076753191405e+00 5.587757237963631241e+01
2.402219452964101549e+02 4.176208781169675532e+00 5.566792731968729413e+01
2.399655525970812278e+02 3.994100001951292001e+00 5.539637662777682436e+01
2.397219319921451586e+02 3.835956638739536295e+00 5.518319618114377789e+01
2.396211477500714011e+02 3.788639576817939059e+00 5.511701367146270769e+01
2.396186625133707935e+02 3.783014533579077909e+00 5.517227249263387279e+01
2.396811996544439012e+02 3.812768191808475482e+00 5.523253549134424389e+01
2.397913660641904130e+02 3.883294987485121474e+00 5.534889991467531445e+01
2.398424473461539037e+02 3.921848973531608440e+00 5.539426745829999987e+01
2.398663134236485917e+02 3.972781247727187992e+00 5.539202702007524692e+01
2.399011244764771789e+02 4.032086339358095906e+00 5.546254317233989894e+01
2.399458871195201937e+02 4.060415554282288397e+00 5.546354720087133927e+01
2.399330440690473552e+02 4.058487322809363640e+00 5.550777057770666545e+01
2.399362832140975570e+02 4.093867798179621431e+00 5.547389437123156597e+01
2.399136570941001878e+02 4.068704998323662281e+00 5.543263341073458861e+01
2.398676811020898469e+02 4.022846083845251997e+00 5.539754740309616921e+01
2.398083263412029567e+02 3.971814471137727676e+00 5.529168980130523892e+01
2.398268050783266290e+02 3.975374692449741065e+00 5.533532246877489058e+01
2.398296699300550472e+02 3.992654271822098977e+00 5.532526621834249880e+01
2.398846804049463515e+02 4.068369730845849297e+00 5.536621674598965370e+01
2.399704875924424812e+02 4.157527819218099552e+00 5.540852608256804501e+01
2.400358274986739957e+02 4.202464304657024918e+00 5.547014966411165915e+01
2.401751745963042595e+02 4.272341852202033330e+00 5.556622597028004407e+01
2.402361702165402164e+02 4.301398366945819340e+00 5.565677479781952286e+01
2.403062269281871295e+02 4.344679801819668619e+00 5.566372139804764174e+01
2.403580905009321782e+02 4.348516751843527928e+00 5.574526767294214125e+01
2.403593907710974520e+02 4.385853841118693808e+00 5.579291468063555470e+01
2.404481923051679075e+02 4.452375166081574243e+00 5.587457093745398851e+01
2.405433745647287935e+02 4.525775682996616922e+00 5.598521275293624910e+01
2.406344857192019617e+02 4.537675017605977246e+00 5.610734058386210421e+01
2.407351120839978194e+02 4.564297738807121974e+00 5.621049475900654357e+01
2.408256130161832971e+02 4.602406475451856771e+00 5.634510021659343693e+01
2.409294270828713707e+02 4.619231935912468501e+00 5.640762671425454755e+01
2.409599293277443621e+02 4.638547954779689952e+00 5.648219623258693645e+01
2.410037482549239201e+02 4.674866824307424729e+00 5.648720395793014148e+01
2.409839142566729890e+02 4.735000328171869555e+00 5.647834509134708014e+01
2.410178738365420372e+02 4.777224517454309094e+00 5.648157891469127634e+01
2.409589802901748783e+02 4.743837907930938513e+00 5.642031011354746539e+01
2.407066728871496650e+02 4.579388323112701720e+00 5.617705848022720261e+01
2.404066971896070584e+02 4.410340784313030227e+00 5.589223900136413192e+01
2.402023312620071067e+02 4.253923427746310715e+00 5.567598970427279426e+01
2.401200860697250050e+02 4.189110370408476669e+00 5.559459775885221688e+01
2.401630091763950361e+02 4.228824488362316281e+00 5.564017994461877947e+01
2.402392940579604783e+02 4.282187008296539865e+00 5.572584167215097750e+01
2.403058455392573478e+02 4.302551403245176154e+00 5.579123479544249165e+01
2.403590945294636185e+02 4.316047249653645501e+00 5.583962329417148851e+01
2.404050314956299985e+02 4.356226129931226154e+00 5.587214601342134301e+01
2.404289969116366308e+02 4.395067488101552122e+00 5.591007913376817839e+01
2.404635489747733459e+02 4.385358922460969922e+00 5.594234995893416595e+01
2.404797340566123012e+02 4.402656240853318081e+00 5.598543449068612432e+01
2.404875161646819777e+02 4.434563416109513767e+00 5.604323531342187437e+01
2.405014146868442140e+02 4.412249502863964778e+00 5.606482192684782717e+01
2.404693460865061070e+02 4.385479547796902189e+00 5.601363243686239457e+01
2.404878017629038141e+02 4.440566300474164230e+00 5.605209950171092714e+01
2.404596428425715260e+02 4.438169758873501181e+00 5.601286433729681846e+01
2.404885077758994214e+02 4.497513876348387285e+00 5.600434428599557890e+01
2.405225312162404236e+02 4.523499766731887028e+00 5.598466106941455678e+01
2.405805786113540421e+02 4.551208115956425715e+00 5.603235952026594191e+01
2.406211371066594040e+02 4.561975701090417168e+00 5.608248644295397156e+01
2.406770345325502092e+02 4.566960365707636527e+00 5.613056983053914450e+01
2.407092006974982610e+02 4.609904759201673308e+00 5.615487938353357578e+01
2.407577452996031866e+02 4.616299675908105193e+00 5.617297850562948014e+01
2.407905553909768628e+02 4.638320895323817084e+00 5.619641175103640052e+01
2.408269718251145548e+02 4.654286013314908210e+00 5.623872463541879085e+01
2.408660207298187572e+02 4.652152009210099415e+00 5.630166267834367488e+01
2.408643372968217022e+02 4.599752718061338008e+00 5.634717390803027826e+01
2.408726143235490724e+02 4.618217263969034647e+00 5.630050254643632002e+01
2.409342662875246788e+02 4.660136342107644047e+00 5.634480929666559490e+01
2.409883862636124832e+02 4.700407465289172748e+00 5.639739662142625320e+01
2.410199191455468792e+02 4.746174136863634985e+00 5.639320311710059030e+01
2.410428024813341210e+02 4.761167156559269031e+00 5.638919232468082754e+01
2.410549945097733087e+02 4.794213176898828976e+00 5.639427100610399890e+01
2.410900574566857415e+02 4.818251322887415533e+00 5.642886919069269425e+01
2.411196071161852501e+02 4.826088421919042304e+00 5.648564292417101029e+01
2.411358844409281801e+02 4.866680621362392323e+00 5.645340048143700074e+01
2.410837281743532685e+02 4.862082667380957623e+00 5.645232372292360168e+01
2.408933512379174999e+02 4.750449240681249741e+00 5.626323286543711788e+01
2.406022716588999231e+02 4.586907893686505311e+00 5.599741187698344191e+01
2.403337543394077613e+02 4.388026871067481238e+00 5.577925386134117502e+01
2.402096024863010371e+02 4.311046619918435852e+00 5.571400442411158593e+01
2.402189615932478262e+02 4.274117528103042574e+00 5.572355866027825755e+01
2.402865064596641389e+02 4.305425124483572397e+00 5.582675895687467005e+01
2.403892437678387921e+02 4.370873238737052802e+00 5.590467582827918847e+01
2.404508194540284478e+02 4.422422830828288021e+00 5.596468161119970830e+01
2.405262475409283525e+02 4.462782649109767519e+00 5.606298239047485765e+01
2.406209845510875027e+02 4.506791383803210316e+00 5.613369544586139881e+01
2.407120797404426469e+02 4.537377002070143384e+00 5.620876343065550884e+01
2.408089188244706236e+02 4.573383664846051744e+00 5.632981272916596538e+01
2.408579885015672346e+02 4.583815982502231101e+00 5.632622589932396551e+01
2.408441609354849504e+02 4.551825433852081382e+00 5.632569550262626024e+01
2.408359158389935715e+02 4.619771202120167786e+00 5.632901447326641176e+01
2.408288716741554936e+02 4.680280773208403744e+00 5.628500396467097033e+01
2.408159346068767093e+02 4.650761270042875317e+00 5.625840607809780636e+01
2.408721566568333401e+02 4.702642581807925382e+00 5.628487269592304187e+01
2.409518758126688454e+02 4.739115780809573408e+00 5.639791992251596042e+01
2.410175296995542169e+02 4.767457413047758941e+00 5.641436222014478830e+01
2.410817254389963864e+02 4.807027844939678829e+00 5.649303832160488525e+01
2.411474786643937023e+02 4.816702706442280046e+00 5.655513730888423396e+01
2.412048377855317085e+02 4.848107867432755569e+00 5.661963993337224110e+01
2.412514612517716728e+02 4.950832758293435276e+00 5.666645143322411826e+01
2.412856656301165970e+02 4.967729174834007111e+00 5.676703699827399419e+01
2.413075325200584018e+02 4.980460469480902930e+00 5.676737581355580176e+01
2.413582891779560669e+02 5.003906132201820789e+00 5.677135999744557893e+01
2.413930079878807078e+02 5.004729222729361382e+00 5.682514470605556767e+01
2.414011626153701400e+02 5.056628273514401251e+00 5.683677440756108012e+01
2.414046110808562275e+02 5.038619620420449863e+00 5.677533531182536564e+01
2.414252078569667219e+02 5.078835752640009638e+00 5.677751188957815032e+01
2.414595878516095411e+02 5.087056014503422929e+00 5.682600859632908907e+01
2.414673309338352283e+02 5.123460031327109476e+00 5.682766187299216654e+01
2.415473410095985969e+02 5.082136984260167800e+00 5.687272607937502045e+01
2.415977553044104411e+02 5.094476246565282196e+00 5.692857915771585198e+01
2.416607802685332729e+02 5.099081296154712284e+00 5.698847673261442992e+01
2.416843164002561650e+02 5.130204406727346012e+00 5.700232026381470263e+01
2.416748632765034301e+02 5.135660929276300912e+00 5.696864273436349890e+01
2.414861715469667161e+02 5.014585022235861445e+00 5.679058022560485597e+01
2.411609780586061618e+02 4.869430169460858160e+00 5.644876527551358691e+01
2.408782092104539458e+02 4.712956048030170209e+00 5.621201321911769355e+01
2.407186786558789890e+02 4.624294652217643353e+00 5.610785324153981435e+01
2.406838427684224087e+02 4.646266202377383081e+00 5.613546047835041009e+01
2.407617312573949562e+02 4.671615261943238728e+00 5.614454640438934518e+01
2.408301488835947737e+02 4.727698947543943930e+00 5.623580124492442422e+01
2.409168997869543603e+02 4.763058136090213779e+00 5.628784398177138115e+01
2.409675038892801240e+02 4.790161584733089839e+00 5.634336179263440414e+01
2.410071204426240286e+02 4.823136648992689679e+00 5.636552669811203486e+01
2.410421425897904726e+02 4.868756086701234054e+00 5.639168820479343935e+01
2.410855996409622435e+02 4.856691779205966064e+00 5.649152695710172623e+01
2.411381195574469416e+02 4.883165492639193417e+00 5.651502406298061487e+01
2.411223531164797294e+02 4.867196826844104152e+00 5.650693506986512915e+01
2.411256454785898882e+02 4.864039281285865712e+00 5.650264754873352047e+01
2.411169994802467045e+02 4.882188072637738685e+00 5.647991322071420939e+01
2.411329663721398049e+02 4.870923794944024721e+00 5.646678811982353352e+01
2.411395688353801177e+02 4.896214315743912415e+00 5.647445315036125635e+01
2.411720684939039927e+02 4.906648407302090398e+00 5.653324735821644964e+01
2.412291083126821434e+02 4.937292564334990530e+00 5.655731388663701864e+01
2.412758275696300814e+02 4.988143239038616450e+00 5.660154081127633674e+01
2.413639621165489189e+02 5.056060624874717746e+00 5.671849949177708083e+01
2.414330147996643916e+02 5.094628802137196821e+00 5.681421214803567210e+01
2.415207094188874350e+02 5.131731736348493556e+00 5.688637270745340402e+01
2.416336502113604183e+02 5.205057749379577992e+00 5.701827119058980742e+01
2.416900496515169436e+02 5.232798028840099036e+00 5.707680286094914379e+01
2.416805468585082508e+02 5.233385190401770970e+00 5.703249788462186842e+01
2.416549530004665485e+02 5.199155977428871367e+00 5.701683965167660517e+01
2.416580786157887815e+02 5.227939311264809596e+00 5.698465752161055775e+01
2.416802612602864144e+02 5.229796586657773361e+00 5.703269656164575707e+01
2.416821291790913619e+02 5.269989658151345679e+00 5.704536044801668737e+01
2.416954919828499158e+02 5.313918567254833469e+00 5.705182632080308025e+01
2.417189163587468386e+02 5.330036240817840110e+00 5.712033264210285211e+01
2.417139104073056330e+02 5.349125200229187804e+00 5.711201304172749360e+01
2.417955506990060712e+02 5.367912596300704386e+00 5.718065772738319197e+01
2.418239898958542256e+02 5.367850509730739184e+00 5.720104163525381580e+01
2.418649883188553247e+02 5.404916192000056796e+00 5.717838890672646102e+01
2.418761124582911179e+02 5.387996714733497505e+00 5.719441788518951597e+01
2.417206264002738862e+02 5.283838511057617815e+00 5.700096500268745814e+01
2.414655180059922372e+02 5.104874860083479682e+00 5.676935016648070587e+01
2.412249396429844808e+02 4.920422756324404290e+00 5.655346629320116847e+01
2.410795701480676030e+02 4.825838301737181979e+00 5.642921332768050036e+01
2.410678020822061569e+02 4.817813169093660086e+00 5.640647013015119171e+01
2.411139146646704319e+02 4.838819716565939011e+00 5.649497010088180815e+01
2.412333000431058281e+02 4.920119419082573664e+00 5.664999849218330041e+01
2.413079724477541390e+02 5.012207993557187713e+00 5.668948377677926942e+01
2.413655178286020373e+02 5.054820667377409649e+00 5.670856031887662141e+01
2.414418098057754776e+02 5.069574210303177786e+00 5.678551573539768071e+01
2.414655907359741889e+02 5.110726962778214144e+00 5.682188959588738442e+01
2.414466720711547509e+02 5.107260758272148315e+00 5.679501852840638065e+01
2.414590787417358229e+02 5.145396103446868707e+00 5.675922828167435341e+01
2.414278722577692520e+02 5.075399704467926654e+00 5.681509200342718202e+01
2.414240459511573818e+02 5.039387719986021530e+00 5.678822803155416921e+01
2.414112685350585252e+02 5.041652992838757896e+00 5.678256573637332849e+01
2.414417477192054946e+02 5.031873471118214702e+00 5.680209994518642702e+01
2.414199322724216756e+02 5.078404694454250468e+00 5.677892923727535646e+01
2.414543867709484459e+02 5.173540832563164216e+00 5.673501806719185936e+01
2.414871826711061544e+02 5.219013036405790729e+00 5.677093248706381701e+01
2.415369725524143689e+02 5.258414947607804812e+00 5.678855975122798583e+01
2.415674925363073271e+02 5.265728745549723477e+00 5.683001938874885184e+01
2.416191059888705297e+02 5.266516358037283574e+00 5.690980063115433296e+01
2.416346347269698640e+02 5.277163317835342760e+00 5.693737593772894456e+01
2.416477137064085809e+02 5.302171788217387771e+00 5.698801197029069243e+01
2.416801033830085146e+02 5.312047100645878039e+00 5.699603000732621183e+01
2.417123848515864779e+02 5.331874003288814556e+00 5.699734801651148075e+01
2.417701803526162507e+02 5.367369782289007851e+00 5.705160280915120552e+01
2.418286233278756185e+02 5.391904620837316919e+00 5.715761119261205181e+01
2.418793657945573159e+02 5.409480441843509624e+00 5.722873756716436588e+01
2.419356996003398876e+02 5.448818492573558991e+00 5.730149238375176424e+01
2.419381529068045040e+02 5.465250146790390673e+00 5.730121033333392688e+01
2.419502934920857342e+02 5.468421883564620778e+00 5.732055296073113482e+01
2.419966437774178587e+02 5.526428478932253086e+00 5.733875496914297543e+01
2.420028435649044241e+02 5.554566112440552317e+00 5.727918201831021605e+01
2.419969790448956815e+02 5.588279119931740091e+00 5.729688556026033552e+01
2.419760399056993663e+02 5.549059920635624366e+00 5.722905509562218640e+01
2.417781948418477782e+02 5.321993369154327524e+00 5.711623138068114258e+01
2.415704993001956495e+02 5.155411554133280561e+00 5.694282004296390909e+01
2.413699703226195652e+02 4.986518344807523206e+00 5.678683551848494915e+01
2.412716908301684100e+02 4.901337344717053845e+00 5.669951519258366801e+01
2.412715400484984798e+02 4.915771585282999290e+00 5.667986745404263615e+01
2.413442718043598916e+02 4.952054976770753569e+00 5.673116337814801113e+01
2.413821783161767485e+02 5.021746264605865484e+00 5.673747846926448801e+01
2.414067592761770413e+02 5.045846497164417244e+00 5.677251303374493574e+01
2.414413024698037589e+02 5.064711944923891096e+00 5.681042131946378504e+01
2.415113219295086822e+02 5.116160424601182477e+00 5.684722623813924969e+01
2.415111942085647456e+02 5.124052514594779062e+00 5.685389965745952168e+01
2.414974269551504449e+02 5.132886546549848994e+00 5.684922719959413229e+01
2.414916422607316520e+02 5.148328363451232903e+00 5.677594198630902156e+01
2.414322644391187964e+02 5.102018877865073243e+00 5.673863860117184288e+01
2.414003625855685868e+02 5.095975193754445520e+00 5.673665183093294928e+01
2.414046696196221831e+02 5.076368254959386483e+00 5.671582799536656694e+01
2.414472681022264169e+02 5.070721924896536947e+00 5.669576338985576314e+01
2.414921797530373624e+02 5.107695364261905624e+00 5.676784412368354538e+01
2.415509331611465882e+02 5.178385358922461101e+00 5.679971404699775661e+01
2.416187937821187006e+02 5.198939561384992025e+00 5.684939217248003729e+01
2.416520242882661762e+02 5.188345818646903140e+00 5.689223722746213241e+01
2.416754788204970907e+02 5.268015305226447786e+00 5.695752746443770320e+01
2.416957651637577555e+02 5.301334506473855512e+00 5.697683993550092652e+01
2.417030275185417167e+02 5.319630531691646347e+00 5.702994523964529350e+01
2.417287615148413522e+02 5.306336910111063787e+00 5.709162381215087123e+01
2.417348584160119458e+02 5.366229163303644079e+00 5.707256323517150776e+01
2.417395574824073208e+02 5.383695002385898043e+00 5.708785959210897687e+01
2.417731906643085722e+02 5.413063723881510469e+00 5.708135291957660229e+01
2.417798410229028434e+02 5.445417922441456504e+00 5.711637506674306053e+01
2.417928774286935720e+02 5.473628285931715354e+00 5.711211415414143744e+01
2.418132773016821773e+02 5.453952164958694837e+00 5.716350409505276531e+01
2.418430930464815560e+02 5.471772784440751103e+00 5.722418928243889980e+01
2.417668667036820978e+02 5.389445992666689556e+00 5.707318055306716786e+01
2.415291567402067301e+02 5.225957862731915426e+00 5.682001812927843076e+01
2.413072664347585317e+02 5.057907256855687983e+00 5.658454328232182462e+01
2.411942103386556369e+02 4.969196191787188965e+00 5.648863194903934470e+01
2.411201481562949596e+02 4.948941778762490529e+00 5.646217597462610627e+01
2.411619200005676475e+02 4.928976511763631052e+00 5.648086580608767804e+01
2.412211523622165998e+02 4.954678577827289487e+00 5.651225677586216278e+01
2.412628018072513498e+02 5.010492630324145047e+00 5.656587828548823893e+01
2.413253371744224580e+02 5.013667914902373290e+00 5.664507591413605070e+01
2.413573277230726148e+02 5.070255388670797281e+00 5.669755148307076809e+01
2.413955003201893135e+02 5.095875855242501196e+00 5.667828513345951791e+01
2.413840497827856950e+02 5.114083185360341233e+00 5.668228883027128262e+01
2.413722817169242774e+02 5.112930149060985308e+00 5.670599880439005602e+01
2.413570456726547775e+02 5.110423625536383518e+00 5.668213804860136662e+01
2.413194921673357101e+02 5.112568273053186729e+00 5.662996759081048026e+01
2.412980616572856718e+02 5.105158684403321878e+00 5.663236235850914113e+01
2.412928783156445718e+02 5.112876932001015007e+00 5.665726794257524546e+01
2.413225450526760198e+02 5.136159395738022937e+00 5.668883275474563277e+01
2.413385154923731193e+02 5.141623013894974115e+00 5.671082027002336190e+01
2.413741301228072302e+02 5.247411433507944700e+00 5.671024375187368349e+01
2.414489852393614626e+02 5.289291485802575465e+00 5.671422084015546261e+01
2.415137308884233391e+02 5.334109119807567190e+00 5.676785654099753486e+01
2.415641221225092181e+02 5.358370777448029365e+00 5.679011191547711945e+01
2.415799630673603815e+02 5.336869311318026554e+00 5.686102542178954877e+01
2.416025661266317570e+02 5.313251580103205640e+00 5.682246788793906234e+01
2.416055533775981132e+02 5.275176547596451826e+00 5.685085031992322513e+01
2.416357469635232462e+02 5.299415144510926545e+00 5.685393336159750532e+01
2.416448683676021574e+02 5.314087087944739274e+00 5.688643302012137326e+01
2.416364671677348497e+02 5.333764982819759304e+00 5.686931663973292217e+01
2.416430377007391712e+02 5.296523684252539610e+00 5.692421890660228456e+01
2.416411094692662687e+02 5.297912649517765082e+00 5.693263429768558836e+01
2.415146355784428351e+02 5.201013252821834243e+00 5.682202263853731239e+01
2.412666919743351741e+02 5.010955618745886575e+00 5.660828341277457554e+01
2.410427563598821337e+02 4.892558303723952839e+00 5.634761206182403015e+01
2.408665901523604305e+02 4.795616333380046115e+00 5.617520475263823698e+01
2.407947950167545059e+02 4.704090085839117918e+00 5.612963675808766340e+01
2.407808556948462808e+02 4.694120756604680977e+00 5.611113318633599079e+01
2.408236297937484096e+02 4.751703389394549504e+00 5.617864080081032085e+01
2.408814164252681564e+02 4.807393268751474658e+00 5.621646039142921580e+01
2.409270092544467161e+02 4.864445504843639689e+00 5.620824190346780114e+01
2.409565713312602213e+02 4.888703614680103726e+00 5.621945651190554116e+01
2.409955049323345122e+02 4.922617073097179663e+00 5.623868560957481577e+01
2.410462917465661690e+02 4.911831748943197518e+00 5.629290315027255787e+01
2.410433789994837923e+02 4.934363852134625361e+00 5.628905733073870721e+01
2.410652157330916054e+02 4.911759018961238787e+00 5.636045688619886818e+01
2.410621734911633212e+02 4.854229603231339674e+00 5.637095306432701136e+01
2.410232256988730342e+02 4.818783493487118541e+00 5.632858873678664935e+01
2.410437284581776112e+02 4.807611458697352624e+00 5.634958286694493523e+01
2.410670056002086028e+02 4.826366924532886848e+00 5.636137221963035415e+01
2.410400795417656354e+02 4.870393398246320338e+00 5.641397550950900097e+01
2.410665958288468289e+02 4.888506711558212814e+00 5.643647923026844637e+01
2.411243948776806008e+02 4.933244519973249531e+00 5.654088755412618639e+01
2.411643094465603099e+02 4.976059418621359143e+00 5.656770363064521945e+01
2.412323847096743350e+02 5.022060245259690525e+00 5.657899096906492531e+01
2.412875175838035773e+02 5.061838223685493965e+00 5.656791827278710372e+01
2.413352408692829272e+02 5.104504114565687090e+00 5.658382485201222778e+01
2.413441777875539458e+02 5.089229044452210360e+00 5.659801429410230611e+01
2.413565809103310187e+02 5.087668010693080944e+00 5.663015207661837280e+01
2.413656969927039313e+02 5.070842550232470103e+00 5.664499431464409440e+01
2.414061171236533880e+02 5.091536890952922612e+00 5.673703676766672999e+01
2.414359328684527384e+02 5.121487452304210208e+00 5.676839048549923916e+01
2.414485009641157376e+02 5.146804581634082609e+00 5.676657578375424862e+01
2.414997241582391609e+02 5.147240961525839431e+00 5.681612796219459938e+01
2.414741888389634141e+02 5.164825652042027038e+00 5.677681119828854150e+01
2.412609090538184091e+02 5.141383537125108205e+00 5.655712053131912853e+01
2.410136040544304024e+02 4.965985429168980225e+00 5.629567398519501609e+01
2.407554037489644827e+02 4.820607064742101322e+00 5.606464985835392412e+01
2.406500197790072946e+02 4.738310429302022619e+00 5.594865263273665335e+01
2.406067755960754084e+02 4.692948207383334847e+00 5.591164903703730005e+01
2.406734672156302111e+02 4.717291464515751542e+00 5.598633385899962889e+01
2.407310888742640600e+02 4.751141062460863651e+00 5.604730996631359830e+01
2.407861578879213198e+02 4.749407960207830293e+00 5.613769559486916449e+01
2.407981388220226506e+02 4.727855050919856694e+00 5.611580032249538164e+01
2.407927284209256698e+02 4.772184861875120809e+00 5.609541641462475781e+01
2.407764936698307281e+02 4.777146465766352712e+00 5.605962971569672959e+01
2.407598367300600160e+02 4.796329441983647968e+00 5.604072878989727258e+01
2.408018125730625911e+02 4.795218979332267928e+00 5.604655960576801732e+01
2.408129101039683917e+02 4.810910916415511274e+00 5.606380725490439687e+01
2.407972341320031546e+02 4.771477074977515720e+00 5.603005876937322682e+01
2.407797008846449387e+02 4.767581586187689346e+00 5.605741943380596126e+01
2.407733059679384837e+02 4.766054256566541802e+00 5.604018952368957684e+01
2.408120887873428444e+02 4.753094128561773601e+00 5.608900021109433709e+01
2.408291696896913265e+02 4.766423228182335770e+00 5.609839302217909562e+01
2.408623150485428255e+02 4.804808693538916486e+00 5.613312957112371038e+01
2.408993080008301888e+02 4.844471368334785311e+00 5.614172767411291431e+01
2.409102441066540905e+02 4.829187428711313679e+00 5.617969449859773334e+01
2.409440103312052486e+02 4.857275392963640748e+00 5.618374254295947168e+01
2.409559841696985529e+02 4.884013417794720091e+00 5.623010347170360035e+01
2.409679438169758896e+02 4.898708421954520276e+00 5.620377167043029232e+01
2.409590920460008192e+02 4.905733073870600869e+00 5.618360595250554468e+01
2.409636864521782513e+02 4.894752620496728213e+00 5.619676120973020517e+01
2.409734500087808158e+02 4.885487530355898222e+00 5.617795430073670104e+01
2.409898781151936475e+02 4.934974074422284751e+00 5.618305781678785138e+01
2.409788196101318078e+02 4.958877403858946487e+00 5.618064353616720297e+01
2.410049456387732505e+02 5.020492115892565721e+00 5.617430183652074049e+01
2.410196761209730312e+02 5.057302356274025357e+00 5.620962909483102976e+01
2.410517518169191362e+02 5.060062547784484721e+00 5.623642388452607577e+01
2.410815711095224856e+02 5.070509056656655744e+00 5.627902414103230200e+01
2.410973677068236611e+02 5.050820518369642187e+00 5.634609714951687920e+01
2.410931316288500454e+02 5.009172847236881942e+00 5.631601354551566629e+01
2.408676846498938460e+02 4.853599868021690966e+00 5.612170032054409319e+01
2.405918712714797323e+02 4.639956432966904742e+00 5.585878498356479582e+01
2.403220217515863055e+02 4.461672186458386591e+00 5.558665245179864911e+01
2.402072219098183723e+02 4.415130319710357298e+00 5.541781423343486068e+01
2.401537973033141782e+02 4.402771544483253585e+00 5.537999286891396622e+01
2.401917588060929916e+02 4.444369546360041667e+00 5.539930888778118856e+01
2.402078321321060344e+02 4.519513808940111232e+00 5.543505656086524169e+01
2.402282763526446274e+02 4.516773130351640297e+00 5.544710845104651042e+01
2.401934032132460857e+02 4.501510477552157496e+00 5.543948954196076784e+01
2.402221563907480402e+02 4.479008530694713386e+00 5.546164380402640148e+01
2.402609427579563999e+02 4.503623194832978349e+00 5.551236498388409757e+01
2.402911966565495163e+02 4.514083894921141038e+00 5.547552636107065638e+01
2.402864993640561408e+02 4.553460971495169041e+00 5.551557042479630866e+01
2.402537886111943806e+02 4.530449914764009378e+00 5.548412091625586129e+01
2.402219506181161535e+02 4.520331577761655062e+00 5.551241820094406876e+01
2.402187983942638994e+02 4.524351239691411841e+00 5.550336597904312441e+01
2.402372505228576074e+02 4.495615801209446261e+00 5.550354514314501841e+01
2.402654466951318852e+02 4.542225076233438408e+00 5.552642315722625455e+01
2.402866856237660329e+02 4.559664306785707666e+00 5.552388470346567573e+01
2.403564389981711145e+02 4.621225801759355711e+00 5.556967088796212551e+01
2.404277445368253154e+02 4.685203351255656123e+00 5.560898942577018289e+01
2.404932068422947964e+02 4.710392759641600868e+00 5.562407646227176627e+01
2.405572447044590660e+02 4.774121962858039581e+00 5.568010160910650086e+01
2.406109389440671009e+02 4.744409104374620156e+00 5.580801413445112757e+01
2.406240463059377817e+02 4.733398494666763767e+00 5.590876112458290947e+01
2.406535250093573381e+02 4.744276061724693960e+00 5.593100408174849747e+01
2.406950378639381825e+02 4.768631736171103697e+00 5.596905782743126423e+01
2.407240748657599738e+02 4.789836960667271271e+00 5.600405868777373541e+01
2.407410475600864856e+02 4.793368799547300441e+00 5.599863409546076554e+01
2.407985627846003922e+02 4.831908594377795296e+00 5.604657734478801245e+01
2.408268866778186066e+02 4.885515912787882442e+00 5.608628259323185716e+01
2.408683640543594606e+02 4.922700446491132809e+00 5.609669894577004357e+01
2.408837455585928637e+02 4.905931750894490406e+00 5.613604231820608703e+01
2.409266793086749203e+02 4.946052092406103107e+00 5.615358975678029907e+01
2.409469780692495817e+02 4.964766758495660071e+00 5.616647005919511315e+01
2.409846309130805651e+02 4.985226944152243433e+00 5.623256387377622900e+01
2.410125414871330065e+02 5.001137071181365634e+00 5.627002868399532076e+01
2.410512409331434185e+02 5.041367394616917075e+00 5.633742276874171750e+01
2.410152732962114897e+02 4.980506590932876954e+00 5.627048280290706828e+01
2.407485032701883370e+02 4.819274864340844289e+00 5.598506729297233164e+01
2.404228840453480416e+02 4.604959120428432584e+00 5.563647248944084822e+01
2.401648717734940135e+02 4.432975773820399645e+00 5.541980100367375428e+01
2.400056356866508622e+02 4.316167874989578657e+00 5.523907941581859404e+01
2.399685274307335590e+02 4.289832525912273375e+00 5.524458560762352022e+01
2.400392014602761321e+02 4.299204050173043967e+00 5.531939460272577946e+01
2.401066984313384580e+02 4.328191382738869386e+00 5.534413166610197266e+01
2.401296669144216480e+02 4.300341121354409601e+00 5.541437463745877778e+01
2.401258760858497681e+02 4.344591106719717821e+00 5.538671418358821086e+01
2.401141151155963200e+02 4.331638074322945897e+00 5.538789915012355181e+01
2.401440160076916470e+02 4.357421739878558853e+00 5.540863429058997980e+01
2.401615066814018746e+02 4.397762045238049033e+00 5.544483963038977947e+01
2.401966139758642953e+02 4.410647669358858991e+00 5.547257281424230513e+01
2.401899441043480010e+02 4.415706837860035705e+00 5.546544704991227803e+01
2.401859847550862241e+02 4.458589144784107283e+00 5.541736188842511268e+01
2.401807038488351793e+02 4.458175825618337917e+00 5.544845129485976543e+01
2.401752331350702150e+02 4.464609768168747550e+00 5.548056424274784604e+01
2.402097426245589702e+02 4.480658259553792711e+00 5.551085716718494467e+01
2.402464322396045020e+02 4.525415580890817857e+00 5.553106900656166545e+01
2.402835422694237764e+02 4.559417734407844591e+00 5.555793475233667067e+01
2.403150148386902174e+02 4.546218129633210481e+00 5.566065077368735814e+01
2.403888872135370036e+02 4.529758092984394580e+00 5.579896013864818372e+01
2.403997080157309654e+02 4.554172306196772269e+00 5.577470912441971507e+01
2.404336995258360048e+02 4.573474133848001166e+00 5.578603371478139650e+01
2.404495209577651735e+02 4.606816395821396348e+00 5.577609808968493610e+01
2.404510092615423389e+02 4.642088663169714913e+00 5.575318814536772294e+01
2.404434488912225447e+02 4.628117411025510108e+00 5.574443216510060495e+01
2.404756948817605746e+02 4.654688689068684049e+00 5.579574937602997409e+01
2.404918391638535411e+02 4.673004227208463313e+00 5.577111519896971714e+01
2.404792692942885708e+02 4.681719407729600491e+00 5.578930124226356924e+01
2.405411341265040335e+02 4.684181583704226881e+00 5.586144051485731410e+01
2.406015975761403070e+02 4.702626616689934202e+00 5.591374046749412940e+01
2.406121434235244294e+02 4.695993997115635032e+00 5.592176382623565445e+01
2.406144282092991489e+02 4.694179295370648042e+00 5.592733033070854987e+01
2.406458298224856378e+02 4.720926189711723175e+00 5.594865263273665335e+01
2.406513395620945630e+02 4.769013125100890704e+00 5.589791193995696261e+01
2.406815278263136975e+02 4.779819736078860792e+00 5.589613803795795377e+01
2.406859643552132297e+02 4.771086816537733810e+00 5.587865268595371049e+01
2.406853700980435633e+02 4.787811164584401702e+00 5.588043723136471641e+01
2.407052910174924421e+02 4.799183650300055781e+00 5.588482231710626991e+01
2.406225686455726134e+02 4.780578966134436669e+00 5.578541284908173736e+01
2.403227863033478968e+02 4.603932031171005690e+00 5.550004346059897387e+01
2.400043300947795899e+02 4.417917119750802257e+00 5.520950492169109936e+01
2.397785797785815589e+02 4.278362475586673597e+00 5.503376977235515710e+01
2.397347519818920034e+02 4.182142483356364515e+00 5.503050579267697628e+01
2.397680960177673910e+02 4.157942912285867543e+00 5.510797386687575283e+01
2.398417839068062847e+02 4.142321931282584302e+00 5.526714077154093729e+01
2.399179534847417870e+02 4.196668966826258895e+00 5.530484505852989940e+01
2.399705798353464274e+02 4.236918803183799653e+00 5.533659258260617975e+01
2.399762545478412505e+02 4.211058859842228941e+00 5.531034770253082655e+01
2.399756815774955783e+02 4.270802105266892745e+00 5.532449102316893175e+01
2.399734198524468241e+02 4.300073262152559472e+00 5.532204658621429871e+01
2.400015911900931087e+02 4.331453588515048914e+00 5.533811104271733683e+01
2.400292516439636756e+02 4.389006064970934595e+00 5.532586402331617137e+01
2.400003920323417788e+02 4.374807753370856922e+00 5.535069332959631083e+01
2.400049367692632529e+02 4.412719586893702584e+00 5.532993335450189676e+01
2.400031185197142634e+02 4.414078395824944323e+00 5.530538432473759514e+01
2.400002057726318867e+02 4.404346769458374666e+00 5.525247947151911632e+01
2.400114718242276126e+02 4.435475201737005158e+00 5.526716028446292484e+01
2.400739628438487330e+02 4.461358205804562438e+00 5.534641999968069825e+01
2.401206590400706773e+02 4.479359763290517549e+00 5.538075919457753571e+01
2.402031756393586193e+02 4.478797436356830808e+00 5.541495470341245522e+01
2.402403016342959177e+02 4.471579429122858329e+00 5.549441841736011582e+01
2.402979321624397642e+02 4.506163422495561122e+00 5.555813165545855981e+01
2.403122741601017651e+02 4.583597792556352246e+00 5.557344397751401743e+01
2.403064025444850245e+02 4.611896851146561893e+00 5.553522348504334616e+01
2.403369420412999773e+02 4.671395298095361248e+00 5.552137995384307345e+01
2.403573028884446217e+02 4.666692683895985461e+00 5.551549237310835849e+01
2.403514436901419060e+02 4.706472436223788414e+00 5.553623815698677646e+01
2.403637350570930380e+02 4.702649677415921659e+00 5.556952188019420902e+01
2.404022677563155241e+02 4.716207610394356209e+00 5.562180586771303581e+01
2.404254224991086062e+02 4.711068616303223600e+00 5.564954437327155290e+01
2.404573864392287703e+02 4.745601166517954717e+00 5.571846223983509816e+01
2.404657237786241240e+02 4.738879851843704749e+00 5.573711127155069534e+01
2.404884173068974746e+02 4.719650754174434582e+00 5.575373095937941770e+01
2.405285890915670564e+02 4.699774182275525902e+00 5.579868518383833020e+01
2.405614098263527296e+02 4.748824346450155609e+00 5.584201096626215843e+01
2.406152193695907044e+02 4.769903623904394152e+00 5.584589403773799177e+01
2.407026230688859414e+02 4.812291012170741844e+00 5.592645757092503800e+01
2.407435611792190855e+02 4.806043329330227820e+00 5.597308635887101502e+01
2.405930207599751043e+02 4.717844921939442493e+00 5.581782203860365854e+01
2.403183710612723587e+02 4.564874256956800380e+00 5.553447844620376372e+01
2.399995157247542750e+02 4.376831775551727866e+00 5.528961610986839759e+01
2.398107335262156141e+02 4.263963713060708649e+00 5.512566676541387523e+01
2.397458566084058020e+02 4.226981404185344182e+00 5.508640144466578903e+01
2.397741077716420364e+02 4.197876994087584634e+00 5.508059723732502988e+01
2.398986552048945384e+02 4.271956915468248184e+00 5.511392885588642798e+01
2.400036187600779840e+02 4.318706328750161916e+00 5.518267642785806970e+01
2.400459777659123404e+02 4.355250483831770048e+00 5.524019520017596818e+01
2.400759425184796214e+02 4.403140516099047552e+00 5.525832270470385765e+01
2.401157080795914283e+02 4.425928061178332484e+00 5.534881121957536010e+01
2.401608361464462575e+02 4.468354475288657923e+00 5.541720223724519911e+01
2.401999897113684028e+02 4.465743291546115046e+00 5.543823361934546767e+01
2.401982193571734001e+02 4.473009194134061062e+00 5.542368230124758810e+01
2.401611501271000861e+02 4.485838053390902580e+00 5.542739507813151079e+01
2.401535950784862905e+02 4.488506001997413897e+00 5.539235873974906355e+01
2.401537955294121787e+02 4.468127415832785054e+00 5.540664219864509477e+01
2.401911024623533706e+02 4.486487301522539717e+00 5.541607580947582790e+01
2.402435053013061292e+02 4.534854513427551304e+00 5.545344660288897387e+01
2.402817257937767863e+02 4.550789475084659585e+00 5.552658990401416617e+01
2.403511917960580320e+02 4.624991795703254915e+00 5.558995013561480647e+01
2.404173991403670811e+02 4.673784744088028020e+00 5.566830870861708291e+01
2.404855222988350647e+02 4.697634856464719455e+00 5.572340255690234301e+01
2.405520294325819748e+02 4.740520711192789172e+00 5.577047659425007708e+01
2.406047568956005591e+02 4.780743939020345223e+00 5.580777465768126433e+01
2.406899432173970013e+02 4.811091854419411007e+00 5.588545382621791902e+01
2.407185846390730433e+02 4.823918939774253012e+00 5.589313304797163084e+01
2.407624301747825655e+02 4.835687005635686653e+00 5.592771349354033816e+01
2.407940446562089107e+02 4.854513427551181870e+00 5.595681967754009634e+01
2.408249034553836907e+02 4.891084191162774708e+00 5.599570715716239278e+01
2.408257247720092380e+02 4.927681563304354029e+00 5.599632802286205191e+01
2.408156525564588719e+02 4.939660723503669360e+00 5.602262434609537678e+01
2.408265957578907717e+02 4.945842771970220042e+00 5.607909829013586034e+01
2.408612170032054394e+02 4.978489664360003175e+00 5.606899414434950302e+01
2.408749718393057719e+02 5.006542150572349748e+00 5.612331457136318846e+01
2.408953096257244226e+02 5.001522007915150780e+00 5.606088563831202265e+01
2.408979332267809639e+02 5.055578123530987789e+00 5.606041732818428613e+01
2.409513063901271721e+02 5.048225299745090489e+00 5.608712342277938490e+01
2.409741968215224119e+02 5.039701700639846571e+00 5.605123561143741284e+01
2.408807263773905447e+02 4.996077902680188920e+00 5.596421152716997227e+01
2.405620626222883800e+02 4.805351507550613910e+00 5.565591268144800097e+01
2.402807944952273260e+02 4.610328721779436201e+00 5.540616679290936020e+01
2.400346318887266648e+02 4.442693208970976748e+00 5.522266372671975176e+01
2.399496194093261181e+02 4.407802330552446080e+00 5.514186603846884083e+01
2.399418408490604406e+02 4.376966592103652687e+00 5.516270406525121217e+01
2.400220549235536964e+02 4.441854153325444976e+00 5.522225750316197690e+01
2.401038158405900731e+02 4.495097821825735807e+00 5.529577332370696041e+01
2.401721873453379317e+02 4.548437281033971935e+00 5.539996168371682472e+01
2.401911219752753652e+02 4.572367219000619265e+00 5.538109446205535136e+01
2.402017245875234437e+02 4.569172421500401704e+00 5.538823973930735889e+01
2.402211062407646125e+02 4.590909816596272286e+00 5.539968495500497880e+01
2.401906643085596045e+02 4.563854263307369763e+00 5.535358833765869946e+01
2.402052014354414951e+02 4.546328111557149221e+00 5.541711886385125041e+01
2.402319642949005640e+02 4.547312627166599341e+00 5.542781549290528176e+01
2.402532174147507078e+02 4.548808026551765415e+00 5.539097154838583492e+01
2.402371494104436636e+02 4.544683704404066660e+00 5.542340734643774169e+01
2.402871929597377516e+02 4.583244786058549458e+00 5.545972444206347518e+01
2.403553586918537235e+02 4.611270663740911324e+00 5.554342955569076423e+01
2.404215837751827678e+02 4.639997232712881114e+00 5.557887034372898682e+01
2.404647711932506695e+02 4.731232560325972614e+00 5.566385266679557020e+01
2.405132998302375711e+02 4.817240198747979818e+00 5.572155592492136833e+01
2.405745313794394065e+02 4.839408652029609570e+00 5.576062256864557298e+01
2.406247008757754031e+02 4.895190774290483660e+00 5.579374664067309197e+01
2.406626677002602435e+02 4.907540680007592471e+00 5.584655392928162598e+01
2.406912576787782712e+02 4.902273964972531317e+00 5.586022184418399661e+01
2.407189660280028249e+02 4.904587133179240332e+00 5.588054366548465879e+01
2.407484429575203819e+02 4.915218127859308339e+00 5.591844662949750955e+01
2.408009983520450419e+02 4.958011739683429120e+00 5.594893468315449780e+01
2.407883788132240852e+02 4.973201662500953191e+00 5.592796006591819946e+01
2.407932836522513469e+02 4.953289612562064015e+00 5.596913587911922150e+01
2.408274011093983233e+02 4.938676207894218351e+00 5.597429083832834351e+01
2.408632126429543234e+02 4.945489765472416366e+00 5.598801729199668387e+01
2.408972573701193198e+02 4.935309341900097735e+00 5.595217560210668495e+01
2.409467314968717346e+02 4.971337291499994038e+00 5.599099212564902928e+01
2.409607275836439158e+02 5.006595367632320048e+00 5.606801672434804829e+01
2.409503502569497186e+02 4.997262869215527203e+00 5.604830157753104913e+01
2.407361870686092118e+02 4.852819351142127147e+00 5.588200536073183855e+01
2.404458188242932408e+02 4.672613968768681403e+00 5.562622820539656487e+01
2.402653668695419356e+02 4.568372391698848567e+00 5.545350514165494360e+01
2.401614836206758810e+02 4.531547960101396377e+00 5.535915129432759585e+01
2.401024499360508457e+02 4.523359628473965444e+00 5.528276352644621738e+01
2.401271337823670535e+02 4.558115690340571291e+00 5.531671246290327559e+01
2.401831110338478368e+02 4.585728248857163791e+00 5.539151081459353776e+01
2.402273184455651460e+02 4.646131385825458260e+00 5.546127838021460832e+01
2.403176065095107674e+02 4.657287455497233886e+00 5.554166629710375247e+01
2.403870867030080092e+02 4.654857209758589853e+00 5.561078993629917733e+01
2.404029116827411769e+02 4.636603758188774904e+00 5.564805429559238803e+01
2.403946169169938116e+02 4.661849931438688088e+00 5.565142293548850461e+01
2.403441086053759932e+02 4.608196491576626030e+00 5.559888882778781749e+01
2.403125739495395976e+02 4.624734579913398314e+00 5.554556355979557480e+01
2.402274568099210796e+02 4.602947515561555569e+00 5.546552864940423433e+01
2.401901871289218775e+02 4.577846802275561622e+00 5.541116564874256767e+01
2.401707203283847321e+02 4.583537479888385668e+00 5.542819333403107152e+01
2.401730317226894442e+02 4.574602335519371898e+00 5.543027412107590379e+01
2.401827775402720135e+02 4.589951909516806872e+00 5.543884916333912116e+01
2.402475923715118427e+02 4.608648836586374031e+00 5.550799941106453872e+01
2.403153146281280499e+02 4.608386299090520666e+00 5.554723102767464837e+01
2.404182080396786318e+02 4.637547474052248653e+00 5.563888322225750471e+01
2.404879543184757154e+02 4.686081432745166531e+00 5.573642654537907504e+01
2.405186073450186086e+02 4.742459586077707456e+00 5.568561667042142460e+01
2.405063142041654771e+02 4.721699610983291606e+00 5.567264235120066473e+01
2.405366851802905330e+02 4.730439626132414865e+00 5.567843591512943391e+01
2.405196663645120339e+02 4.721853940457205745e+00 5.563293178105082148e+01
2.404911774984079216e+02 4.713591104945816568e+00 5.560299363701352604e+01
2.404602672560751842e+02 4.731010822576095620e+00 5.562751073654185063e+01
2.404837164666001001e+02 4.775581884203225158e+00 5.565786574754891092e+01
2.404761756092023006e+02 4.785263841313822653e+00 5.566569042926654731e+01
2.403987288218275182e+02 4.720035690908219728e+00 5.559490641780003983e+01
2.401642296209703602e+02 4.585815170055115075e+00 5.537244136810417672e+01
2.399328205573954733e+02 4.438194593501487262e+00 5.514221904496664450e+01
2.397681510087293759e+02 4.361774895384129991e+00 5.496078612240987837e+01
2.397238779626380847e+02 4.294902337825444505e+00 5.493085507398058098e+01
2.397267286231504784e+02 4.321929508682363696e+00 5.497538001415573916e+01
2.398302783784407097e+02 4.375130603534676865e+00 5.507068467295455605e+01
2.399213203507358969e+02 4.425669071486476369e+00 5.514317517814410508e+01
2.399912049938889140e+02 4.387358110013853896e+00 5.520778423675205460e+01
2.400451599970907921e+02 4.385044941807144880e+00 5.529506198900535452e+01
2.400963760956062174e+02 4.413398991359323453e+00 5.535413647337639276e+01
2.401149506234378634e+02 4.457044076142969047e+00 5.536011984481905301e+01
2.401167883859088192e+02 4.493093312566854181e+00 5.537198015358443826e+01
2.401090843295271213e+02 4.504558041186456308e+00 5.537556343562243910e+01
2.400322193820080088e+02 4.520854878851363168e+00 5.529477639078351814e+01
2.400174356827482711e+02 4.491690156085637042e+00 5.525742156248836068e+01
2.399666506424186139e+02 4.486719682684410238e+00 5.522234087655593271e+01
2.399486118329906787e+02 4.466456400149716899e+00 5.519616340475653971e+01
2.400121636460072239e+02 4.475471370108686564e+00 5.521741652460668348e+01
2.400753358439959584e+02 4.509170186383882672e+00 5.526559215509580270e+01
2.401214714871862270e+02 4.514447544830938241e+00 5.532182839626842252e+01
2.401417507348388938e+02 4.574451553849455898e+00 5.535104456219211500e+01
2.401984783468652438e+02 4.611928781382543363e+00 5.541194793952413278e+01
2.402733742631654650e+02 4.669600109272363575e+00 5.542617818136019281e+01
2.402952234140872747e+02 4.693609872828965912e+00 5.545209311566372890e+01
2.403179470986945887e+02 4.675404316613124500e+00 5.544715457249849067e+01
2.403139487235888225e+02 4.700301031169232147e+00 5.544963271359110735e+01
2.403342421624574854e+02 4.735789714561429165e+00 5.545185541279586516e+01
2.403625518644597037e+02 4.754034296621249212e+00 5.549444147808610239e+01
2.403949628278836030e+02 4.779933265806797671e+00 5.551043675241117370e+01
2.403792602473883733e+02 4.793418468803272603e+00 5.550890410108403472e+01
2.403883426256232951e+02 4.798940625726190845e+00 5.553042508013601974e+01
2.402063296371128729e+02 4.694037383210726944e+00 5.534357643477628130e+01
2.399369874531911648e+02 4.507724456254689649e+00 5.506278903515696044e+01
2.397301682191265684e+02 4.378178167168976564e+00 5.487707213927259176e+01
2.395979255990023660e+02 4.291939921487097465e+00 5.477062028031199503e+01
2.395513234195863674e+02 4.266498619017293770e+00 5.475974626105806209e+01
2.395540978023128105e+02 4.270408299023111809e+00 5.476717713653191311e+01
2.396257811820928225e+02 4.294964424395409708e+00 5.484580889044203644e+01
2.396835820048285655e+02 4.303817969272469846e+00 5.489943926957811016e+01
2.397294497888169644e+02 4.337312786817779653e+00 5.496829150176769474e+01
2.397428551662234781e+02 4.341516934555433416e+00 5.497550241339367005e+01
2.397668755731920953e+02 4.339893814226339686e+00 5.498800310078069487e+01
2.397931683486214069e+02 4.338864951066913278e+00 5.501072501148601646e+01
2.398395718510135168e+02 4.356062930947317113e+00 5.502794959989640233e+01
2.398041860539372578e+02 4.332113480058680466e+00 5.501742681323827355e+01
2.398019402940065277e+02 4.351853461503665699e+00 5.502664223412313049e+01
2.398092452224384488e+02 4.368295759132490907e+00 5.505144670577529098e+01
2.398259837617011101e+02 4.346288730932770683e+00 5.505269198497860117e+01
2.398386441002680272e+02 4.349909264912750650e+00 5.501002609409840716e+01
2.398516006804688061e+02 4.344248743633909449e+00 5.503899036593824690e+01
2.398719384668874568e+02 4.323948209157236988e+00 5.508825162445075563e+01
2.399378974649166594e+02 4.361799730012116072e+00 5.513545160884041962e+01
2.399546271346693231e+02 4.451342755118150585e+00 5.511653649182497361e+01
2.399840827773628860e+02 4.473651346657702810e+00 5.512364983884100411e+01
2.400280205559763544e+02 4.504689309934382990e+00 5.514229000104660372e+01
2.400747575519442876e+02 4.584087389508079369e+00 5.514971910261845522e+01
2.400964825297261598e+02 4.598684829057933854e+00 5.518282720952798570e+01
2.401069166212843413e+02 4.587463125012195775e+00 5.520293261478476410e+01
2.401130702873189193e+02 4.602253919879942146e+00 5.523642743233007479e+01
2.400976710440654927e+02 4.599566458351441511e+00 5.521806045103232208e+01
2.401035692682121976e+02 4.569184838814394745e+00 5.522358438185724339e+01
2.401079561278557719e+02 4.545166205747797505e+00 5.523404330804340390e+01
2.400957303952785935e+02 4.556308084203579689e+00 5.522225395535798498e+01
2.400634453788966027e+02 4.537433766934111823e+00 5.519563655586283346e+01
2.399658949601670201e+02 4.467148221929331697e+00 5.510602612248083432e+01
2.397218521665552089e+02 4.335058157377037702e+00 5.486801459566564887e+01
2.394468583308646430e+02 4.160632147716367690e+00 5.465217861774008412e+01
2.392451124565172336e+02 4.088482231710626635e+00 5.448179710463715963e+01
2.391618721052136891e+02 4.046101939052275220e+00 5.442517237892675297e+01
2.391659946534593644e+02 4.052661828644614772e+00 5.440091781689428529e+01
2.392168772583989949e+02 4.097882138403381447e+00 5.443107947258345547e+01
2.392876399830414869e+02 4.088134546918820611e+00 5.452645863526623771e+01
2.393439720149220591e+02 4.090396271967558839e+00 5.457604274394256549e+01
2.393464235474847044e+02 4.052496855758707106e+00 5.458265585059487535e+01
2.393762871876380416e+02 4.041001970805121246e+00 5.463191001349939313e+01
2.393900242847183790e+02 4.044223376835323513e+00 5.465824891038069921e+01
2.393953495385193833e+02 4.066961252658635395e+00 5.465989509143577862e+01
2.394067486327650442e+02 4.071555658836071956e+00 5.465411394482100604e+01
2.394205620076313323e+02 4.046188860250226504e+00 5.464830441577424835e+01
2.394098245788313193e+02 4.067984794112064151e+00 5.461530806469065880e+01
2.394132890094353741e+02 4.076032987481573500e+00 5.461222324911437909e+01
2.394097394315353711e+02 4.069318768415319809e+00 5.461945899536834048e+01
2.394248708155869281e+02 4.142591564386433944e+00 5.466818098767315348e+01
2.394902710344864261e+02 4.225221693402326117e+00 5.474688369766323603e+01
2.395003290588208245e+02 4.238270516507045116e+00 5.475099382859494312e+01
2.395577076928807969e+02 4.299594308612826765e+00 5.477874829927145583e+01
2.395720425949347998e+02 4.344596428425715473e+00 5.482636692453288418e+01
2.395918038632037792e+02 4.338588222355067359e+00 5.480139747999481870e+01
2.396189747201226226e+02 4.345275832891336343e+00 5.483872747366199008e+01
2.396305458828621511e+02 4.401061502956207683e+00 5.480956984650426023e+01
2.396407227586304884e+02 4.407459967466637707e+00 5.482935062769522006e+01
2.396590010448282726e+02 4.399367426547152959e+00 5.483591761289555677e+01
2.396904984487227068e+02 4.416487354739600413e+00 5.483305808287315131e+01
2.397498159576676073e+02 4.425245108908713476e+00 5.487675461081477124e+01
2.397591644212023994e+02 4.463132107803572168e+00 5.488846768571423240e+01
2.397633401865080600e+02 4.435675652662893320e+00 5.488395665293074899e+01
2.397743082225679245e+02 4.431161072075411766e+00 5.495744409104374739e+01
2.398016103482347035e+02 4.471121762407114453e+00 5.500638782109843561e+01
2.398292956367332636e+02 4.488560992959382823e+00 5.507308298845722305e+01
2.398356373363797047e+02 4.504501276322487868e+00 5.506363341250849430e+01
2.398812940260302469e+02 4.511180017348761950e+00 5.506941278522126737e+01
2.398293186974592288e+02 4.486460692992555011e+00 5.502417296254051138e+01
2.396252632027091067e+02 4.350805085422250862e+00 5.483131611111012660e+01
2.392702238132152104e+02 4.145449320506839008e+00 5.450614213567157407e+01
2.389797047872293376e+02 3.962494390034928315e+00 5.425526981936356208e+01
2.388600533234940997e+02 3.891832777806357502e+00 5.414867072653704128e+01
2.388636951442980489e+02 3.879619462543172137e+00 5.419083282924951561e+01
2.389480122541150138e+02 3.896641826125673891e+00 5.429288008954657130e+01
2.390717578836639632e+02 3.978312274160101580e+00 5.440826177117018858e+01
2.391763666584475914e+02 4.020408742498611687e+00 5.447873889759086552e+01
2.392113249451420813e+02 4.027598367300599946e+00 5.451302487542773179e+01
2.392354429167206149e+02 4.029024584507804541e+00 5.457389809642576495e+01
2.392450397265352819e+02 4.039027617880222465e+00 5.455793830014066970e+01
2.392654874948778456e+02 4.044145325147367132e+00 5.455625486714360761e+01
2.392948189644314994e+02 4.050939369803575829e+00 5.459698897874687873e+01
2.393156410260958751e+02 4.073872374846779110e+00 5.459362743445875310e+01
2.392929421761165258e+02 4.032859760629664336e+00 5.454494092019392326e+01
2.392668161474751116e+02 4.033814119905131612e+00 5.450076011700657830e+01
2.392622891495736326e+02 4.027605462908596223e+00 5.447212579093855567e+01
2.393066916905108599e+02 4.092010522786658555e+00 5.449529295104562721e+01
2.393528521683291217e+02 4.080416299321127482e+00 5.454271467318516642e+01
2.393296530779860518e+02 4.181356644770803044e+00 5.455627260616360275e+01
2.393579787451062373e+02 4.242350491104768473e+00 5.458025043948421740e+01
2.394006073840444628e+02 4.268786952596016704e+00 5.461685490723379388e+01
2.394077384700804885e+02 4.280423749709523662e+00 5.459213735677958823e+01
2.394377138660597666e+02 4.279485355552047565e+00 5.465259371080784945e+01
2.394025728674593552e+02 4.234000734395428012e+00 5.465003397022328357e+01
2.394112915957844905e+02 4.191728649759015823e+00 5.465108412020669704e+01
2.394507112460065059e+02 4.153311254166452748e+00 5.467176959141715287e+01
2.394703217326055551e+02 4.178097986798621655e+00 5.466660753660003280e+01
2.394679127736908981e+02 4.182004119000441555e+00 5.466809051867120672e+01
2.394555344855418184e+02 4.225665168902079216e+00 5.465643066083170964e+01
2.394992842305433953e+02 4.247264199642026838e+00 5.474844650532436674e+01
2.395201807960917506e+02 4.296945872928303878e+00 5.474359310945507673e+01
2.395199253542038775e+02 4.306684594902869812e+00 5.476489944636518459e+01
2.395422002416054568e+02 4.312256421081761104e+00 5.478088939898426446e+01
2.395356882473670908e+02 4.324732273840799834e+00 5.474560826212594833e+01
2.395591764837359676e+02 4.341990566389169359e+00 5.480057438946727899e+01
2.395971982991827645e+02 4.358404481586010348e+00 5.484028495961712224e+01
2.396439991556226516e+02 4.340626435751930856e+00 5.490556632708269547e+01
2.395862284892208720e+02 4.312526054185610747e+00 5.486808732564760760e+01
2.393290268905803941e+02 4.170115427803075647e+00 5.460859561952640462e+01
