2.484577787291455877e+02 2.741147954991653979e+00 6.652939726524999742e+01
2.484874808645338646e+02 2.761645606842929368e+00 6.656975472008164729e+01
2.484805856101294808e+02 2.737413836347439400e+00 6.654073367755550805e+01
2.484047983532688022e+02 2.591376715705352662e+00 6.635808835612292000e+01
2.483032355154251434e+02 2.409963848023317201e+00 6.612880871452911435e+01
2.483002278958338707e+02 2.314377329770028524e+00 6.610326016450014208e+01
2.483370761007757892e+02 2.309629139531061970e+00 6.606518383020679153e+01
2.483970922740285232e+02 2.333707393857623380e+00 6.610444721205988117e+01
2.484843564861662344e+02 2.374527559395621878e+00 6.617211108516471540e+01
2.484789704470563834e+02 2.437497297250546868e+00 6.621028688063793766e+01
2.484323534244916800e+02 2.444336334466326033e+00 6.609945901766948850e+01
2.484297890558106872e+02 2.467050240869031352e+00 6.611832204665161328e+01
2.484552078738659304e+02 2.461357169421308999e+00 6.615955086790690132e+01
2.484547797583525721e+02 2.428178217136728989e+00 6.612105939129757814e+01
2.483918381290919513e+02 2.371801025747472202e+00 6.606117943661728020e+01
2.484113173849493705e+02 2.375009729898030830e+00 6.608624581614384397e+01
2.483810011848853492e+02 2.362866817155756305e+00 6.606101943384966546e+01
2.484120784791953156e+02 2.406225404979978055e+00 6.606277297769474899e+01
2.485279896733349005e+02 2.517864092784307672e+00 6.619887695354729829e+01
2.486027844805964264e+02 2.554491753370869311e+00 6.630398796087283131e+01
2.486318984977037303e+02 2.568539563927592084e+00 6.633284251403267717e+01
2.486536610362990132e+02 2.620043157503264997e+00 6.639366302552259924e+01
2.487105355335876027e+02 2.569836883665014948e+00 6.648805384741790192e+01
2.487171021336585284e+02 2.587590704271641506e+00 6.650255571988272152e+01
2.487598055750153492e+02 2.543935895107374723e+00 6.658498092939986179e+01
2.487756912552000870e+02 2.525204760298556561e+00 6.662945088779913760e+01
2.488350241733911048e+02 2.570684465893464221e+00 6.670215917248297899e+01
2.488326046720808051e+02 2.619355578042430910e+00 6.675131894173304659e+01
2.487590704271641471e+02 2.635217474031983365e+00 6.661853394220872815e+01
2.486813674614912202e+02 2.670450515900815613e+00 6.652659073021803238e+01
2.486984272160383398e+02 2.721513020765764512e+00 6.653722010326664815e+01
2.487088252337337622e+02 2.704213262067235668e+00 6.657317748198887841e+01
2.486901308563175235e+02 2.706051131695251133e+00 6.655319010923432188e+01
2.486841718343236209e+02 2.681996661563875506e+00 6.651241534988713511e+01
2.487074803456059726e+02 2.667332624131876884e+00 6.656105402904266555e+01
2.487099128201136580e+02 2.696053120918848300e+00 6.652563503801147249e+01
2.487165269885749410e+02 2.694176331698710403e+00 6.649342907552995996e+01
2.487599136849934780e+02 2.711275005837938679e+00 6.660935540506646646e+01
2.487943272532281753e+02 2.772205789505548079e+00 6.664866203091079910e+01
2.488597813583802463e+02 2.816301687380538432e+00 6.673122778339948979e+01
2.488988047360819280e+02 2.798277591828615574e+00 6.686792203973257642e+01
2.488597273033911961e+02 2.730723990901464227e+00 6.670218295667817188e+01
2.486187415133667287e+02 2.540865571728808447e+00 6.628073134237997976e+01
2.484164763931051709e+02 2.338196120149105273e+00 6.599414692578466202e+01
2.482279109692708232e+02 2.226272022002542705e+00 6.569616339309652631e+01
2.481873221590859941e+02 2.136032623266996833e+00 6.566791858021328210e+01
2.482463458827396039e+02 2.154430779343210478e+00 6.571344585419855377e+01
2.482766815425996469e+02 2.195244458282521460e+00 6.572448604516402781e+01
2.483280921615941566e+02 2.164190948167751927e+00 6.588738616019304573e+01
2.482977500151353922e+02 2.161637390484592025e+00 6.589121757781755662e+01
2.482759355837506519e+02 2.148404729162882720e+00 6.592421706753846422e+01
2.483310176176020434e+02 2.183763178606332733e+00 6.604276614514412813e+01
2.483564494088546439e+02 2.194561203220812384e+00 6.610698995874523121e+01
2.482897714987502411e+02 2.222762772112814922e+00 6.592673603002862137e+01
2.482943315776272755e+02 2.232646186312412073e+00 6.586314574089929863e+01
2.483226434186969698e+02 2.265446753673577174e+00 6.590507079041367433e+01
2.483099426584676053e+02 2.277734533786530235e+00 6.590561350250382588e+01
2.483248726464457832e+02 2.281334596057877917e+00 6.595320567707116766e+01
2.483987139237003134e+02 2.250722174653831953e+00 6.604450671579184018e+01
2.484759779628620606e+02 2.303343625403250439e+00 6.614915933681014337e+01
2.485327573233699070e+02 2.350105515338643869e+00 6.622958667393166365e+01
2.485191462771248041e+02 2.404128071404478373e+00 6.621506750387034401e+01
2.485497154545375906e+02 2.455421931622601139e+00 6.625945313648668389e+01
2.485687190264912658e+02 2.527786426576027257e+00 6.631412867682035994e+01
2.485854609377027202e+02 2.547129463860996701e+00 6.633128140594864419e+01
2.486388996998867071e+02 2.593746486425711151e+00 6.642929823651003574e+01
2.486909416811533902e+02 2.633288792022348446e+00 6.652012575352654267e+01
2.486844096762754930e+02 2.557808567499546104e+00 6.647390441348174761e+01
2.486800766283524808e+02 2.541300173840844945e+00 6.655910804943653147e+01
2.486953914878527598e+02 2.575906177836589706e+00 6.660114337112858607e+01
2.486735900296653767e+02 2.524677183605338104e+00 6.664995070184997417e+01
2.486741586881502712e+02 2.497303737145723623e+00 6.662716760506127400e+01
2.486690623837817782e+02 2.509174212743139343e+00 6.660484938117848230e+01
2.487020251161101214e+02 2.534394108438632554e+00 6.657827811075651425e+01
2.486618557726403935e+02 2.504938463800455040e+00 6.636665715298859425e+01
2.486032558401010135e+02 2.508705015438104979e+00 6.629198126670299018e+01
2.486508782854622268e+02 2.578515952708371195e+00 6.637534270863064023e+01
2.486444327685668156e+02 2.578721361666796330e+00 6.638026603703414708e+01
2.486343980003978515e+02 2.540632054176072074e+00 6.635144607906731551e+01
2.486409991956617489e+02 2.534249241067953573e+00 6.634919522932288771e+01
2.486624914593117239e+02 2.554816083305224694e+00 6.643086366899319728e+01
2.486462273942035779e+02 2.514415384482326044e+00 6.641424500315680746e+01
2.486510339638307130e+02 2.538415799624642144e+00 6.642134134212051322e+01
2.485545501327590614e+02 2.465558323170995436e+00 6.620183916694774950e+01
2.484092870795603005e+02 2.276352888266175434e+00 6.591683099383340050e+01
2.481624547019191596e+02 2.104453698658571348e+00 6.564328464059919099e+01
2.480215657784350753e+02 2.011085597156275107e+00 6.546488804130666495e+01
2.479751433538309868e+02 1.989044134817467002e+00 6.541718559456163007e+01
2.479954831651141944e+02 2.103785578993798921e+00 6.536168193179557306e+01
2.479978896932271368e+02 2.148372296169447360e+00 6.534513461854474770e+01
2.480345087050154405e+02 2.171315395725764041e+00 6.540757029310776716e+01
2.480465175613848317e+02 2.204671648374458393e+00 6.542055646367937527e+01
2.481196626103802885e+02 2.155312956764657617e+00 6.550615361995450314e+01
2.481623163211471876e+02 2.166396391721370218e+00 6.566459095508679411e+01
2.481626730840749815e+02 2.170921875405412482e+00 6.566596611400845518e+01
2.481650363681966383e+02 2.184191294119682158e+00 6.564732146718213812e+01
2.482073246672374864e+02 2.170872144815477967e+00 6.573970360568398519e+01
2.482366397689040980e+02 2.168766162441728707e+00 6.576489539278517782e+01
2.482444496337234057e+02 2.171133770962524689e+00 6.577862319780666667e+01
2.482854362886276931e+02 2.233288359582436211e+00 6.586114138190498579e+01
2.483227277444798915e+02 2.274536640633784135e+00 6.591388824022901360e+01
2.483562202157010290e+02 2.296995407488129359e+00 6.593186476739056445e+01
2.484035334665248342e+02 2.322260709374432519e+00 6.597971424370584259e+01
2.484443276856680711e+02 2.363290608269980719e+00 6.610174446260691639e+01
2.484782374614047455e+02 2.412660110877593578e+00 6.614801769544121157e+01
2.485268847893585189e+02 2.453789470953011254e+00 6.621835837160426763e+01
2.485487121939406450e+02 2.445454191640071606e+00 6.625278707523590072e+01
2.485314924366259390e+02 2.427479826678083263e+00 6.625741418229937096e+01
2.485075222922774856e+02 2.387178589035053644e+00 6.620849657940028976e+01
2.485122553471195204e+02 2.373020506300649313e+00 6.615404590782111427e+01
2.485387271563616309e+02 2.349216851318509214e+00 6.623274348529271549e+01
2.485617134999091888e+02 2.381980661287113943e+00 6.623777924807347972e+01
2.485859582436020503e+02 2.392478140162424438e+00 6.621007282288125850e+01
2.485923432189097184e+02 2.385721266530015594e+00 6.629370670195376647e+01
2.485934762114804073e+02 2.439224894700881219e+00 6.632131799036524455e+01
2.486293903462113803e+02 2.411834150644768027e+00 6.636317384949360587e+01
2.486117619331793946e+02 2.425875474602803727e+00 6.638823590462105528e+01
2.486483787827681340e+02 2.443486590038314255e+00 6.637900331248972918e+01
2.486801220345433023e+02 2.479363967376733147e+00 6.646637563460556919e+01
2.486977526097748807e+02 2.578595954092179010e+00 6.648601273103102471e+01
2.487124166472068794e+02 2.587718274045821332e+00 6.652281552978213597e+01
2.487011688850834048e+02 2.605595340027503148e+00 6.656280324848862051e+01
2.487148469595149720e+02 2.615749029172396600e+00 6.653304273371215061e+01
2.487561687553514389e+02 2.613044117519870646e+00 6.655249388097523422e+01
2.487496562102695918e+02 2.592751874627020392e+00 6.654518997085355636e+01
2.486980077493232386e+02 2.476535810349151934e+00 6.642755982806188797e+01
2.484984561895124671e+02 2.266437041073142922e+00 6.613375582712781409e+01
2.482607893758162163e+02 2.151338833969020037e+00 6.574855997509146732e+01
2.480640140802435383e+02 1.997163194174169432e+00 6.547818773081480970e+01
2.480068606592114122e+02 1.938537315240047354e+00 6.542978256921200853e+01
2.480458645771170154e+02 1.986836529064286427e+00 6.553555088520450056e+01
2.481180301497107052e+02 2.029576727813670267e+00 6.561409278430761560e+01
2.481892789496899354e+02 2.097389792688305832e+00 6.570461326898627874e+01
2.482421079715973349e+02 2.120229106665628915e+00 6.581333298738140059e+01
2.482793886164517403e+02 2.165403942122241965e+00 6.584894441417364419e+01
2.482529924841943227e+02 2.150454494348010392e+00 6.577212146372261259e+01
2.482485253798984672e+02 2.197225033081653400e+00 6.577119171791079566e+01
2.482634402324796952e+02 2.195877982754296465e+00 6.580425391141901059e+01
2.482698857493751348e+02 2.146156041618016985e+00 6.577767182999922113e+01
2.482768718161611332e+02 2.142726793112097017e+00 6.574580749504856669e+01
2.482709409027615663e+02 2.129124395665222380e+00 6.569187358916478559e+01
2.482557600996341591e+02 2.141470555166359535e+00 6.567770685763213123e+01
2.482964051270076027e+02 2.182647483632149221e+00 6.573859223510892491e+01
2.483825904015637036e+02 2.313261634795845012e+00 6.592613926294941962e+01
2.484518824109389925e+02 2.390997033462200605e+00 6.607079690027070740e+01
2.485213755048735891e+02 2.482732674294906516e+00 6.617434463731264316e+01
2.485624983783503410e+02 2.519695475813635621e+00 6.628133459605787436e+01
2.486371180474473022e+02 2.582364667929391011e+00 6.638124767563546413e+01
2.486515593783243787e+02 2.589668578051079972e+00 6.634975740120910359e+01
2.487044143466265496e+02 2.615013881321190503e+00 6.644615041989915483e+01
2.487538616884183966e+02 2.601645001427051795e+00 6.648975117407435675e+01
2.487626531918390071e+02 2.610635427207389725e+00 6.652752912482810643e+01
2.488263624019442375e+02 2.643905191873589189e+00 6.661025704228397615e+01
2.488466330228414733e+02 2.638947268277072933e+00 6.671825674822483165e+01
2.488878748172941471e+02 2.623870250728661091e+00 6.675944232548887669e+01
2.489167942364408361e+02 2.635963432881001101e+00 6.685518019771153320e+01
2.489923501379483355e+02 2.664301220345433041e+00 6.695061752419501033e+01
2.490339551819274675e+02 2.689566522231735757e+00 6.703739091703208430e+01
2.490179051745759864e+02 2.757267152729128146e+00 6.694423903548602084e+01
2.490145083590635124e+02 2.821274746373991338e+00 6.689249111335979592e+01
2.490642540843949746e+02 2.883370955605718766e+00 6.696916054764190562e+01
2.491440176262508430e+02 2.907927056035563673e+00 6.710737915466646086e+01
2.492121225880663928e+02 2.968453508385009876e+00 6.715811084299836864e+01
2.492692089809121114e+02 2.955530041600719748e+00 6.739581008968804099e+01
2.492969002707073969e+02 2.975664443925516434e+00 6.745733764043485792e+01
2.493341982131582881e+02 3.010036930368525265e+00 6.752451501863815508e+01
2.493314781661088091e+02 2.951945114726308717e+00 6.753402869671259623e+01
2.491709543083988478e+02 2.750674606263459498e+00 6.729440941681153276e+01
2.489599928214974511e+02 2.573962360430018137e+00 6.694586500955692543e+01
2.487858514309436657e+02 2.405981076429430043e+00 6.667455869506932231e+01
2.486597562768653233e+02 2.324241284173564015e+00 6.654009799088416344e+01
2.486588503152486851e+02 2.334343080528960446e+00 6.654579538673101524e+01
2.487279261046677448e+02 2.362068965517241548e+00 6.660065255182792043e+01
2.488015879193586102e+02 2.442760090985357735e+00 6.665390536484954964e+01
2.488651717218892543e+02 2.497956721413559400e+00 6.673269375470277964e+01
2.489410411423332619e+02 2.536493604213694297e+00 6.688132335262015715e+01
2.490397866341471911e+02 2.574267230568312748e+00 6.707279477266634160e+01
2.490889918095880660e+02 2.627193551456025400e+00 6.714452141874886593e+01
2.490798630030357401e+02 2.608695934199942723e+00 6.713150497738338629e+01
2.491022677149010178e+02 2.600181192323326673e+00 6.714684145887929390e+01
2.490337259887738526e+02 2.572332061959990757e+00 6.700260761267222165e+01
2.489821380694152424e+02 2.546368369615041871e+00 6.693890921356477008e+01
2.489723843871894076e+02 2.585026335590669522e+00 6.684584165780164255e+01
2.489869857208340989e+02 2.593119448552623663e+00 6.692849822267196203e+01
2.489960496613995531e+02 2.610118661511982907e+00 6.688320879063853397e+01
2.490046184582652131e+02 2.634343945408785359e+00 6.690749029172395979e+01
2.489694848775762637e+02 2.673116507961218691e+00 6.687750058379387497e+01
2.489938398934468182e+02 2.696252043278586363e+00 6.690835949594803367e+01
2.490377693019555068e+02 2.653788606073186340e+00 6.695222620066941488e+01
2.490908642744090571e+02 2.648218780000518802e+00 6.702886103975852450e+01
2.491330531122700620e+02 2.693795784575732988e+00 6.710062011883448463e+01
2.491393905191873728e+02 2.695577437015126865e+00 6.716641801371699216e+01
2.491144646826323594e+02 2.798465703190541554e+00 6.709578544061302807e+01
2.491012558055058150e+02 2.862486270032778890e+00 6.704853056917741583e+01
2.490747515632702971e+02 2.912164967177810482e+00 6.697272169032112288e+01
2.491078656495679979e+02 2.972351954195964652e+00 6.697087949629398906e+01
2.491375937313510178e+02 2.990717677278742048e+00 6.706425192219541032e+01
2.491889070513652200e+02 3.039762849951999080e+00 6.712596325990503487e+01
