2.534266591251885359e+02 3.471233974358974450e+01 5.830858785822021417e+01
2.534775169683258014e+02 3.480877639517345301e+01 5.840502450980392268e+01
2.534756315987933704e+02 3.480806938159879138e+01 5.840422322775263808e+01
2.545197963800904972e+02 3.580019796380090469e+01 5.958158936651583559e+01
2.544706825037707461e+02 3.660199849170437147e+01 5.844523001508295579e+01
2.544529600301659116e+02 3.743655731523378449e+01 5.648859351432880516e+01
2.545113593514328727e+02 3.773981900452488958e+01 5.662971342383107043e+01
2.545430806938159947e+02 3.814800150829562853e+01 5.699547511312216841e+01
2.541587952488687847e+02 3.904958521870286603e+01 5.716119909502262431e+01
2.542711161387632046e+02 3.929364630467571828e+01 5.732965686274509665e+01
2.544120475113122097e+02 3.948468137254901933e+01 5.749052601809954410e+01
2.545096153846153868e+02 3.964333521870286603e+01 5.759224170437405377e+01
2.546327300150829558e+02 3.983597285067873628e+01 5.773661387631975828e+01
2.546801470588235361e+02 3.992472662141779693e+01 5.780557126696832881e+01
2.547404317496229282e+02 4.006146304675716152e+01 5.801904223227752766e+01
2.547659313725490335e+02 4.009087481146304555e+01 5.802846907993966852e+01
2.547653186274509665e+02 4.007574472096531082e+01 5.794678544494720995e+01
2.547521210407239778e+02 4.008102375565611197e+01 5.794904788838612575e+01
2.547070607088989505e+02 4.003572775263951655e+01 5.793090120663649856e+01
2.546189668174962151e+02 3.989234539969834259e+01 5.787292609351433015e+01
2.545681089743589780e+02 3.980806938159879138e+01 5.778016591251885359e+01
2.545279977375565750e+02 3.974660633484162986e+01 5.772096530920060076e+01
2.544949566365007456e+02 3.970413838612368096e+01 5.764606900452488958e+01
2.545096625188537018e+02 3.970291289592760364e+01 5.768971530920060076e+01
2.545199849170437290e+02 3.971695889894419196e+01 5.771422511312216841e+01
2.544846813725490335e+02 3.967458521870286603e+01 5.753751885369532459e+01
2.544905260180995583e+02 3.969306184012066296e+01 5.762990196078431637e+01
2.545416666666666572e+02 3.975395927601810087e+01 5.771003016591252077e+01
2.545750848416289500e+02 3.980693815987933704e+01 5.776282051282051100e+01
2.546425339366515743e+02 3.989309954751131215e+01 5.782975113122171962e+01
2.546216063348416299e+02 3.986972096530919885e+01 5.782145550527903310e+01
2.546498868778280666e+02 3.990002828054298334e+01 5.787287895927601511e+01
2.545927601809954695e+02 3.984370286576169207e+01 5.781202865761689225e+01
2.546385746606334806e+02 3.990460030165912286e+01 5.787745098039215463e+01
2.546717100301659116e+02 3.995347850678732726e+01 5.785393099547511042e+01
2.547277055052790331e+02 4.000674019607843235e+01 5.797657428355957876e+01
2.547429298642533979e+02 4.006023755656108420e+01 5.803007164404223062e+01
2.547943061840120720e+02 4.017213423831071140e+01 5.807560331825037991e+01
2.548414404223227621e+02 4.025358220211161608e+01 5.824886877828054565e+01
2.548214555052790331e+02 4.025466628959276250e+01 5.818509615384615330e+01
2.548182975113122097e+02 4.027611236802412975e+01 5.822935520361991024e+01
2.548266402714932042e+02 4.028035444947209953e+01 5.822756410256410220e+01
2.548579845399698343e+02 4.035760746606334948e+01 5.834704939668174717e+01
2.549020550527903595e+02 4.044772812971342546e+01 5.839192119155354277e+01
2.548576074660633424e+02 4.037377450980392268e+01 5.831759049773755521e+01
2.548264517345399724e+02 4.038475678733031771e+01 5.826428167420814219e+01
2.548453054298642542e+02 4.039427790346908154e+01 5.824665346907993779e+01
2.548668929110105523e+02 4.039861425339366718e+01 5.823402149321267274e+01
2.549095965309200551e+02 4.048873491704374317e+01 5.842086161387631904e+01
2.548905071644042266e+02 4.047219079939668518e+01 5.831381975867270029e+01
2.549114347662141711e+02 4.052248303167420573e+01 5.833262631975867407e+01
2.549293929110105523e+02 4.052710218702866030e+01 5.832065422322775561e+01
2.549221813725490335e+02 4.054812405731523484e+01 5.847214366515837014e+01
2.549218985671191433e+02 4.053214555052790047e+01 5.841091628959276250e+01
2.549157239819004417e+02 4.052177601809954410e+01 5.842166289592760364e+01
2.548592100301659116e+02 4.036957956259426794e+01 5.831773190045248612e+01
2.548393665158370993e+02 4.029722850678732726e+01 5.824594645550527616e+01
2.548121229260935081e+02 4.027351998491704421e+01 5.822959087481146412e+01
2.548014234539969891e+02 4.026965497737556632e+01 5.822289781297133970e+01
2.547953431372548891e+02 4.026894796380090469e+01 5.813621794871794890e+01
2.548371983408748065e+02 4.020088612368024172e+01 5.802950603318250700e+01
2.548372454751131215e+02 4.019640837104072517e+01 5.806424396681749300e+01
2.548384238310708838e+02 4.024778469079939924e+01 5.808281485671191291e+01
2.548240007541478178e+02 4.029006410256410220e+01 5.807381221719457187e+01
2.548458710407239778e+02 4.036199095022624306e+01 5.811406485671191291e+01
2.548427130467571544e+02 4.039352375565611197e+01 5.825570324283559387e+01
2.548180147058823479e+02 4.037419871794871540e+01 5.822657428355957876e+01
2.548564291101055801e+02 4.038749057315234126e+01 5.833620852187028305e+01
2.548511500754147789e+02 4.035440233785821817e+01 5.824278846153845990e+01
2.548748585972850549e+02 4.043094834087481360e+01 5.833290912518853588e+01
2.549139800150829558e+02 4.052573529411764497e+01 5.840488310708899178e+01
2.548894230769230660e+02 4.050575037707390891e+01 5.819843514328808709e+01
2.548996512066364915e+02 4.051385746606334948e+01 5.826687405731523484e+01
2.548758484162895854e+02 4.048388009049773473e+01 5.835133861236802488e+01
2.549105392156862706e+02 4.054708710407239636e+01 5.832253959276017952e+01
2.549217100301659116e+02 4.057730015082956498e+01 5.831466817496229282e+01
2.549293457767722373e+02 4.062580128205128460e+01 5.834733220211161608e+01
2.549434860482654699e+02 4.064701168929109798e+01 5.847582013574660920e+01
2.549254336349924586e+02 4.066242458521870162e+01 5.853987556561085626e+01
2.549307598039215748e+02 4.068962104072398489e+01 5.853162707390648478e+01
2.549426847662141711e+02 4.068071266968325972e+01 5.852950603318250700e+01
2.549503676470588118e+02 4.067717760180995157e+01 5.850108408748114641e+01
2.549369815233785914e+02 4.066628959276017952e+01 5.840723981900452344e+01
2.549413178733031771e+02 4.063159879336350144e+01 5.844796380090497934e+01
2.549309012066364915e+02 4.061161387631975828e+01 5.840403469079939924e+01
2.549267533936651660e+02 4.062155920060331482e+01 5.835195135746606354e+01
2.549386783559577623e+02 4.065125377073906776e+01 5.826974924585218929e+01
2.549311368778280666e+02 4.052149321266968229e+01 5.821238687782805243e+01
2.548490761689291162e+02 4.038169306184011731e+01 5.816204751131221684e+01
2.548284785067873202e+02 4.035185708898944057e+01 5.806094457013574583e+01
2.548661387631975970e+02 4.039720022624434392e+01 5.814060143288084248e+01
2.548419117647058840e+02 4.033748114630467541e+01 5.825207390648566985e+01
2.548477092760180938e+02 4.037792232277526239e+01 5.829854826546002755e+01
2.548499717194570167e+02 4.035628770739064919e+01 5.826145361990950278e+01
2.548540723981900555e+02 4.034049773755656076e+01 5.826357466063348767e+01
2.548481806184012157e+02 4.035407239819004843e+01 5.817911010558069052e+01
2.548898001508295579e+02 4.038197586726998622e+01 5.819796380090497934e+01
2.548469551282051384e+02 4.034304298642533837e+01 5.814998114630467541e+01
2.548473322021116019e+02 4.038895173453997245e+01 5.818042986425339080e+01
2.548632164404223204e+02 4.043165535444947523e+01 5.838301282051281760e+01
2.548745757918551931e+02 4.047676282051281760e+01 5.836062405731523484e+01
2.548701923076923208e+02 4.045314856711915752e+01 5.837584841628959254e+01
2.548709464555052762e+02 4.047426470588235503e+01 5.824934012066365341e+01
2.548980957767722373e+02 4.052248303167420573e+01 5.826324472096531082e+01
2.548817401960784252e+02 4.050042420814479982e+01 5.833451168929109798e+01
2.548848510558069336e+02 4.053888574660633282e+01 5.839861425339366718e+01
2.548837198340874863e+02 4.049179864253393646e+01 5.825424208144796268e+01
2.548781579939668234e+02 4.049010180995475139e+01 5.841053921568627771e+01
2.549011595022624306e+02 4.053968702865761742e+01 5.835492081447964097e+01
2.549307598039215748e+02 4.062014517345399867e+01 5.824363687782805243e+01
2.549433446455505248e+02 4.065804110105580804e+01 5.833884803921568363e+01
2.549398567119155246e+02 4.065615573152337703e+01 5.832244532428355654e+01
2.549342006033182599e+02 4.065686274509803866e+01 5.829298642533936459e+01
2.549338235294117680e+02 4.067246417797888114e+01 5.830990761689291446e+01
2.549428261689291162e+02 4.068641591251885359e+01 5.835402526395173339e+01
2.549386312217194472e+02 4.069296757164403999e+01 5.841053921568627771e+01
2.549518759426847794e+02 4.073609539969834259e+01 5.850344079939668518e+01
2.549447586726998622e+02 4.075782428355957876e+01 5.842467948717948900e+01
2.549257164404223204e+02 4.072883672699849456e+01 5.841680806938160231e+01
2.549402809200603315e+02 4.073703808446455810e+01 5.843933823529411598e+01
2.549719079939668234e+02 4.072713989441930948e+01 5.848901772247360498e+01
2.549556466817496130e+02 4.068325791855203732e+01 5.839988687782805243e+01
2.549513574660633424e+02 4.060986990950226527e+01 5.834459841628959254e+01
2.548941836349924586e+02 4.047388763197587025e+01 5.825989819004524861e+01
2.548776395173453864e+02 4.040035822021116019e+01 5.820748491704374317e+01
2.548689196832579285e+02 4.040483597285067674e+01 5.829322209653091846e+01
2.548746700603318232e+02 4.038720776772247234e+01 5.820470399698341168e+01
2.548728318250377072e+02 4.039663461538461320e+01 5.821865573152337703e+01
2.548642062594268509e+02 4.039262820512820440e+01 5.821464932126696823e+01
2.548538367269984803e+02 4.038225867269984803e+01 5.817863876319758987e+01
2.548625565610859667e+02 4.041925904977375694e+01 5.822732843137254832e+01
2.548658088235294201e+02 4.043490761689291446e+01 5.821733597285067674e+01
2.548762254901960773e+02 4.043575603318250700e+01 5.823213612368024172e+01
2.548836255656108563e+02 4.049651206636500689e+01 5.825386500754147789e+01
2.548799962292609393e+02 4.048157051282051100e+01 5.819405165912518640e+01
2.549070041478129838e+02 4.051800527903468918e+01 5.822558446455505532e+01
2.549200131975867407e+02 4.058837669683257587e+01 5.831839177978883981e+01
2.549321266968325688e+02 4.065271493212669895e+01 5.833842383107089091e+01
2.549317496229261053e+02 4.069942496229261053e+01 5.847167232277526239e+01
2.549468325791855250e+02 4.076583710407239636e+01 5.851244343891402622e+01
2.549512631975867407e+02 4.075820135746606354e+01 5.861170814479638125e+01
2.549672417043740609e+02 4.082621606334841857e+01 5.865672134238310775e+01
2.549628582202111602e+02 4.085246983408747923e+01 5.856721342383107043e+01
2.549634238310708838e+02 4.081740196078431637e+01 5.857362368024132593e+01
2.549661104826546136e+02 4.087825226244343924e+01 5.861147247360482737e+01
2.549645079185520444e+02 4.091284879336350144e+01 5.853520927601810087e+01
2.549717665912518783e+02 4.097525452488687847e+01 5.855387443438914374e+01
2.549761972096530940e+02 4.102917609351433015e+01 5.860817307692308020e+01
2.549841157616892815e+02 4.104138386123680249e+01 5.866336726998491713e+01
2.549870380844645581e+02 4.112697963800904688e+01 5.877309577677224439e+01
2.549873208898944199e+02 4.116779788838612575e+01 5.880260180995475139e+01
2.549863310708898894e+02 4.115888951734540058e+01 5.884799208144796268e+01
2.549856711915535357e+02 4.125843702865761742e+01 5.887363310708899178e+01
2.549840214932126798e+02 4.129609728506787292e+01 5.902290723981900555e+01
2.549932126696832597e+02 4.137198340874811464e+01 5.902677224736048345e+01
2.549923171191553593e+02 4.138207013574660920e+01 5.910435520361991024e+01
2.549902432126696965e+02 4.140950226244343924e+01 5.907579185520361875e+01
2.549921757164404141e+02 4.131523378582202355e+01 5.890573152337858431e+01
2.549904788838612433e+02 4.119523001508295579e+01 5.884153469079939924e+01
2.549821361236802488e+02 4.109111048265459942e+01 5.871780731523378449e+01
2.549791195324283422e+02 4.106975867269984803e+01 5.873831070889894335e+01
2.549752073906485634e+02 4.108931938159879138e+01 5.881179298642533837e+01
2.549769513574660493e+02 4.109818061840120862e+01 5.876805241327300422e+01
2.549810049019607732e+02 4.110784313725490335e+01 5.888159879336350144e+01
2.549815705128205252e+02 4.113876319758672651e+01 5.891572398190045590e+01
2.549842571644042266e+02 4.110982277526395023e+01 5.892599924585218929e+01
2.549800150829562710e+02 4.114715309200603599e+01 5.889696455505279005e+01
2.549865196078431495e+02 4.120781485671191291e+01 5.896252828054298334e+01
2.549841628959275965e+02 4.122374622926093224e+01 5.885553355957767963e+01
2.549853412518853588e+02 4.124029034690799733e+01 5.875443061840120862e+01
2.549862839366515743e+02 4.127922322775263808e+01 5.865837104072398489e+01
2.549877450980392268e+02 4.131810897435897090e+01 5.871837292609351522e+01
2.549913744343891437e+02 4.135416666666666430e+01 5.877856334841629149e+01
2.549915629713423755e+02 4.142317119155354277e+01 5.905458144796379827e+01
2.549930712669683146e+02 4.149472096530919885e+01 5.907409502262443368e+01
2.549965120663649998e+02 4.156872171945701666e+01 5.932758295625942679e+01
2.549976432880844754e+02 4.157593325791854966e+01 5.911005844645550411e+01
2.549965120663649998e+02 4.162627262443439236e+01 5.924184577677224439e+01
2.549976432880844754e+02 4.167911010558069052e+01 5.920871040723982048e+01
2.549977375565610771e+02 4.167981711915535215e+01 5.925127262443439236e+01
2.549994343891402764e+02 4.156094457013574583e+01 5.919735105580694068e+01
2.550000000000000000e+02 4.164677601809954410e+01 5.932692307692308020e+01
2.549996229260935081e+02 4.174217571644042124e+01 5.930279034690799733e+01
2.549986331070889776e+02 4.178968702865761742e+01 5.936463046757164363e+01
2.549984445701357458e+02 4.183554864253393646e+01 5.925362933634992402e+01
2.549987273755656076e+02 4.184214743589743790e+01 5.919603129713424039e+01
2.549991515837104146e+02 4.186675150829562853e+01 5.911694004524886736e+01
2.549996229260935081e+02 4.185916289592760364e+01 5.919230769230769340e+01
2.549984917043740609e+02 4.184200603318250700e+01 5.918420060331825283e+01
2.549990573152337845e+02 4.185501508295625683e+01 5.910671191553544190e+01
2.549998114630467683e+02 4.183286199095022795e+01 5.911434766214178183e+01
2.549978318250377072e+02 4.176979638009049722e+01 5.907824283559577339e+01
2.549983974358974308e+02 4.163541666666666430e+01 5.902795060331825283e+01
2.549959935897435912e+02 4.152526395173453722e+01 5.903808446455505532e+01
2.549953337104072375e+02 4.150438348416289358e+01 5.905698529411764497e+01
2.549945795625942822e+02 4.152639517345399867e+01 5.916892911010558009e+01
2.549970776772247234e+02 4.155429864253393646e+01 5.917741327300150544e+01
2.549943438914027070e+02 4.155679675716440613e+01 5.912184200603318374e+01
2.549974547511312153e+02 4.154449472096531082e+01 5.909445701357466163e+01
2.549977375565610771e+02 4.157046568627450966e+01 5.910986990950226527e+01
2.549981146304675690e+02 4.164588046757164363e+01 5.906122737556560764e+01
2.549990573152337845e+02 4.165884238310708554e+01 5.921710030165912286e+01
2.549980203619909389e+02 4.170861613876319751e+01 5.930759803921568363e+01
2.549975490196078454e+02 4.172247360482654699e+01 5.925433634992458565e+01
2.549973604826546136e+02 4.175061274509803866e+01 5.922968514328808709e+01
2.549986802413272926e+02 4.174858597285067674e+01 5.928157993966817685e+01
2.549980203619909389e+02 4.176465874811462697e+01 5.914229826546002755e+01
2.549981146304675690e+02 4.181424396681749300e+01 5.912740384615384670e+01
2.549982088989441991e+02 4.186038838612368096e+01 5.909323152337858431e+01
2.549981146304675690e+02 4.190186651583710642e+01 5.932023001508295579e+01
2.549993401206636463e+02 4.195871040723982048e+01 5.930015082956259675e+01
2.549989630467571544e+02 4.199684200603318374e+01 5.920913461538461320e+01
2.549989630467571544e+02 4.203393665158370851e+01 5.934257164404223062e+01
2.549989630467571544e+02 4.205877639517345301e+01 5.949637066365007598e+01
2.549988687782805528e+02 4.211415912518853588e+01 5.964451357466063541e+01
2.549992458521870162e+02 4.212844079939668518e+01 5.959808634992458565e+01
2.549989630467571544e+02 4.214371229260935081e+01 5.956810897435897090e+01
2.549995286576169065e+02 4.217816742081448211e+01 5.960444947209653321e+01
2.549995286576169065e+02 4.219438159879336325e+01 5.960105580693816307e+01
2.549997171945701382e+02 4.225000000000000000e+01 5.950565610859728594e+01
2.549999057315233699e+02 4.228742458521870162e+01 5.945107466063348767e+01
2.549995286576169065e+02 4.224552224736048345e+01 5.947855392156862564e+01
2.549998114630467683e+02 4.230486425339366718e+01 5.943985671191553877e+01
2.549998114630467683e+02 4.222289781297133970e+01 5.952776206636500689e+01
2.550000000000000000e+02 4.222336915535444746e+01 5.935345965309200267e+01
2.549999057315233699e+02 4.214357088989441991e+01 5.919447586726998622e+01
2.549999057315233699e+02 4.205330882352941302e+01 5.925202677224736192e+01
2.549992458521870162e+02 4.185492081447964097e+01 5.920220588235294201e+01
2.549979260935143373e+02 4.179171380090497934e+01 5.908074095022624306e+01
2.549964177978883981e+02 4.175735294117647101e+01 5.917364253393665052e+01
2.549983031674208007e+02 4.174792609351433015e+01 5.922775263951734814e+01
2.549981146304675690e+02 4.174288273001508287e+01 5.923081636500754144e+01
2.549983974358974308e+02 4.168094834087481360e+01 5.917302978883861186e+01
2.549970776772247234e+02 4.164474924585218929e+01 5.914437217194570451e+01
2.549950037707390607e+02 4.162240761689291446e+01 5.906584653092006221e+01
2.549963235294117680e+02 4.165139517345399867e+01 5.909935897435897090e+01
2.549963235294117680e+02 4.170470399698341168e+01 5.907555618401206488e+01
2.549972662141779836e+02 4.173006221719457187e+01 5.897893099547511042e+01
2.549982088989441991e+02 4.175386500754147789e+01 5.910001885369532459e+01
2.549976432880844754e+02 4.172511312217194757e+01 5.912556561085973073e+01
2.549998114630467683e+02 4.174736048265459942e+01 5.897435897435897090e+01
2.549987745098039227e+02 4.179496606334841857e+01 5.921653469079939924e+01
2.549986802413272926e+02 4.184752073906485492e+01 5.910317684766214086e+01
2.549971719457013535e+02 4.188518099547511042e+01 5.906994720965309398e+01
2.549979260935143373e+02 4.191138763197587025e+01 5.899566365007541435e+01
2.549983031674208007e+02 4.194160067873303177e+01 5.904887820512820440e+01
2.549987745098039227e+02 4.197299208144796268e+01 5.911156674208145034e+01
2.549993401206636463e+02 4.197695135746606354e+01 5.910176282051281760e+01
2.549986802413272926e+02 4.195720211161387425e+01 5.911010558069381915e+01
2.549992458521870162e+02 4.190568438914026927e+01 5.913117458521870162e+01
2.549996229260935081e+02 4.189060143288084248e+01 5.904520173453997245e+01
2.549998114630467683e+02 4.184544683257918507e+01 5.887504713423830793e+01
2.549989630467571544e+02 4.190087669683257587e+01 5.911241515837104288e+01
2.549988687782805528e+02 4.192816742081448211e+01 5.903865007541477894e+01
2.549983031674208007e+02 4.194419306184011731e+01 5.897699849170437147e+01
2.549985859728506910e+02 4.198684954751131215e+01 5.896554487179486870e+01
2.549994343891402764e+02 4.199151583710407465e+01 5.905279034690799733e+01
2.549988687782805528e+02 4.202286010558069052e+01 5.903134426847662297e+01
2.549989630467571544e+02 4.207565045248868785e+01 5.907206825037707176e+01
2.549990573152337845e+02 4.210237556561085626e+01 5.910784313725490335e+01
2.549997171945701382e+02 4.211585595776772095e+01 5.928440799396681626e+01
2.549998114630467683e+02 4.211180241327300422e+01 5.939536199095022795e+01
2.550000000000000000e+02 4.205335595776772095e+01 5.920022624434388803e+01
2.549994343891402764e+02 4.195588235294117396e+01 5.932428355957767963e+01
2.549988687782805528e+02 4.187127639517345301e+01 5.924589932126696823e+01
2.549966063348416299e+02 4.177036199095022795e+01 5.908088235294117396e+01
2.549984917043740609e+02 4.181504524886877761e+01 5.901055806938160231e+01
2.549989630467571544e+02 4.182730015082956498e+01 5.897077677224736192e+01
2.549990101809954695e+02 4.189041289592760364e+01 5.908026960784313530e+01
2.549998114630467683e+02 4.184431561085973073e+01 5.907998680241327349e+01
2.549999057315233699e+02 4.185939856711915752e+01 5.909469268476621551e+01
2.549997171945701382e+02 4.191751508295625683e+01 5.931740196078431637e+01
2.549993401206636463e+02 4.197445324283559387e+01 5.934266591251885359e+01
2.549993401206636463e+02 4.197676282051281760e+01 5.924391968325792135e+01
2.549993401206636463e+02 4.202092760180995157e+01 5.936651583710407465e+01
2.549994343891402764e+02 4.206740196078431637e+01 5.944617269984917129e+01
2.549997171945701382e+02 4.209634238310708554e+01 5.932352941176470296e+01
2.549994343891402764e+02 4.210953996983408842e+01 5.920343137254901933e+01
2.549999057315233699e+02 4.216251885369532459e+01 5.927677224736048345e+01
2.549994343891402764e+02 4.216760935143287981e+01 5.956033182503770718e+01
2.549996229260935081e+02 4.218349358974359120e+01 5.952945889894419196e+01
2.549994343891402764e+02 4.218335218702866030e+01 5.939470211161387425e+01
2.549993401206636463e+02 4.227568815987933704e+01 5.948081636500754144e+01
2.549998114630467683e+02 4.231457390648566985e+01 5.957532051282051100e+01
2.550000000000000000e+02 4.232107843137254832e+01 5.951696832579185781e+01
2.550000000000000000e+02 4.235345965309200267e+01 5.952351998491704421e+01
2.549995286576169065e+02 4.237547134238310775e+01 5.956815610859728594e+01
2.550000000000000000e+02 4.242482088989441991e+01 5.950853129713424039e+01
2.550000000000000000e+02 4.241303733031674028e+01 5.957348227752639502e+01
2.550000000000000000e+02 4.242581070889894335e+01 5.950725867269984803e+01
2.549998114630467683e+02 4.243995098039215463e+01 5.969673831070890202e+01
2.549998114630467683e+02 4.245371417797888114e+01 5.966317873303167119e+01
2.549998114630467683e+02 4.247605580693816307e+01 5.948736802413272784e+01
2.549998114630467683e+02 4.251060520361991024e+01 5.943443627450980671e+01
2.549998114630467683e+02 4.253808446455505532e+01 5.940987933634992402e+01
2.549999057315233699e+02 4.260982277526395023e+01 5.937754524886877761e+01
2.549997171945701382e+02 4.260336538461538680e+01 5.949589932126696823e+01
2.549980203619909389e+02 4.262994909502262431e+01 5.945894607843137436e+01
2.549950037707390607e+02 4.261085972850678871e+01 5.954901960784313530e+01
2.549987745098039227e+02 4.254916101055806621e+01 5.948430429864253455e+01
2.549919400452488674e+02 4.231443250377073895e+01 5.923901772247360498e+01
2.549988687782805528e+02 4.228266402714932326e+01 5.931584653092006221e+01
2.549988687782805528e+02 4.226809954751131215e+01 5.936123680241327349e+01
2.549956165158370993e+02 4.223826357466063541e+01 5.938890460030165741e+01
2.549958050527903595e+02 4.224721907993966852e+01 5.940728695324283848e+01
2.549955693815987843e+02 4.223600113122171962e+01 5.939041289592760364e+01
2.549959464555052762e+02 4.221799585218703044e+01 5.933470022624434392e+01
2.549958521870286461e+02 4.223840497737556632e+01 5.949047888386123617e+01
2.549964649321266847e+02 4.225829562594268651e+01 5.942213423831071140e+01
2.549913273001508287e+02 4.230868212669683004e+01 5.942632918552035903e+01
2.549969834087481217e+02 4.236990950226244479e+01 5.960369532428355654e+01
2.549966534690799449e+02 4.238932880844645723e+01 5.957635746606334948e+01
2.549984917043740609e+02 4.244999057315234126e+01 5.953803733031674028e+01
2.549986802413272926e+02 4.247638574660633282e+01 5.946809012066365341e+01
2.549990573152337845e+02 4.248859351432880516e+01 5.962961915535444746e+01
2.549986331070889776e+02 4.253318250377073895e+01 5.960501508295625683e+01
2.549982560331825141e+02 4.253582202111613952e+01 5.952300150829562853e+01
2.549991987179487296e+02 4.256537518853695445e+01 5.961797699849170584e+01
2.550000000000000000e+02 4.256146304675716152e+01 5.967251131221719618e+01
2.550000000000000000e+02 4.259214743589743790e+01 5.965134803921568363e+01
2.549998114630467683e+02 4.258356900452488958e+01 5.967350113122171962e+01
2.549996229260935081e+02 4.257866704374057321e+01 5.956414969834087714e+01
2.549998114630467683e+02 4.256240573152337703e+01 5.963876319758672651e+01
2.550000000000000000e+02 4.259940610859728594e+01 5.964974547511312153e+01
2.550000000000000000e+02 4.264027149321267274e+01 5.974358974358974450e+01
2.549997171945701382e+02 4.267034313725490335e+01 5.967863876319758987e+01
2.550000000000000000e+02 4.264630467571644346e+01 5.966006787330316996e+01
2.550000000000000000e+02 4.265559012066365341e+01 5.959610671191553877e+01
2.550000000000000000e+02 4.266888197586727216e+01 5.951522435897435770e+01
2.550000000000000000e+02 4.265290346907993779e+01 5.953978129713424039e+01
2.550000000000000000e+02 4.263617081447964097e+01 5.966332013574660920e+01
2.550000000000000000e+02 4.262457579185520018e+01 5.961646870286575961e+01
2.550000000000000000e+02 4.262749811463046967e+01 5.956282993966817685e+01
2.550000000000000000e+02 4.258705693815988269e+01 5.938249434389140191e+01
2.550000000000000000e+02 4.254831259426847367e+01 5.942746040723982048e+01
2.549999057315233699e+02 4.244843514328808709e+01 5.934115761689291446e+01
2.549999057315233699e+02 4.230288461538461320e+01 5.943335218702866030e+01
2.550000000000000000e+02 4.223053355957767963e+01 5.938211726998491713e+01
2.550000000000000000e+02 4.221535633484162986e+01 5.931641214177978583e+01
2.549995286576169065e+02 4.225391214177978583e+01 5.939588046757164363e+01
2.549996229260935081e+02 4.229289215686274161e+01 5.934945324283559387e+01
2.549999057315233699e+02 4.225961538461538680e+01 5.920946455505279005e+01
2.549998114630467683e+02 4.228440799396681626e+01 5.945446832579185781e+01
2.549999057315233699e+02 4.234879336349924728e+01 5.944852941176470296e+01
2.550000000000000000e+02 4.238098604826546278e+01 5.935383672699849456e+01
2.549999057315233699e+02 4.243834841628959254e+01 5.942609351432880516e+01
2.549999057315233699e+02 4.240917232277526239e+01 5.953718891402714775e+01
2.549999057315233699e+02 4.240417609351433015e+01 5.950098981900452344e+01
2.550000000000000000e+02 4.237457579185520018e+01 5.942859162895927483e+01
2.549999057315233699e+02 4.237603695324283848e+01 5.932748868778280382e+01
2.549998114630467683e+02 4.237631975867270029e+01 5.937151206636500689e+01
2.549998114630467683e+02 4.234210030165912286e+01 5.941421568627450966e+01
2.549998114630467683e+02 4.240205505279034526e+01 5.938442684766214086e+01
2.549991515837104146e+02 4.247685708898944057e+01 5.932744155354449589e+01
2.549994343891402764e+02 4.251696832579185781e+01 5.948623680241327349e+01
2.549999057315233699e+02 4.252573529411764497e+01 5.935624057315234126e+01
2.549998114630467683e+02 4.255161199095022795e+01 5.918867835595776938e+01
2.549998585972850549e+02 4.258055241327300422e+01 5.959073340874811464e+01
2.549967948717948616e+02 4.260690045248868785e+01 5.961755279034690602e+01
2.549968420060331766e+02 4.265412895927601511e+01 5.948670814479638125e+01
2.550000000000000000e+02 4.269588989441930948e+01 5.973604826546002755e+01
2.550000000000000000e+02 4.275796568627450966e+01 5.959978318250377072e+01
2.549999528657616850e+02 4.280632541478129838e+01 5.968415346907993779e+01
2.550000000000000000e+02 4.286990950226244479e+01 5.971040723981900555e+01
2.550000000000000000e+02 4.291553544494720995e+01 5.962707390648566985e+01
2.550000000000000000e+02 4.287330316742081493e+01 5.975339366515837014e+01
2.550000000000000000e+02 4.290460030165912286e+01 5.967533936651583559e+01
2.550000000000000000e+02 4.293396493212669895e+01 5.968302224736048345e+01
2.550000000000000000e+02 4.291666666666666430e+01 5.961444193061839769e+01
2.550000000000000000e+02 4.293311651583710642e+01 5.971893853695324594e+01
2.550000000000000000e+02 4.291907051282051100e+01 5.969961349924584937e+01
2.549999057315233699e+02 4.299142156862745168e+01 5.982032428355957876e+01
2.550000000000000000e+02 4.286811840120663675e+01 5.981052036199095312e+01
2.550000000000000000e+02 4.273656674208145034e+01 5.968528469079939924e+01
2.549999057315233699e+02 4.266266025641025550e+01 5.960534502262443368e+01
2.549999057315233699e+02 4.263023190045248612e+01 5.945225301659124995e+01
2.550000000000000000e+02 4.258790535444947523e+01 5.949872737556560764e+01
2.549999057315233699e+02 4.254557880844645723e+01 5.939531485671191291e+01
2.549996700603318232e+02 4.250188536953243101e+01 5.942430241327300422e+01
2.549999057315233699e+02 4.251150075414781071e+01 5.945286576168928860e+01
2.550000000000000000e+02 4.252941176470588402e+01 5.926989064856712019e+01
2.550000000000000000e+02 4.253525641025640880e+01 5.933342760180995157e+01
2.550000000000000000e+02 4.258752828054298334e+01 5.936081259426847367e+01
2.550000000000000000e+02 4.261194381598793512e+01 5.936354638009049722e+01
2.549999057315233699e+02 4.265252639517345301e+01 5.936745852187028305e+01
2.549996229260935081e+02 4.267793174962292824e+01 5.944848227752639502e+01
2.549998114630467683e+02 4.262763951734540058e+01 5.946606334841629149e+01
2.550000000000000000e+02 4.262924208144796268e+01 5.965092383107089091e+01
2.550000000000000000e+02 4.265280920060331482e+01 5.947803544494720995e+01
2.550000000000000000e+02 4.261232088989441991e+01 5.936458333333333570e+01
2.550000000000000000e+02 4.258941365007541435e+01 5.927936463046756899e+01
2.550000000000000000e+02 4.263174019607843235e+01 5.928549208144796268e+01
2.550000000000000000e+02 4.267053167420814219e+01 5.931033182503770718e+01
2.550000000000000000e+02 4.274085595776772095e+01 5.932164404223227905e+01
2.550000000000000000e+02 4.273109917043740325e+01 5.933017533936651233e+01
2.550000000000000000e+02 4.278832013574660920e+01 5.932706447963801111e+01
2.550000000000000000e+02 4.277908182503770718e+01 5.941963612368024172e+01
2.550000000000000000e+02 4.288725490196078738e+01 5.957569758672699578e+01
2.550000000000000000e+02 4.291275452488687847e+01 5.952314291101055943e+01
2.550000000000000000e+02 4.293344645550527616e+01 5.950537330316742413e+01
2.550000000000000000e+02 4.289564479638008976e+01 5.961481900452488958e+01
2.550000000000000000e+02 4.291006787330316996e+01 5.942618778280542813e+01
2.550000000000000000e+02 4.296804298642533837e+01 5.956938159879336325e+01
2.549993401206636463e+02 4.293509615384615330e+01 5.966341440422322506e+01
2.549996700603318232e+02 4.297695135746606354e+01 5.963060897435897090e+01
2.549995757918551931e+02 4.304454185520361875e+01 5.966690233785821817e+01
2.549995757918551931e+02 4.304736990950226527e+01 5.958262631975867407e+01
2.549996700603318232e+02 4.302634803921568363e+01 5.943943250377073895e+01
2.550000000000000000e+02 4.298515271493212708e+01 5.954227941176470296e+01
2.550000000000000000e+02 4.290761689291100822e+01 5.960124434389140191e+01
2.550000000000000000e+02 4.285525075414781071e+01 5.944537141779788669e+01
2.550000000000000000e+02 4.280269607843137436e+01 5.964432503770738947e+01
2.550000000000000000e+02 4.276451734539969607e+01 5.947039969834087714e+01
2.549998114630467683e+02 4.271229260935142946e+01 5.946926847662141569e+01
2.549998114630467683e+02 4.273406862745098067e+01 5.970201734539969607e+01
2.549999057315233699e+02 4.273043929110105665e+01 5.953134426847662297e+01
2.549999057315233699e+02 4.274995286576169207e+01 5.943075980392156765e+01
2.550000000000000000e+02 4.273411576168928860e+01 5.945036764705882604e+01
2.550000000000000000e+02 4.277927036199095312e+01 5.957282239819004843e+01
2.550000000000000000e+02 4.285468514328808709e+01 5.964936840120663675e+01
2.550000000000000000e+02 4.292434954751131215e+01 5.982555618401206488e+01
2.550000000000000000e+02 4.291935331825037991e+01 5.984318438914026927e+01
2.550000000000000000e+02 4.299448529411764497e+01 5.971733597285067674e+01
2.550000000000000000e+02 4.301626131221719618e+01 5.983149509803921262e+01
2.550000000000000000e+02 4.309893476621417818e+01 5.983630279034690602e+01
2.550000000000000000e+02 4.309968891402714775e+01 5.982998680241327349e+01
2.549999057315233699e+02 4.318189102564102910e+01 5.984243024132729971e+01
2.550000000000000000e+02 4.319565422322775561e+01 6.002549962292609109e+01
2.549997171945701382e+02 4.328450226244343924e+01 6.003271116138763119e+01
2.550000000000000000e+02 4.328454939668174717e+01 5.996790158371040746e+01
2.550000000000000000e+02 4.332649886877828038e+01 5.992463235294117396e+01
2.550000000000000000e+02 4.338527526395173339e+01 5.989517345399698200e+01
2.550000000000000000e+02 4.349835030165912286e+01 6.012287895927601511e+01
2.550000000000000000e+02 4.364757730015082871e+01 6.020244155354449589e+01
2.550000000000000000e+02 4.374302413273001378e+01 6.036283936651583559e+01
2.550000000000000000e+02 4.370149886877828038e+01 6.040888951734540058e+01
2.550000000000000000e+02 4.368608597285067674e+01 6.035218702865761742e+01
2.550000000000000000e+02 4.369230769230769340e+01 6.039498491704374317e+01
2.550000000000000000e+02 4.373948906485671273e+01 6.026729826546002755e+01
2.550000000000000000e+02 4.374717194570136058e+01 6.029091251885369473e+01
2.550000000000000000e+02 4.376536576168928860e+01 6.038631221719457187e+01
2.550000000000000000e+02 4.383008107088989647e+01 6.026135935143287981e+01
2.550000000000000000e+02 4.379972662141779693e+01 6.035100867269984803e+01
2.550000000000000000e+02 4.380434577677224439e+01 6.027465120663649856e+01
2.549996700603318232e+02 4.378973416289592535e+01 6.033375754147812842e+01
2.550000000000000000e+02 4.381033182503770718e+01 6.022954374057314908e+01
2.550000000000000000e+02 4.365610859728506910e+01 6.009332579185520018e+01
2.549999057315233699e+02 4.358517156862745168e+01 6.004293929110105665e+01
2.550000000000000000e+02 4.351480015082956498e+01 6.005250754147812842e+01
2.550000000000000000e+02 4.350183823529411598e+01 5.997921380090497934e+01
2.550000000000000000e+02 4.351362179487179560e+01 6.006245286576169207e+01
2.550000000000000000e+02 4.349099736048265186e+01 5.995649509803921262e+01
2.550000000000000000e+02 4.349778469079939924e+01 6.001305618401206488e+01
2.550000000000000000e+02 4.354520173453997245e+01 6.005519419306183693e+01
2.550000000000000000e+02 4.357909125188537303e+01 6.007626319758672651e+01
2.550000000000000000e+02 4.357093702865761742e+01 6.011250942684765874e+01
2.550000000000000000e+02 4.361505467571644346e+01 6.014569193061839769e+01
2.550000000000000000e+02 4.364333521870286603e+01 6.009610671191553877e+01
2.550000000000000000e+02 4.363183446455505532e+01 6.013089177978883981e+01
2.550000000000000000e+02 4.365210218702866030e+01 6.007423642533936459e+01
2.550000000000000000e+02 4.361986236802412975e+01 6.008121229260935081e+01
2.550000000000000000e+02 4.360501508295625683e+01 6.006193438914026927e+01
2.549998585972850549e+02 4.365516591251885359e+01 5.998322021116138814e+01
2.550000000000000000e+02 4.366888197586727216e+01 6.016727941176470296e+01
2.550000000000000000e+02 4.365804110105580804e+01 5.997742269984917129e+01
2.550000000000000000e+02 4.368995098039215463e+01 6.011868401206636747e+01
2.550000000000000000e+02 4.373609539969834259e+01 6.014352375565611197e+01
2.550000000000000000e+02 4.375084841628959254e+01 6.026781674208145034e+01
2.550000000000000000e+02 4.380962481146304555e+01 6.028153280542986181e+01
2.550000000000000000e+02 4.386335784313725839e+01 6.029209087481146412e+01
2.550000000000000000e+02 4.375641025641025550e+01 6.020475113122171962e+01
2.550000000000000000e+02 4.375221530920060076e+01 6.023006221719457187e+01
2.550000000000000000e+02 4.369730392156862564e+01 6.014328808446455810e+01
2.550000000000000000e+02 4.373892345399698200e+01 6.025278092006033148e+01
2.550000000000000000e+02 4.377842194570136058e+01 6.026871229260935081e+01
2.550000000000000000e+02 4.382027714932126372e+01 6.026550716440422661e+01
2.550000000000000000e+02 4.386778846153845990e+01 6.027012631975867407e+01
2.550000000000000000e+02 4.389206259426847367e+01 6.033861236802412975e+01
2.550000000000000000e+02 4.395168740573152633e+01 6.025655165912518640e+01
2.550000000000000000e+02 4.391694947209653321e+01 6.021662895927601511e+01
2.550000000000000000e+02 4.391713800904977205e+01 6.025904977375565608e+01
2.550000000000000000e+02 4.397676282051281760e+01 6.020404411764705799e+01
2.550000000000000000e+02 4.394348604826546278e+01 6.017302978883861186e+01
2.550000000000000000e+02 4.381108597285067674e+01 6.018533182503770718e+01
2.550000000000000000e+02 4.361415912518853588e+01 6.009473981900452344e+01
2.550000000000000000e+02 4.345460972850678871e+01 5.991200037707390891e+01
2.550000000000000000e+02 4.334026206636500689e+01 5.978624622926093224e+01
2.549999528657616850e+02 4.330213046757164363e+01 5.981636500754147789e+01
2.550000000000000000e+02 4.328506787330316996e+01 5.979524886877828038e+01
2.550000000000000000e+02 4.338701923076923350e+01 5.982913838612368096e+01
2.550000000000000000e+02 4.337490573152337703e+01 5.984643665158370851e+01
2.550000000000000000e+02 4.345814479638008976e+01 5.977903469079939924e+01
2.550000000000000000e+02 4.345197021116138814e+01 5.991360294117647101e+01
2.550000000000000000e+02 4.346219834087481360e+01 5.986962669683257587e+01
2.550000000000000000e+02 4.355132918552035903e+01 6.002088046757164363e+01
2.549999057315233699e+02 4.359375000000000000e+01 5.994593702865761742e+01
2.549994815233785914e+02 4.352941176470588402e+01 5.992081447963801111e+01
2.550000000000000000e+02 4.348835784313725839e+01 5.977493401206636747e+01
2.550000000000000000e+02 4.347558446455505532e+01 5.983003393665158143e+01
2.550000000000000000e+02 4.351267911010558009e+01 5.990634426847662297e+01
2.550000000000000000e+02 4.357861990950226527e+01 5.982711161387631904e+01
2.550000000000000000e+02 4.359346719457013819e+01 5.989324095022624306e+01
2.550000000000000000e+02 4.363098604826546278e+01 5.996997549019607732e+01
2.550000000000000000e+02 4.364800150829562853e+01 5.999679487179486870e+01
2.550000000000000000e+02 4.373378582202111886e+01 6.009426847662141569e+01
2.550000000000000000e+02 4.375377073906485492e+01 6.014017722473604977e+01
2.550000000000000000e+02 4.377130467571644346e+01 6.033342760180995157e+01
2.550000000000000000e+02 4.371281108597285225e+01 6.015427036199095312e+01
2.549998114630467683e+02 4.372935520361991024e+01 6.009983031674207865e+01
2.550000000000000000e+02 4.374717194570136058e+01 6.016600678733031771e+01
2.550000000000000000e+02 4.379553167420814219e+01 6.004713423831071140e+01
2.550000000000000000e+02 4.378704751131221684e+01 6.002073906485671273e+01
2.549991987179487296e+02 4.385171568627450966e+01 6.005524132730015197e+01
2.549995757918551931e+02 4.383088235294117396e+01 6.008323906485671273e+01
2.550000000000000000e+02 4.385204562594268651e+01 6.011703431372549034e+01
2.549998585972850549e+02 4.384200603318250700e+01 5.995220588235294201e+01
2.550000000000000000e+02 4.383795248868778316e+01 6.010793740573152633e+01
2.550000000000000000e+02 4.383074095022624306e+01 6.014814291101055943e+01
2.550000000000000000e+02 4.383677413273001378e+01 6.022148378582202355e+01
2.550000000000000000e+02 4.383847096530919885e+01 6.016643099547511042e+01
2.550000000000000000e+02 4.378200414781296956e+01 6.005981334841629149e+01
2.550000000000000000e+02 4.368754713423830793e+01 6.009884049773755521e+01
2.550000000000000000e+02 4.359370286576169207e+01 5.996163273001508287e+01
2.550000000000000000e+02 4.338023190045248612e+01 5.971686463046756899e+01
2.550000000000000000e+02 4.329166666666666430e+01 5.980505279034690602e+01
2.550000000000000000e+02 4.334459841628959254e+01 5.990247926093514508e+01
2.550000000000000000e+02 4.335204562594268651e+01 5.984657805429863942e+01
2.550000000000000000e+02 4.332946832579185781e+01 5.985803167420814219e+01
2.550000000000000000e+02 4.335049019607843235e+01 5.973868778280542813e+01
2.550000000000000000e+02 4.329986802413272784e+01 5.974019607843137436e+01
2.550000000000000000e+02 4.335708898944193379e+01 5.979986802413272784e+01
2.550000000000000000e+02 4.336425339366515885e+01 5.981174585218703044e+01
2.550000000000000000e+02 4.331627073906485492e+01 5.968608597285067674e+01
2.550000000000000000e+02 4.330608974358974450e+01 5.976187782805429549e+01
2.550000000000000000e+02 4.333488876319758987e+01 5.979444758672699578e+01
2.550000000000000000e+02 4.339889705882352899e+01 5.968669871794871540e+01
2.550000000000000000e+02 4.338772624434388803e+01 5.971926847662141569e+01
2.550000000000000000e+02 4.334935897435897090e+01 5.972237933634992402e+01
2.549992929864253313e+02 4.336067119155354277e+01 5.965412895927601511e+01
2.550000000000000000e+02 4.335953996983408842e+01 5.980872926093514508e+01
2.550000000000000000e+02 4.345597662141779693e+01 5.981344268476621551e+01
2.550000000000000000e+02 4.343325791855203732e+01 5.979845399698341168e+01
2.550000000000000000e+02 4.342802601809954410e+01 5.975098981900452344e+01
2.549983031674208007e+02 4.352026772247360498e+01 5.976348039215686470e+01
2.549989159125188678e+02 4.348647247360482737e+01 5.979501319758672651e+01
2.549986331070889776e+02 4.351932503770738947e+01 5.984728506787330105e+01
2.549991987179487296e+02 4.356669494720965474e+01 5.989578619909502066e+01
2.549992929864253313e+02 4.354454185520361875e+01 5.970866327300150544e+01
2.549994815233785914e+02 4.352865761689291446e+01 5.968127828054298334e+01
2.550000000000000000e+02 4.358955505279034526e+01 5.983814102564102910e+01
2.550000000000000000e+02 4.358710407239819062e+01 5.985520361990950278e+01
2.549998114630467683e+02 4.360543929110105665e+01 6.003492647058823195e+01
2.549998114630467683e+02 4.366647812971342546e+01 6.008748114630467541e+01
2.549985859728506910e+02 4.375895550527903310e+01 6.003912141779788669e+01
2.549984445701357458e+02 4.376018099547511042e+01 6.002630090497737569e+01
2.549989630467571544e+02 4.386279223227752766e+01 6.003935708898944057e+01
2.550000000000000000e+02 4.388343702865761742e+01 6.007348227752639502e+01
2.550000000000000000e+02 4.379736990950226527e+01 5.997186085972850833e+01
2.550000000000000000e+02 4.381193438914026927e+01 6.002488687782805243e+01
2.550000000000000000e+02 4.374556938159879138e+01 5.992769607843137436e+01
2.550000000000000000e+02 4.352384992458522106e+01 5.970984162895927483e+01
2.550000000000000000e+02 4.334337292609351522e+01 5.971743024132729971e+01
2.550000000000000000e+02 4.333314479638008976e+01 5.967100301659124995e+01
2.550000000000000000e+02 4.320654223227752766e+01 5.951234917043740325e+01
2.550000000000000000e+02 4.323284313725490335e+01 5.951546003016591158e+01
2.550000000000000000e+02 4.322704562594268651e+01 5.952700791855203732e+01
2.550000000000000000e+02 4.326715686274509665e+01 5.950094268476621551e+01
2.550000000000000000e+02 4.331188725490196134e+01 5.966473416289592535e+01
2.550000000000000000e+02 4.332522624434388803e+01 5.960246983408747923e+01
2.549998585972850549e+02 4.334261877828054565e+01 5.961816553544494468e+01
2.549989630467571544e+02 4.344362745098039369e+01 5.964771870286575961e+01
2.549995757918551931e+02 4.343387066365007598e+01 5.974957579185520018e+01
2.549989630467571544e+02 4.341751508295625683e+01 5.980580693815988269e+01
2.550000000000000000e+02 4.341727941176470296e+01 5.976522435897435770e+01
2.550000000000000000e+02 4.345314856711915752e+01 5.971530920060331482e+01
2.549997171945701382e+02 4.352083333333333570e+01 5.980844645550527616e+01
2.550000000000000000e+02 4.352639517345399867e+01 5.973783936651583559e+01
2.550000000000000000e+02 4.355241327300150544e+01 5.987320889894419196e+01
2.550000000000000000e+02 4.359181749622926105e+01 5.995427978883861186e+01
2.549999528657616850e+02 4.362895927601810087e+01 5.990771116138763119e+01
2.549999528657616850e+02 4.363532239819004843e+01 5.986439479638008976e+01
2.549997643288084532e+02 4.367368966817496556e+01 5.999844457013574583e+01
2.549998585972850549e+02 4.375084841628959254e+01 6.003355957767722373e+01
2.549998585972850549e+02 4.380872926093514508e+01 5.998133484162895712e+01
2.549998585972850549e+02 4.379147812971342546e+01 6.006127450980392268e+01
2.549997171945701382e+02 4.383309766214178183e+01 6.007631033182503444e+01
2.549999528657616850e+02 4.381042609351433015e+01 6.013310708898944057e+01
2.549997643288084532e+02 4.382942119155354277e+01 6.013023190045248612e+01
2.549999057315233699e+02 4.387335030165912286e+01 6.001456447963801111e+01
2.550000000000000000e+02 4.386005844645550411e+01 6.005858785822021417e+01
2.550000000000000000e+02 4.387429298642533837e+01 6.003511500754147789e+01
2.550000000000000000e+02 4.381254713423830793e+01 6.004953808446455810e+01
2.549999528657616850e+02 4.381386689291100822e+01 5.988334276018099445e+01
2.550000000000000000e+02 4.387674396681749300e+01 5.994546568627450966e+01
2.550000000000000000e+02 4.381763763197587025e+01 5.993500188536953033e+01
2.550000000000000000e+02 4.370041478129713397e+01 5.995673076923076650e+01
2.550000000000000000e+02 4.361326357466063541e+01 5.984704939668174717e+01
2.549998114630467683e+02 4.350589177978883981e+01 5.980434577677224439e+01
2.549999057315233699e+02 4.341859917043740325e+01 5.990379901960784537e+01
2.550000000000000000e+02 4.334035633484162986e+01 5.968858408748114641e+01
2.550000000000000000e+02 4.327286010558069052e+01 5.972214366515837014e+01
2.550000000000000000e+02 4.333356900452488958e+01 5.965125377073906776e+01
2.550000000000000000e+02 4.332956259426847367e+01 5.964800150829562853e+01
2.550000000000000000e+02 4.333931938159879138e+01 5.966558257918551789e+01
2.550000000000000000e+02 4.340342194570136058e+01 5.982367081447964097e+01
2.550000000000000000e+02 4.341119909502262431e+01 5.974830316742081493e+01
2.550000000000000000e+02 4.350777714932126372e+01 5.977964743589743790e+01
2.550000000000000000e+02 4.349901018099547656e+01 5.983894230769230660e+01
2.550000000000000000e+02 4.352615950226244479e+01 5.992906297134238258e+01
2.550000000000000000e+02 4.350937971342383292e+01 5.984893476621417818e+01
2.549994815233785914e+02 4.351644984917043502e+01 5.990313914027149167e+01
2.549992458521870162e+02 4.356499811463046967e+01 5.993462481146304555e+01
2.549993401206636463e+02 4.361222662141779693e+01 5.996243401206636747e+01
2.549999057315233699e+02 4.374363687782805243e+01 5.989399509803921262e+01
2.549993872549019613e+02 4.367189856711915752e+01 5.986052978883861186e+01
2.549989630467571544e+02 4.367793174962292824e+01 5.985902149321267274e+01
2.549986802413272926e+02 4.366760935143287981e+01 5.982777149321267274e+01
2.550000000000000000e+02 4.367849736048265186e+01 5.985157428355957876e+01
2.550000000000000000e+02 4.368094834087481360e+01 5.978162707390648478e+01
2.549997643288084532e+02 4.370126319758672651e+01 5.981174585218703044e+01
2.549993401206636463e+02 4.367236990950226527e+01 5.980340309200603599e+01
2.549987745098039227e+02 4.369164781297133970e+01 5.983521870286575961e+01
2.550000000000000000e+02 4.368311651583710642e+01 5.985647624434388803e+01
2.550000000000000000e+02 4.364390082956259675e+01 5.977483974358974450e+01
2.550000000000000000e+02 4.367401960784313530e+01 5.982532051282051100e+01
2.550000000000000000e+02 4.378855580693816307e+01 5.996370663650075272e+01
2.550000000000000000e+02 4.382635746606334948e+01 5.993646304675716152e+01
2.550000000000000000e+02 4.390389328808446123e+01 5.987071078431372229e+01
2.550000000000000000e+02 4.388428544494720995e+01 5.993396493212669895e+01
2.550000000000000000e+02 4.385534502262443368e+01 5.999816176470588402e+01
2.550000000000000000e+02 4.387122926093514508e+01 5.997916666666666430e+01
2.550000000000000000e+02 4.389408936651583559e+01 5.987759238310708554e+01
2.550000000000000000e+02 4.366303733031674028e+01 5.980604260935142946e+01
2.549993401206636463e+02 4.347435897435897090e+01 5.960869155354449589e+01
2.550000000000000000e+02 4.336887254901960631e+01 5.948397435897435770e+01
2.549999528657616850e+02 4.337438725490196134e+01 5.952276583710407465e+01
2.549998114630467683e+02 4.331980580693816307e+01 5.939276960784313530e+01
2.550000000000000000e+02 4.322822398190045590e+01 5.937509426847662297e+01
2.550000000000000000e+02 4.321431938159879138e+01 5.941388574660633282e+01
2.549999528657616850e+02 4.325768288084464785e+01 5.947648001508295579e+01
2.549999528657616850e+02 4.325904977375565608e+01 5.935595776772247234e+01
2.550000000000000000e+02 4.328751885369532459e+01 5.957334087481146412e+01
2.549999057315233699e+02 4.329440045248868785e+01 5.950801282051281760e+01
2.549998114630467683e+02 4.335944570135746545e+01 5.953421945701357743e+01
2.549996229260935081e+02 4.336005844645550411e+01 5.968792420814479982e+01
2.549998114630467683e+02 4.334492835595776938e+01 5.964847285067873628e+01
2.550000000000000000e+02 4.334304298642533837e+01 5.942562217194570451e+01
2.550000000000000000e+02 4.328883861236802488e+01 5.963197586726998622e+01
2.550000000000000000e+02 4.330901206636500689e+01 5.975160256410256210e+01
2.550000000000000000e+02 4.334808634992458565e+01 5.974467383107089091e+01
2.549999057315233699e+02 4.336349924585218929e+01 5.980806938159879138e+01
2.549991515837104146e+02 4.342236990950226527e+01 5.978577488687783159e+01
2.549992929864253313e+02 4.345805052790346679e+01 5.980580693815988269e+01
2.549993872549019613e+02 4.341925904977375694e+01 5.975787141779788669e+01
2.549993872549019613e+02 4.344876508295625683e+01 5.972157805429863942e+01
2.550000000000000000e+02 4.341883484162895712e+01 5.974245852187028305e+01
2.550000000000000000e+02 4.337712104072398489e+01 5.966435708898944057e+01
2.549994815233785914e+02 4.342020173453997245e+01 5.971799585218703044e+01
2.550000000000000000e+02 4.339451357466063541e+01 5.965309200603318374e+01
2.550000000000000000e+02 4.341987179487179560e+01 5.974509803921568363e+01
2.550000000000000000e+02 4.336896681749622928e+01 5.976282051282051100e+01
2.550000000000000000e+02 4.333795248868778316e+01 5.959473981900452344e+01
2.550000000000000000e+02 4.340224358974359120e+01 5.958248491704374317e+01
2.550000000000000000e+02 4.347247360482654699e+01 5.966610105580694068e+01
2.549998114630467683e+02 4.346012443438914374e+01 5.980156485671191291e+01
2.549998114630467683e+02 4.348783936651583559e+01 5.983455882352941302e+01
2.549986802413272926e+02 4.343924396681749300e+01 5.975127262443439236e+01
2.549997643288084532e+02 4.345852187028657454e+01 5.962990196078431637e+01
2.549998585972850549e+02 4.337966628959276250e+01 5.955151772247360498e+01
2.549996229260935081e+02 4.327257730015082871e+01 5.941529977375565608e+01
2.549995286576169065e+02 4.321238687782805243e+01 5.938084464555052477e+01
2.549995757918551931e+02 4.312952488687783159e+01 5.939262820512820440e+01
2.549995757918551931e+02 4.309092194570136058e+01 5.932385935143287981e+01
2.549994815233785914e+02 4.308988499245852211e+01 5.932414215686274161e+01
2.549995286576169065e+02 4.309813348416289358e+01 5.930674962292609109e+01
2.549994343891402764e+02 4.312919494720965474e+01 5.931980580693816307e+01
2.549995286576169065e+02 4.312038084464555254e+01 5.934869909502262431e+01
2.549995757918551931e+02 4.319051659125188536e+01 5.931476244343891580e+01
2.549995757918551931e+02 4.327974170437405377e+01 5.943717006033182315e+01
2.549995757918551931e+02 4.336062405731523484e+01 5.962061651583710642e+01
2.550000000000000000e+02 4.336420625942685092e+01 5.966539404223227905e+01
2.550000000000000000e+02 4.341251885369532459e+01 5.968090120663649856e+01
2.550000000000000000e+02 4.337537707390648478e+01 5.969815233785821817e+01
2.550000000000000000e+02 4.333587858220211331e+01 5.963923453996983426e+01
2.550000000000000000e+02 4.333729260935142946e+01 5.967722473604826661e+01
2.550000000000000000e+02 4.336595022624434392e+01 5.969240196078431637e+01
2.549999057315233699e+02 4.338433257918551789e+01 5.974924585218703044e+01
2.549999057315233699e+02 4.343141968325792135e+01 5.973750942684765874e+01
2.550000000000000000e+02 4.345545814479638125e+01 5.972101244343891580e+01
2.550000000000000000e+02 4.351635558069381915e+01 5.979143099547511042e+01
2.550000000000000000e+02 4.359898190045248612e+01 5.987735671191553877e+01
2.550000000000000000e+02 4.365601432880844612e+01 5.987782805429863942e+01
2.550000000000000000e+02 4.371130279034690602e+01 5.995272435897435770e+01
2.550000000000000000e+02 4.372516025641025550e+01 5.994094079939668518e+01
2.549997171945701382e+02 4.375900263951734814e+01 5.997497171945701666e+01
2.550000000000000000e+02 4.377582956259426794e+01 5.997143665158370851e+01
2.550000000000000000e+02 4.382084276018099445e+01 6.004812405731523484e+01
2.550000000000000000e+02 4.384525829562594623e+01 6.006876885369532459e+01
2.550000000000000000e+02 4.389592760180995157e+01 6.006834464555052477e+01
2.550000000000000000e+02 4.383960218702866030e+01 6.001937217194570451e+01
2.550000000000000000e+02 4.394876508295625683e+01 6.010751319758672651e+01
2.550000000000000000e+02 4.398204185520361875e+01 6.015427036199095312e+01
2.550000000000000000e+02 4.402483974358974450e+01 6.010807880844645723e+01
2.550000000000000000e+02 4.403973416289592535e+01 6.011552601809954410e+01
2.549999528657616850e+02 4.401395173453997245e+01 6.011340497737556632e+01
2.550000000000000000e+02 4.387410444947209953e+01 6.008988499245852211e+01
2.550000000000000000e+02 4.380599547511312153e+01 6.003629336349924728e+01
2.550000000000000000e+02 4.370013197586727216e+01 5.991365007541477894e+01
2.550000000000000000e+02 4.365893665158370851e+01 6.006645927601810087e+01
2.550000000000000000e+02 4.377097473604826661e+01 6.009431561085973073e+01
2.550000000000000000e+02 4.377516968325792135e+01 6.027988310708899178e+01
2.550000000000000000e+02 4.375575037707390891e+01 6.005882352941176805e+01
2.550000000000000000e+02 4.376979638009049722e+01 6.008493589743589780e+01
2.550000000000000000e+02 4.386764705882352899e+01 6.017034313725490335e+01
2.550000000000000000e+02 4.393306938159879138e+01 6.022633861236802488e+01
2.550000000000000000e+02 4.401819381598793512e+01 6.024019607843137436e+01
2.550000000000000000e+02 4.399080882352941302e+01 6.024024321266968229e+01
2.550000000000000000e+02 4.397775263951734814e+01 6.025037707390648478e+01
2.550000000000000000e+02 4.392062594268476516e+01 6.026555429864253455e+01
2.550000000000000000e+02 4.396276395173453722e+01 6.010482654600301800e+01
2.550000000000000000e+02 4.395267722473604977e+01 6.012443438914026927e+01
2.550000000000000000e+02 4.394895361990950278e+01 6.007385935143287981e+01
2.550000000000000000e+02 4.387834653092006221e+01 6.006000188536953033e+01
2.550000000000000000e+02 4.385402526395173339e+01 5.998439856711915752e+01
2.550000000000000000e+02 4.387452865761689225e+01 6.002309577677224439e+01
2.549999057315233699e+02 4.387740384615384670e+01 6.002663084464555254e+01
2.549997171945701382e+02 4.391808069381598756e+01 6.002809200603318374e+01
2.549999057315233699e+02 4.395314856711915752e+01 6.014903846153845990e+01
2.550000000000000000e+02 4.389687028657616708e+01 6.003516214177978583e+01
2.550000000000000000e+02 4.393660444947209953e+01 6.009714366515837014e+01
2.550000000000000000e+02 4.391902337858220307e+01 6.018288084464555254e+01
2.550000000000000000e+02 4.384257164404223062e+01 6.011397058823529704e+01
2.549996700603318232e+02 4.389630467571644346e+01 6.005571266968325972e+01
2.550000000000000000e+02 4.390851244343891580e+01 6.002719645550527616e+01
2.550000000000000000e+02 4.392199283559577339e+01 6.006858031674207865e+01
2.550000000000000000e+02 4.387113499245852211e+01 5.996116138763197512e+01
2.550000000000000000e+02 4.388777337858220307e+01 5.990049962292609109e+01
2.550000000000000000e+02 4.387679110105580804e+01 5.992496229260935081e+01
2.550000000000000000e+02 4.395673076923076650e+01 5.994702111613876383e+01
2.550000000000000000e+02 4.386364064856712019e+01 5.985732466063348767e+01
2.549999528657616850e+02 4.377516968325792135e+01 5.986595022624434392e+01
2.550000000000000000e+02 4.363942307692308020e+01 5.961104826546002755e+01
2.549998114630467683e+02 4.341157616892910909e+01 5.947021116138763119e+01
2.550000000000000000e+02 4.340101809954751388e+01 5.956570512820513130e+01
2.550000000000000000e+02 4.346912707390648478e+01 5.980462858220211331e+01
2.550000000000000000e+02 4.340559012066365341e+01 5.984733220211161608e+01
2.550000000000000000e+02 4.339069570135746545e+01 5.981980580693816307e+01
2.550000000000000000e+02 4.339078996983408842e+01 5.976333898944193379e+01
2.549998114630467683e+02 4.340667420814479982e+01 5.973331447963801111e+01
2.549998114630467683e+02 4.347992081447964097e+01 5.979449472096531082e+01
2.549998114630467683e+02 4.354506033182503444e+01 5.983983785822021417e+01
2.550000000000000000e+02 4.357315233785821817e+01 5.981061463046756899e+01
2.550000000000000000e+02 4.356452677224736192e+01 5.991812782805429549e+01
2.550000000000000000e+02 4.354708710407239636e+01 5.982225678733031771e+01
2.549998114630467683e+02 4.352818627450980671e+01 5.998350301659124995e+01
2.549994343891402764e+02 4.350791855203620173e+01 5.980759803921568363e+01
2.550000000000000000e+02 4.352238876319758987e+01 5.987259615384615330e+01
2.549998114630467683e+02 4.356947586726998622e+01 5.984803921568627771e+01
2.549997643288084532e+02 4.362047511312216841e+01 5.980561840120663675e+01
2.549998585972850549e+02 4.364465497737556632e+01 5.980180052790346679e+01
2.550000000000000000e+02 4.371073717948718240e+01 5.982433069381598756e+01
2.550000000000000000e+02 4.367944004524886736e+01 5.987221907993966852e+01
2.550000000000000000e+02 4.360562782805429549e+01 5.984893476621417818e+01
2.550000000000000000e+02 4.368844268476621551e+01 5.981787330316742413e+01
2.550000000000000000e+02 4.373100490196078738e+01 5.992039027149321129e+01
2.550000000000000000e+02 4.372520739064857054e+01 5.980806938159879138e+01
2.550000000000000000e+02 4.370616515837104288e+01 5.983955505279034526e+01
2.550000000000000000e+02 4.371177413273001378e+01 5.987919494720965474e+01
2.549991987179487296e+02 4.367859162895927483e+01 5.988852752639517263e+01
2.549996700603318232e+02 4.369772812971342546e+01 5.986015271493212708e+01
2.550000000000000000e+02 4.374575791855203732e+01 5.984634238310708554e+01
2.549999528657616850e+02 4.372256787330316996e+01 5.986387631975867407e+01
2.549999528657616850e+02 4.367147435897435770e+01 5.984144042232277627e+01
2.549999057315233699e+02 4.370234728506787292e+01 5.984761500754147789e+01
2.549995757918551931e+02 4.371215120663649856e+01 5.987815799396681626e+01
2.549995286576169065e+02 4.371587481146304555e+01 5.993146681749622928e+01
2.549994343891402764e+02 4.369654977375565608e+01 5.983446455505279005e+01
2.549996700603318232e+02 4.354590874811462697e+01 5.971125565610859809e+01
2.549992929864253313e+02 4.338442684766214086e+01 5.972002262443439236e+01
2.549994815233785914e+02 4.334516402714932326e+01 5.963174019607843235e+01
2.550000000000000000e+02 4.339140271493212708e+01 5.969013951734540058e+01
2.550000000000000000e+02 4.339418363499245856e+01 5.966407428355957876e+01
2.550000000000000000e+02 4.336816553544494468e+01 5.969574849170437147e+01
2.550000000000000000e+02 4.335312971342383292e+01 5.969353318250377072e+01
2.550000000000000000e+02 4.337580128205128460e+01 5.967925150829562853e+01
2.550000000000000000e+02 4.345658936651583559e+01 5.958432315233785914e+01
2.550000000000000000e+02 4.343080693815988269e+01 5.960567496229261053e+01
2.549996229260935081e+02 4.344970776772247234e+01 5.974429675716440613e+01
2.549995286576169065e+02 4.354091251885369473e+01 5.980099924585218929e+01
2.549996229260935081e+02 4.352191742081448211e+01 5.979595588235294201e+01
2.549996229260935081e+02 4.358460595776772095e+01 5.991379147812971695e+01
2.549999528657616850e+02 4.357772435897435770e+01 5.988692496229261053e+01
2.549992458521870162e+02 4.364536199095022795e+01 5.994475867269984803e+01
2.549989159125188678e+02 4.370541101055806621e+01 6.004845399698341168e+01
2.549987745098039227e+02 4.378440799396681626e+01 6.007692307692308020e+01
2.549997643288084532e+02 4.379359917043740325e+01 6.013249434389140191e+01
2.549998585972850549e+02 4.392161576168928860e+01 6.021290535444947523e+01
2.549998585972850549e+02 4.396351809954751388e+01 6.021219834087481360e+01
2.550000000000000000e+02 4.398769796380090469e+01 6.021036010558069052e+01
2.550000000000000000e+02 4.407871417797888114e+01 6.036811840120663675e+01
2.550000000000000000e+02 4.410897435897435770e+01 6.043966817496229282e+01
2.550000000000000000e+02 4.411052978883861186e+01 6.042915723981900555e+01
2.550000000000000000e+02 4.408776395173453722e+01 6.047369909502262431e+01
2.550000000000000000e+02 4.413027903469080115e+01 6.043486048265459942e+01
2.550000000000000000e+02 4.413838612368024172e+01 6.031400829562594623e+01
2.550000000000000000e+02 4.416671380090497934e+01 6.036835407239819062e+01
2.550000000000000000e+02 4.416284879336350144e+01 6.037580128205128460e+01
2.550000000000000000e+02 4.419631410256410220e+01 6.037382164404223062e+01
2.550000000000000000e+02 4.420197021116138814e+01 6.029143099547511042e+01
2.550000000000000000e+02 4.419325037707390891e+01 6.024877450980392268e+01
2.550000000000000000e+02 4.416148190045248612e+01 6.025188536953243101e+01
2.550000000000000000e+02 4.436312217194570451e+01 6.021238687782805243e+01
2.550000000000000000e+02 4.429652149321267274e+01 6.026956070889894335e+01
2.550000000000000000e+02 4.426484728506787292e+01 6.023967760180995157e+01
2.550000000000000000e+02 4.411354638009049722e+01 6.017368966817496556e+01
2.550000000000000000e+02 4.408484162895927483e+01 6.017609351432880516e+01
2.550000000000000000e+02 4.401305618401206488e+01 6.024938725490196134e+01
2.550000000000000000e+02 4.391973039215686470e+01 6.021592194570136058e+01
2.550000000000000000e+02 4.396620475113122239e+01 6.020055618401206488e+01
2.550000000000000000e+02 4.396167986425339080e+01 6.024957579185520018e+01
2.550000000000000000e+02 4.393759426847662297e+01 6.028327677224736192e+01
2.550000000000000000e+02 4.395489253393665052e+01 6.024778469079939924e+01
2.550000000000000000e+02 4.402220022624434392e+01 6.025871983408747923e+01
2.550000000000000000e+02 4.400400641025640880e+01 6.003087292609351522e+01
2.550000000000000000e+02 4.406443250377073895e+01 6.006122737556560764e+01
2.550000000000000000e+02 4.407697021116138814e+01 6.009412707390648478e+01
2.550000000000000000e+02 4.405844645550527616e+01 6.005901206636500689e+01
2.550000000000000000e+02 4.409596530920060076e+01 6.006400829562594623e+01
2.550000000000000000e+02 4.406787330316742413e+01 6.031872171945701666e+01
2.550000000000000000e+02 4.407673453996983426e+01 6.024161010558069052e+01
2.550000000000000000e+02 4.409228883861236881e+01 6.025358220211161608e+01
2.550000000000000000e+02 4.407711161387631904e+01 6.032437782805429549e+01
2.550000000000000000e+02 4.411557315233785914e+01 6.024670060331825283e+01
2.550000000000000000e+02 4.412891214177978583e+01 6.017576357466063541e+01
2.550000000000000000e+02 4.407734728506787292e+01 6.017906297134238258e+01
2.550000000000000000e+02 4.406311274509803866e+01 6.022138951734540058e+01
2.550000000000000000e+02 4.407659313725490335e+01 6.019160067873303177e+01
2.550000000000000000e+02 4.417274698340875005e+01 6.027710218702866030e+01
2.550000000000000000e+02 4.416968325791854966e+01 6.029015837104072517e+01
2.550000000000000000e+02 4.420701357466063541e+01 6.033578431372549034e+01
2.550000000000000000e+02 4.412500000000000000e+01 6.015290346907993779e+01
2.550000000000000000e+02 4.417722473604826661e+01 6.007777149321267274e+01
2.550000000000000000e+02 4.417713046757164363e+01 6.012066365007541435e+01
2.550000000000000000e+02 4.414786010558069052e+01 6.022506598793363253e+01
2.550000000000000000e+02 4.414163838612368096e+01 6.014418363499245856e+01
2.550000000000000000e+02 4.412825226244343924e+01 6.011778846153845990e+01
2.550000000000000000e+02 4.407649886877828038e+01 6.025230957767722373e+01
2.549996700603318232e+02 4.410600490196078738e+01 6.025881410256410220e+01
2.549992458521870162e+02 4.395324283559577339e+01 6.007852564102564230e+01
2.549988687782805528e+02 4.377846907993966852e+01 6.010784313725490335e+01
2.550000000000000000e+02 4.369782239819004843e+01 6.000306372549019329e+01
2.550000000000000000e+02 4.365054675716440613e+01 6.003610482654600133e+01
2.550000000000000000e+02 4.359318438914026927e+01 5.994273190045248612e+01
2.550000000000000000e+02 4.358206070889894335e+01 5.997252073906485492e+01
2.549999057315233699e+02 4.364201546003016574e+01 5.995149886877828038e+01
2.550000000000000000e+02 4.359506975867270029e+01 5.997025829562594623e+01
2.549992929864253313e+02 4.362316176470588402e+01 5.991492269984917129e+01
2.549998585972850549e+02 4.366275452488687847e+01 5.994848227752639502e+01
2.549998585972850549e+02 4.369457013574660920e+01 5.989046003016591158e+01
2.550000000000000000e+02 4.370616515837104288e+01 6.000433634992458565e+01
2.550000000000000000e+02 4.375768288084464785e+01 5.998835784313725839e+01
2.550000000000000000e+02 4.377540535444947523e+01 5.999099736048265186e+01
2.549999528657616850e+02 4.374632352941176805e+01 6.001904223227752766e+01
2.550000000000000000e+02 4.376602564102564230e+01 5.998416289592760364e+01
2.550000000000000000e+02 4.371988122171945435e+01 6.001390460030165741e+01
2.550000000000000000e+02 4.372992081447964097e+01 5.997567873303167119e+01
2.550000000000000000e+02 4.372582013574660920e+01 6.001032239819004843e+01
2.550000000000000000e+02 4.372369909502262431e+01 6.000593891402714775e+01
2.549999528657616850e+02 4.377130467571644346e+01 5.983031674208145034e+01
2.549998585972850549e+02 4.372751696832579427e+01 5.987099358974359120e+01
2.550000000000000000e+02 4.375956825037707176e+01 5.990907805429863942e+01
2.550000000000000000e+02 4.370201734539969607e+01 5.992166289592760364e+01
2.550000000000000000e+02 4.363371983408747923e+01 5.976607277526395023e+01
2.550000000000000000e+02 4.362952488687783159e+01 5.981033182503770718e+01
2.549999057315233699e+02 4.362198340874811464e+01 5.981268853695324594e+01
2.549999528657616850e+02 4.367029600301658832e+01 5.990888951734540058e+01
2.549999528657616850e+02 4.363782051282051100e+01 5.988159879336350144e+01
2.549999528657616850e+02 4.365775829562594623e+01 5.999090309200603599e+01
2.550000000000000000e+02 4.365436463046756899e+01 5.997129524886877761e+01
2.550000000000000000e+02 4.374792609351433015e+01 5.996530920060331482e+01
2.550000000000000000e+02 4.380849358974359120e+01 6.010770173453997245e+01
2.549999528657616850e+02 4.382027714932126372e+01 6.002615950226244479e+01
2.549998114630467683e+02 4.374354260935142946e+01 5.999128016591252077e+01
2.549991987179487296e+02 4.366487556561085626e+01 5.987914781297133970e+01
2.550000000000000000e+02 4.349424962292609109e+01 5.976074660633484115e+01
2.550000000000000000e+02 4.336180241327300422e+01 5.965507164404223062e+01
2.549999057315233699e+02 4.335510935143287981e+01 5.965441176470588402e+01
2.549999528657616850e+02 4.335741892911010353e+01 5.975249811463046967e+01
2.550000000000000000e+02 4.334426847662141569e+01 5.961858974358974450e+01
2.550000000000000000e+02 4.332230392156862564e+01 5.955288461538461320e+01
2.550000000000000000e+02 4.332362368024132593e+01 5.974123303167420573e+01
2.550000000000000000e+02 4.336496040723982048e+01 5.975692873303167119e+01
2.550000000000000000e+02 4.349773755656108420e+01 5.977017345399698200e+01
2.550000000000000000e+02 4.356377262443439236e+01 5.985581636500754144e+01
2.550000000000000000e+02 4.358521870286575961e+01 5.987500000000000000e+01
2.550000000000000000e+02 4.367637631975867407e+01 5.993646304675716152e+01
2.550000000000000000e+02 4.372369909502262431e+01 6.010218702865761742e+01
2.549991044494720995e+02 4.371073717948718240e+01 5.988192873303167119e+01
2.550000000000000000e+02 4.372233220211161608e+01 5.992123868778280382e+01
2.550000000000000000e+02 4.374698340874811464e+01 5.995352564102564230e+01
2.550000000000000000e+02 4.373175904977375694e+01 5.997666855203620173e+01
2.550000000000000000e+02 4.379746417797888114e+01 6.000164969834087714e+01
2.550000000000000000e+02 4.380208333333333570e+01 6.010138574660633282e+01
2.550000000000000000e+02 4.384992458521870162e+01 6.014319381598793512e+01
2.550000000000000000e+02 4.395394984917043502e+01 6.015068815987933704e+01
2.550000000000000000e+02 4.390092383107089091e+01 6.014762443438914374e+01
2.550000000000000000e+02 4.395074472096531082e+01 6.022911953242835637e+01
2.550000000000000000e+02 4.406471530920060076e+01 6.028483220211161608e+01
2.550000000000000000e+02 4.412966628959276250e+01 6.042519796380090469e+01
2.550000000000000000e+02 4.413546380090497934e+01 6.040082956259426794e+01
2.550000000000000000e+02 4.416086915535444746e+01 6.038928167420814219e+01
2.550000000000000000e+02 4.418481334841629149e+01 6.047506598793363253e+01
2.550000000000000000e+02 4.417307692307691980e+01 6.033964932126696823e+01
2.550000000000000000e+02 4.416826923076923350e+01 6.035162141779788669e+01
2.550000000000000000e+02 4.417590497737556632e+01 6.033210784313725839e+01
2.550000000000000000e+02 4.418071266968325972e+01 6.033766968325792135e+01
2.550000000000000000e+02 4.427413273001508287e+01 6.036811840120663675e+01
2.550000000000000000e+02 4.442585784313725839e+01 6.049410822021116019e+01
2.550000000000000000e+02 4.442321832579185781e+01 6.052672511312216841e+01
2.550000000000000000e+02 4.438348416289592535e+01 6.041921191553544190e+01
2.550000000000000000e+02 4.425560897435897090e+01 6.044801093514328727e+01
2.550000000000000000e+02 4.423138197586727216e+01 6.039531485671191291e+01
2.550000000000000000e+02 4.417086161387631904e+01 6.033733974358974450e+01
2.550000000000000000e+02 4.412353883861236881e+01 6.040690987933634659e+01
2.550000000000000000e+02 4.409294871794871540e+01 6.032013574660633282e+01
2.550000000000000000e+02 4.411778846153845990e+01 6.031556372549019329e+01
2.550000000000000000e+02 4.414366515837104288e+01 6.035049019607843235e+01
2.550000000000000000e+02 4.413923453996983426e+01 6.056023755656108420e+01
2.550000000000000000e+02 4.416261312217194757e+01 6.050593891402714775e+01
2.550000000000000000e+02 4.414441930618401244e+01 6.050395927601810087e+01
2.550000000000000000e+02 4.414102564102564230e+01 6.046097285067873628e+01
2.550000000000000000e+02 4.420541101055806621e+01 6.043636877828054565e+01
2.550000000000000000e+02 4.425824849170437147e+01 6.044282616892910909e+01
2.550000000000000000e+02 4.421752450980392268e+01 6.044546568627450966e+01
2.550000000000000000e+02 4.415181938159879138e+01 6.050400641025640880e+01
2.550000000000000000e+02 4.414366515837104288e+01 6.051055806938160231e+01
2.550000000000000000e+02 4.428813159879336325e+01 6.063692496229261053e+01
2.550000000000000000e+02 4.425485482654600133e+01 6.052898755656108420e+01
2.550000000000000000e+02 4.424005467571644346e+01 6.055698529411764497e+01
2.550000000000000000e+02 4.428304110105580804e+01 6.059921757164403999e+01
2.550000000000000000e+02 4.439036576168928860e+01 6.073199472096531082e+01
2.550000000000000000e+02 4.443811274509803866e+01 6.056631787330316996e+01
2.550000000000000000e+02 4.439682315233785914e+01 6.047751696832579427e+01
2.550000000000000000e+02 4.440450603318250700e+01 6.053487933634992402e+01
2.550000000000000000e+02 4.441247171945701666e+01 6.051399886877828038e+01
2.550000000000000000e+02 4.450070701357466163e+01 6.058837669683257587e+01
2.550000000000000000e+02 4.463065610859728594e+01 6.062660256410256210e+01
2.550000000000000000e+02 4.457998680241327349e+01 6.067472662141779693e+01
2.550000000000000000e+02 4.470790912518853588e+01 6.070611802413272784e+01
2.550000000000000000e+02 4.461571455505279005e+01 6.061571455505279005e+01
2.550000000000000000e+02 4.461750565610859809e+01 6.070291289592760364e+01
2.550000000000000000e+02 4.463452111613876383e+01 6.067675339366515885e+01
2.549997643288084532e+02 4.452309577677224439e+01 6.062669683257918507e+01
2.549998114630467683e+02 4.455368589743589780e+01 6.059299585218703044e+01
2.550000000000000000e+02 4.449283559577677494e+01 6.062867647058823195e+01
2.550000000000000000e+02 4.435878582202111886e+01 6.052102187028657454e+01
2.550000000000000000e+02 4.422789404223227905e+01 6.046790158371040746e+01
2.550000000000000000e+02 4.424886877828054565e+01 6.050735294117647101e+01
2.549999057315233699e+02 4.423340874811462697e+01 6.047577300150829416e+01
2.550000000000000000e+02 4.424222285067873628e+01 6.043594457013574583e+01
2.550000000000000000e+02 4.423355015082956498e+01 6.043405920060331482e+01
2.550000000000000000e+02 4.427611236802412975e+01 6.051809954751131215e+01
2.550000000000000000e+02 4.424990573152337703e+01 6.052978883861236881e+01
2.550000000000000000e+02 4.427912895927601511e+01 6.050961538461538680e+01
2.550000000000000000e+02 4.434007352941176805e+01 6.046271681749622928e+01
2.550000000000000000e+02 4.434950037707390891e+01 6.046026583710407465e+01
2.550000000000000000e+02 4.440295060331825283e+01 6.054953808446455810e+01
2.550000000000000000e+02 4.439248680241327349e+01 6.053530354449472384e+01
2.550000000000000000e+02 4.437485859728506910e+01 6.056085030165912286e+01
2.550000000000000000e+02 4.435308257918551789e+01 6.051494155354449589e+01
2.550000000000000000e+02 4.444230769230769340e+01 6.058823529411764497e+01
2.549997643288084532e+02 4.449556938159879138e+01 6.065356334841629149e+01
2.549997643288084532e+02 4.457018288084464785e+01 6.074212858220211331e+01
2.549998114630467683e+02 4.459648378582202355e+01 6.082348227752639502e+01
2.549996229260935081e+02 4.448647247360482737e+01 6.073119343891402622e+01
2.550000000000000000e+02 4.446257541478129838e+01 6.069796380090497934e+01
2.550000000000000000e+02 4.453200414781296956e+01 6.072459464555052477e+01
2.550000000000000000e+02 4.457508484162895712e+01 6.077012631975867407e+01
2.550000000000000000e+02 4.461265082956259675e+01 6.084162895927601511e+01
2.550000000000000000e+02 4.471130279034690602e+01 6.079680429864253455e+01
2.550000000000000000e+02 4.473453996983408842e+01 6.087660256410256210e+01
2.550000000000000000e+02 4.473312594268476516e+01 6.079675716440422661e+01
2.550000000000000000e+02 4.478153280542986181e+01 6.074938725490196134e+01
2.550000000000000000e+02 4.477813914027149167e+01 6.092321832579185781e+01
2.550000000000000000e+02 4.484346719457013819e+01 6.090511877828054565e+01
2.550000000000000000e+02 4.493712292609351522e+01 6.092034313725490335e+01
2.550000000000000000e+02 4.487759238310708554e+01 6.093424773755656076e+01
2.549999057315233699e+02 4.487565987933634659e+01 6.096832579185520018e+01
2.549998585972850549e+02 4.485869155354449589e+01 6.093193815987933704e+01
2.550000000000000000e+02 4.488975301659124995e+01 6.095451546003016574e+01
2.550000000000000000e+02 4.488117458521870162e+01 6.094056372549019329e+01
2.550000000000000000e+02 4.466657239819004843e+01 6.088018476621417818e+01
2.550000000000000000e+02 4.446309389140271406e+01 6.067821455505279005e+01
2.550000000000000000e+02 4.434233597285067674e+01 6.067585784313725839e+01
2.550000000000000000e+02 4.426767533936651233e+01 6.062108785822021417e+01
2.550000000000000000e+02 4.432805429864253455e+01 6.067203996983408842e+01
2.550000000000000000e+02 4.436208521870286603e+01 6.080788084464555254e+01
2.550000000000000000e+02 4.440332767722473761e+01 6.085892722473604977e+01
2.550000000000000000e+02 4.448359728506787292e+01 6.073802790346908154e+01
2.550000000000000000e+02 4.448378582202111886e+01 6.075952111613876383e+01
2.550000000000000000e+02 4.444405165912518640e+01 6.075447775263951655e+01
2.550000000000000000e+02 4.443410633484162986e+01 6.071474358974359120e+01
2.550000000000000000e+02 4.449420248868778316e+01 6.067887443438914374e+01
2.550000000000000000e+02 4.449835030165912286e+01 6.080802224736048345e+01
2.550000000000000000e+02 4.450164969834087714e+01 6.069141214177978583e+01
2.550000000000000000e+02 4.452785633484162986e+01 6.064672888386123617e+01
2.550000000000000000e+02 4.458785822021116019e+01 6.078535067873303177e+01
2.550000000000000000e+02 4.458088235294117396e+01 6.075933257918551789e+01
2.550000000000000000e+02 4.463829185520361875e+01 6.078393665158370851e+01
2.550000000000000000e+02 4.464597473604826661e+01 6.081612933634992402e+01
2.550000000000000000e+02 4.479166666666666430e+01 6.094296757164403999e+01
2.550000000000000000e+02 4.474750188536953033e+01 6.087976055806937836e+01
2.550000000000000000e+02 4.473468137254901933e+01 6.079359917043740325e+01
2.550000000000000000e+02 4.476451734539969607e+01 6.083927224736048345e+01
2.550000000000000000e+02 4.477417986425339080e+01 6.088720776772247234e+01
2.550000000000000000e+02 4.481118024132729971e+01 6.087886500754147789e+01
2.550000000000000000e+02 4.483625565610859809e+01 6.092043740573152633e+01
2.550000000000000000e+02 4.486104826546002755e+01 6.098972473604826661e+01
2.550000000000000000e+02 4.490851244343891580e+01 6.102644230769230660e+01
2.550000000000000000e+02 4.492797888386123617e+01 6.106909879336350144e+01
2.550000000000000000e+02 4.508210784313725839e+01 6.091430995475113264e+01
2.550000000000000000e+02 4.512952488687783159e+01 6.111792986425339080e+01
2.550000000000000000e+02 4.519763386123680249e+01 6.116379147812971695e+01
2.550000000000000000e+02 4.522379336349924728e+01 6.115054675716440613e+01
2.550000000000000000e+02 4.528365384615384670e+01 6.116346153846154010e+01
2.550000000000000000e+02 4.534582390648566985e+01 6.122280354449472384e+01
2.550000000000000000e+02 4.526220776772247234e+01 6.122327488687783159e+01
2.549998585972850549e+02 4.509148755656108420e+01 6.132037141779788669e+01
2.549998585972850549e+02 4.506282993966817685e+01 6.115709841628959254e+01
2.549998585972850549e+02 4.482121983408747923e+01 6.087212481146304555e+01
2.549999057315233699e+02 4.466402714932126372e+01 6.079345776772247234e+01
2.549999528657616850e+02 4.459158182503770718e+01 6.066511123680241013e+01
2.550000000000000000e+02 4.449434389140271406e+01 6.053676470588235503e+01
2.550000000000000000e+02 4.450051847662141569e+01 6.059054487179486870e+01
2.550000000000000000e+02 4.456009615384615330e+01 6.059620098039215463e+01
2.550000000000000000e+02 4.456193438914026927e+01 6.070814479638008976e+01
2.550000000000000000e+02 4.456424396681749300e+01 6.065973793363499311e+01
2.550000000000000000e+02 4.462570701357466163e+01 6.075636312217194757e+01
2.550000000000000000e+02 4.474288273001508287e+01 6.083545437405731349e+01
2.550000000000000000e+02 4.474274132730015197e+01 6.085972850678732726e+01
2.550000000000000000e+02 4.484940610859728594e+01 6.100400641025640880e+01
2.550000000000000000e+02 4.479303355957767963e+01 6.103256975867270029e+01
2.550000000000000000e+02 4.470602375565611197e+01 6.089823717948718240e+01
2.550000000000000000e+02 4.478247549019607732e+01 6.092152149321267274e+01
2.550000000000000000e+02 4.483154223227752766e+01 6.101649698340875005e+01
2.550000000000000000e+02 4.486599736048265186e+01 6.102031485671191291e+01
2.550000000000000000e+02 4.494980203619909531e+01 6.093349358974359120e+01
2.550000000000000000e+02 4.489338235294117396e+01 6.098171191553544190e+01
2.550000000000000000e+02 4.500443061840120862e+01 6.107277526395173339e+01
2.550000000000000000e+02 4.509082767722473761e+01 6.108262631975867407e+01
2.550000000000000000e+02 4.501041666666666430e+01 6.104840686274509665e+01
2.550000000000000000e+02 4.507890271493212708e+01 6.117392533936651233e+01
2.550000000000000000e+02 4.515978506787330105e+01 6.114762443438914374e+01
2.550000000000000000e+02 4.513414404223227905e+01 6.114639894419305932e+01
2.550000000000000000e+02 4.515775829562594623e+01 6.116643099547511042e+01
2.550000000000000000e+02 4.503332390648566985e+01 6.115596719457013819e+01
2.550000000000000000e+02 4.510586349924584937e+01 6.116138763197587025e+01
2.550000000000000000e+02 4.505901206636500689e+01 6.105693815987933704e+01
2.550000000000000000e+02 4.521111425339366718e+01 6.117991138763197512e+01
2.550000000000000000e+02 4.525155542986425417e+01 6.115738122171945435e+01
2.550000000000000000e+02 4.528803733031674028e+01 6.114710595776772095e+01
2.550000000000000000e+02 4.531598793363499311e+01 6.117203996983408842e+01
2.550000000000000000e+02 4.532522624434388803e+01 6.114950980392156765e+01
2.550000000000000000e+02 4.527441553544494468e+01 6.111321644042232037e+01
2.550000000000000000e+02 4.505580693815988269e+01 6.112990196078431637e+01
2.550000000000000000e+02 4.477403846153845990e+01 6.082220965309200267e+01
2.550000000000000000e+02 4.462759238310708554e+01 6.076230203619909531e+01
2.550000000000000000e+02 4.451348039215686470e+01 6.059040346907993779e+01
2.550000000000000000e+02 4.450065987933634659e+01 6.060020739064857054e+01
2.550000000000000000e+02 4.452399132730015197e+01 6.066049208144796268e+01
2.550000000000000000e+02 4.447746983408747923e+01 6.061321644042232037e+01
2.550000000000000000e+02 4.446728883861236881e+01 6.071785444947209953e+01
2.550000000000000000e+02 4.442986425339366718e+01 6.065026395173453722e+01
2.550000000000000000e+02 4.458545437405731349e+01 6.077729072398189913e+01
2.550000000000000000e+02 4.458733974358974450e+01 6.077568815987933704e+01
2.550000000000000000e+02 4.462660256410256210e+01 6.089489064856712019e+01
2.550000000000000000e+02 4.467048453996983426e+01 6.102474547511312153e+01
2.550000000000000000e+02 4.454392911010558009e+01 6.091157616892910909e+01
2.550000000000000000e+02 4.449142156862745168e+01 6.081070889894419196e+01
2.550000000000000000e+02 4.445871040723982048e+01 6.058946078431372229e+01
2.550000000000000000e+02 4.448689668174962009e+01 6.081466817496229282e+01
2.550000000000000000e+02 4.447398190045248612e+01 6.074688914027149167e+01
2.550000000000000000e+02 4.450542043740573206e+01 6.073760369532428172e+01
2.550000000000000000e+02 4.454416478129713397e+01 6.070074472096531082e+01
2.550000000000000000e+02 4.457673453996983426e+01 6.068495475113122239e+01
2.550000000000000000e+02 4.467062594268476516e+01 6.071285822021116019e+01
2.550000000000000000e+02 4.470545814479638125e+01 6.073383295625942679e+01
2.550000000000000000e+02 4.475622171945701666e+01 6.077931749622926105e+01
2.550000000000000000e+02 4.468245663650075272e+01 6.076437594268476516e+01
2.550000000000000000e+02 4.473204185520361875e+01 6.076531862745098067e+01
2.550000000000000000e+02 4.465700414781296956e+01 6.069056372549019329e+01
2.550000000000000000e+02 4.471191553544494468e+01 6.082541478129713397e+01
2.550000000000000000e+02 4.475744720965309398e+01 6.094560708898944057e+01
2.550000000000000000e+02 4.476498868778280382e+01 6.080062217194570451e+01
2.550000000000000000e+02 4.486250942684765874e+01 6.093924396681749300e+01
2.550000000000000000e+02 4.481480957767722373e+01 6.103153280542986181e+01
2.550000000000000000e+02 4.484407993966817685e+01 6.100273378582202355e+01
2.550000000000000000e+02 4.490813536953243101e+01 6.086543174962292824e+01
2.550000000000000000e+02 4.493090120663649856e+01 6.094966063348416441e+01
2.550000000000000000e+02 4.486986236802412975e+01 6.088635935143287981e+01
2.550000000000000000e+02 4.477333144796379827e+01 6.078907428355957876e+01
2.549999057315233699e+02 4.452271870286575961e+01 6.068118401206636747e+01
2.549999057315233699e+02 4.439625754147812842e+01 6.060430806938160231e+01
2.549999528657616850e+02 4.441534690799396401e+01 6.051102941176470296e+01
2.549998114630467683e+02 4.440931372549019329e+01 6.054788838612368096e+01
2.549991515837104146e+02 4.436524321266968229e+01 6.041266025641025550e+01
2.550000000000000000e+02 4.431080316742081493e+01 6.043627450980392268e+01
2.550000000000000000e+02 4.433210784313725839e+01 6.038857466063348767e+01
2.549999528657616850e+02 4.435034879336350144e+01 6.047167232277526239e+01
2.550000000000000000e+02 4.439526772247360498e+01 6.055194193061839769e+01
2.550000000000000000e+02 4.452163461538461320e+01 6.066727941176470296e+01
2.550000000000000000e+02 4.457230392156862564e+01 6.067731900452488958e+01
2.550000000000000000e+02 4.461029411764705799e+01 6.073246606334841857e+01
2.550000000000000000e+02 4.459879336349924728e+01 6.073444570135746545e+01
2.550000000000000000e+02 4.461533748114630527e+01 6.077286010558069052e+01
2.550000000000000000e+02 4.467901583710407465e+01 6.067043740573152633e+01
2.550000000000000000e+02 4.465742835595776938e+01 6.075556184012066296e+01
2.550000000000000000e+02 4.464965120663649856e+01 6.081575226244343924e+01
2.550000000000000000e+02 4.465563725490196134e+01 6.078733031674207865e+01
2.550000000000000000e+02 4.475301659125188536e+01 6.086434766214178183e+01
2.550000000000000000e+02 4.479289215686274161e+01 6.086877828054298334e+01
2.550000000000000000e+02 4.486722285067873628e+01 6.094376885369532459e+01
2.550000000000000000e+02 4.495281862745098067e+01 6.095197021116138814e+01
2.550000000000000000e+02 4.491888197586727216e+01 6.102776206636500689e+01
2.550000000000000000e+02 4.498350301659124995e+01 6.107899698340875005e+01
2.550000000000000000e+02 4.496530920060331482e+01 6.118014705882352899e+01
2.550000000000000000e+02 4.506424396681749300e+01 6.125466628959276250e+01
2.550000000000000000e+02 4.506622360482654699e+01 6.119292043740573206e+01
2.550000000000000000e+02 4.515139517345399867e+01 6.117845022624434392e+01
2.550000000000000000e+02 4.525344079939668518e+01 6.129482466063348767e+01
2.550000000000000000e+02 4.526258484162895712e+01 6.134167609351433015e+01
2.550000000000000000e+02 4.535006598793363253e+01 6.139644607843137436e+01
2.550000000000000000e+02 4.541247171945701666e+01 6.136957956259426794e+01
2.550000000000000000e+02 4.548072209653091846e+01 6.134638951734540058e+01
2.550000000000000000e+02 4.543066553544494468e+01 6.143933823529411598e+01
2.550000000000000000e+02 4.536972096530919885e+01 6.137066365007541435e+01
2.550000000000000000e+02 4.520772058823529704e+01 6.126729826546002755e+01
2.550000000000000000e+02 4.504760558069381915e+01 6.125216817496229282e+01
2.550000000000000000e+02 4.500787141779788669e+01 6.115068815987933704e+01
2.550000000000000000e+02 4.503412518853695445e+01 6.121540346907993779e+01
2.550000000000000000e+02 4.492020173453997245e+01 6.101296191553544190e+01
2.550000000000000000e+02 4.499698340874811464e+01 6.102790346907993779e+01
2.550000000000000000e+02 4.510873868778280382e+01 6.109431561085973073e+01
2.550000000000000000e+02 4.503445512820513130e+01 6.112438725490196134e+01
2.550000000000000000e+02 4.508818815987933704e+01 6.116812782805429549e+01
2.550000000000000000e+02 4.514154411764705799e+01 6.131009615384615330e+01
2.550000000000000000e+02 4.526692119155354277e+01 6.116200037707390891e+01
2.550000000000000000e+02 4.527488687782805243e+01 6.126423453996983426e+01
2.550000000000000000e+02 4.524707767722473761e+01 6.127978883861236881e+01
2.550000000000000000e+02 4.522308634992458565e+01 6.124071455505279005e+01
2.550000000000000000e+02 4.524740761689291446e+01 6.134723793363499311e+01
2.550000000000000000e+02 4.530236613876319751e+01 6.145800339366515885e+01
2.550000000000000000e+02 4.540813536953243101e+01 6.141822209653091846e+01
2.550000000000000000e+02 4.547822398190045590e+01 6.152639517345399867e+01
2.550000000000000000e+02 4.549358974358974450e+01 6.162528280542986181e+01
2.550000000000000000e+02 4.551244343891402622e+01 6.167665912518853588e+01
2.550000000000000000e+02 4.563480392156862564e+01 6.166101055806937836e+01
2.550000000000000000e+02 4.565903092006033148e+01 6.177243589743589780e+01
2.550000000000000000e+02 4.575730580693816307e+01 6.181094457013574583e+01
2.550000000000000000e+02 4.574250565610859809e+01 6.186354638009049722e+01
2.550000000000000000e+02 4.572718702865761742e+01 6.176206636500754144e+01
2.550000000000000000e+02 4.566247171945701666e+01 6.172949660633484115e+01
2.550000000000000000e+02 4.572341628959276250e+01 6.177271870286575961e+01
2.550000000000000000e+02 4.579718137254901933e+01 6.179218514328808709e+01
2.550000000000000000e+02 4.573477564102564230e+01 6.179699283559577339e+01
2.550000000000000000e+02 4.577347285067873628e+01 6.181740196078431637e+01
2.550000000000000000e+02 4.587947775263951655e+01 6.179982088989441991e+01
2.550000000000000000e+02 4.598633107088989647e+01 6.184294871794871540e+01
2.550000000000000000e+02 4.602795060331825283e+01 6.194669117647058698e+01
2.550000000000000000e+02 4.586708144796379827e+01 6.188141025641025550e+01
2.550000000000000000e+02 4.569640837104072517e+01 6.183667986425339080e+01
2.550000000000000000e+02 4.542039027149321129e+01 6.154077111613876383e+01
2.550000000000000000e+02 4.527752639517345301e+01 6.130269607843137436e+01
2.550000000000000000e+02 4.514776583710407465e+01 6.127879901960784537e+01
2.550000000000000000e+02 4.512320889894419196e+01 6.121050150829562853e+01
2.550000000000000000e+02 4.503002450980392268e+01 6.113730203619909531e+01
2.550000000000000000e+02 4.504873680241327349e+01 6.109587104072398489e+01
2.550000000000000000e+02 4.491284879336350144e+01 6.106933446455505532e+01
2.549999528657616850e+02 4.498477564102564230e+01 6.115106523378582182e+01
2.549999528657616850e+02 4.497963800904977205e+01 6.110822021116138814e+01
2.550000000000000000e+02 4.500692873303167119e+01 6.117670625942685092e+01
2.550000000000000000e+02 4.500362933634992402e+01 6.130971907993966852e+01
2.550000000000000000e+02 4.500787141779788669e+01 6.121997549019607732e+01
2.550000000000000000e+02 4.503596342383107043e+01 6.130613687782805243e+01
2.550000000000000000e+02 4.501574283559577339e+01 6.124255279034690602e+01
2.550000000000000000e+02 4.503355957767722373e+01 6.126036953242835637e+01
2.550000000000000000e+02 4.502719645550527616e+01 6.127248303167420573e+01
2.550000000000000000e+02 4.499976432880844612e+01 6.114352375565611197e+01
2.550000000000000000e+02 4.497426470588235503e+01 6.122944947209653321e+01
2.550000000000000000e+02 4.494461726998491713e+01 6.114851998491704421e+01
2.550000000000000000e+02 4.501800527903468918e+01 6.109219457013574583e+01
2.550000000000000000e+02 4.500763574660633282e+01 6.110982277526395023e+01
2.550000000000000000e+02 4.506315987933634659e+01 6.105062217194570451e+01
2.550000000000000000e+02 4.506429110105580804e+01 6.108239064856712019e+01
2.550000000000000000e+02 4.509195889894419196e+01 6.123892345399698200e+01
2.550000000000000000e+02 4.515139517345399867e+01 6.121031297134238258e+01
2.550000000000000000e+02 4.514531485671191291e+01 6.124495663650075272e+01
2.550000000000000000e+02 4.519829374057314908e+01 6.129171380090497934e+01
